0.922301
0.921376
0.920454
0.919536
 0.91862
0.917707
0.916797
0.915891
0.914988
0.914087
0.913191
0.912297
0.911406
0.910519
0.909635
0.908755
0.907878
0.907004
0.906133
0.905266
0.904403
0.903543
0.902686
0.901833
0.900983
0.900137
0.899295
0.898456
0.897621
0.896789
0.895961
0.895137
0.894316
  0.8935
0.892687
0.891878
0.891073
0.890271
0.889474
 0.88868
0.887891
0.887105
0.886324
0.885547
0.884773
0.884004
0.883239
0.882478
0.881722
 0.88097
0.880222
0.879478
0.878739
0.878004
0.877274
0.876548
0.875827
 0.87511
0.874398
0.873691
0.872988
0.872291
0.871598
 0.87091
0.870227
0.869549
0.868876
0.868208
0.867545
0.866887
0.866235
0.865588
0.864947
0.864311
0.863681
0.863056
0.862437
0.861824
0.861217
0.860616
0.860021
0.859432
 0.85885
0.858274
0.857704
0.857141
0.856585
0.856036
0.855494
 0.85496
0.854433
0.853913
0.853402
0.852899
0.852404
0.851917
 0.85144
0.850972
0.850514
0.850066
 0.84963
0.849204
0.848791
0.848392
0.848007
0.847638
0.847287
0.846953
0.846632
0.846315
0.845994
0.845664
0.845323
0.844969
0.844602
0.844221
0.843827
0.843417
0.842993
0.842554
  0.8421
0.841631
0.841147
0.840647
0.840133
0.839603
0.839058
0.838498
0.837923
0.837333
0.836729
0.836109
0.835476
0.834828
0.834165
0.833488
0.832797
0.832092
0.831374
0.830641
0.829894
0.829134
 0.82836
0.827573
0.826772
0.825958
0.825131
0.824291
0.823437
0.822571
0.821691
0.820799
0.819893
0.818975
0.818044
0.817101
0.816145
0.815176
0.814195
0.813201
0.812194
0.811176
0.810144
0.809101
0.808045
0.806977
0.805896
0.804803
0.803698
 0.80258
0.801451
0.800309
0.799154
0.797988
0.796809
0.795618
0.794414
0.793199
0.791971
 0.79073
0.789478
0.788213
0.786935
0.785646
0.784343
0.783028
0.781701
0.780361
0.779009
0.777644
0.776266
0.774876
0.773472
0.772056
0.770627
0.769185
 0.76773
0.766261
 0.76478
0.763285
0.761777
0.760256
 0.75872
0.757172
0.755609
0.754033
0.752443
0.750839
0.749221
0.747588
0.745941
 0.74428
0.742604
0.740913
0.739207
0.737486
 0.73575
0.733999
0.732232
0.730449
0.728651
0.726837
0.725006
0.723159
0.721295
0.719415
0.717517
0.715602
 0.71367
 0.71172
0.709752
0.707765
0.705761
0.703737
0.701694
0.699632
0.697551
0.695449
0.693327
0.691184
 0.68902
0.686835
0.684628
0.682399
0.680147
0.677872
0.675574
0.673251
0.670904
0.668532
0.666134
 0.66371
0.661259
 0.65878
0.656274
0.653738
0.651173
0.648578
0.645951
0.643292
  0.6406
0.637875
0.635114
0.632317
0.629482
0.626609
0.623697
0.620743
0.617746
0.614704
0.611616
0.608481
0.605294
0.602056
0.598763
0.595412
0.592001
0.588526
0.584985
0.581372
0.577685
0.573918
0.570065
0.566121
0.562079
 0.55793
0.553666
0.549276
0.544747
0.540063
0.535207
0.530154
0.524876
0.519334
0.513476
0.507229
 0.50048
0.493046
0.484569
0.474121
