-3.000000000000000000e+00 1.863020442799032288e-15
-2.994000000000000217e+00 1.974753573335788011e-15
-2.987999999999999989e+00 2.092943743760582531e-15
-2.982000000000000206e+00 2.217949025250595331e-15
-2.975999999999999979e+00 2.350146442533900101e-15
-2.970000000000000195e+00 2.489932924845312737e-15
-2.963999999999999968e+00 2.637726301672173156e-15
-2.958000000000000185e+00 2.793966345242058997e-15
-2.951999999999999957e+00 2.959115861781936803e-15
-2.946000000000000174e+00 3.133661833657433472e-15
-2.939999999999999947e+00 3.318116614583610208e-15
-2.934000000000000163e+00 3.513019180183381158e-15
-2.927999999999999936e+00 3.718936436257779835e-15
-2.922000000000000153e+00 3.936464587222994288e-15
-2.915999999999999925e+00 4.166230567263151764e-15
-2.910000000000000142e+00 4.408893536844034048e-15
-2.903999999999999915e+00 4.665146447334318635e-15
-2.898000000000000131e+00 4.935717676581854739e-15
-2.891999999999999904e+00 5.221372738402162414e-15
-2.886000000000000121e+00 5.522916069042682716e-15
-2.879999999999999893e+00 5.841192893802737159e-15
-2.874000000000000110e+00 6.177091177104227441e-15
-2.867999999999999883e+00 6.531543659428600988e-15
-2.862000000000000099e+00 6.905529984661149551e-15
-2.855999999999999872e+00 7.300078921509590542e-15
-2.850000000000000089e+00 7.716270682797251987e-15
-2.843999999999999861e+00 8.155239346566186775e-15
-2.838000000000000078e+00 8.618175383064733287e-15
-2.831999999999999851e+00 9.106328291838759153e-15
-2.826000000000000068e+00 9.621009353292458343e-15
-2.819999999999999840e+00 1.016359449923834920e-14
-2.814000000000000057e+00 1.073552730710969492e-14
-2.807999999999999829e+00 1.133832212267343030e-14
-2.802000000000000046e+00 1.197356731624153682e-14
-2.795999999999999819e+00 1.264292867755450118e-14
-2.790000000000000036e+00 1.334815295467890682e-14
-2.783999999999999808e+00 1.409107154244557386e-14
-2.778000000000000025e+00 1.487360432613378654e-14
-2.771999999999999797e+00 1.569776368629866052e-14
-2.766000000000000014e+00 1.656565867083058189e-14
-2.759999999999999787e+00 1.747949934053515087e-14
-2.754000000000000004e+00 1.844160129472303833e-14
-2.748000000000000220e+00 1.945439038351133359e-14
-2.741999999999999993e+00 2.052040761374606824e-14
-2.735999999999999766e+00 2.164231425567938955e-14
-2.729999999999999982e+00 2.282289715775576633e-14
-2.724000000000000199e+00 2.406507427709046523e-14
-2.717999999999999972e+00 2.537190043345931627e-14
-2.711999999999999744e+00 2.674657329485588346e-14
-2.705999999999999961e+00 2.819243960292213673e-14
-2.700000000000000178e+00 2.971300164680094296e-14
-2.693999999999999950e+00 3.131192399422333120e-14
-2.688000000000000167e+00 3.299304048889784150e-14
-2.681999999999999940e+00 3.476036152353891797e-14
-2.676000000000000156e+00 3.661808159814256480e-14
-2.669999999999999929e+00 3.857058717339627968e-14
-2.664000000000000146e+00 4.062246482939000949e-14
-2.657999999999999918e+00 4.277850974008668818e-14
-2.652000000000000135e+00 4.504373447430015135e-14
-2.645999999999999908e+00 4.742337813423538536e-14
-2.640000000000000124e+00 4.992291584293841441e-14
-2.633999999999999897e+00 5.254806859232492751e-14
-2.628000000000000114e+00 5.530481346376170809e-14
-2.621999999999999886e+00 5.819939423350276731e-14
-2.616000000000000103e+00 6.123833237560329325e-14
-2.609999999999999876e+00 6.442843847526102859e-14
-2.604000000000000092e+00 6.777682406588096121e-14
-2.597999999999999865e+00 7.129091390348448807e-14
-2.592000000000000082e+00 7.497845869244323258e-14
-2.585999999999999854e+00 7.884754827685503817e-14
-2.580000000000000071e+00 8.290662531224004984e-14
-2.573999999999999844e+00 8.716449943258988436e-14
-2.568000000000000060e+00 9.163036192816850427e-14
-2.561999999999999833e+00 9.631380094982727169e-14
-2.556000000000000050e+00 1.012248172559529073e-13
-2.549999999999999822e+00 1.063738405185819705e-13
-2.544000000000000039e+00 1.117717462055262493e-13
-2.537999999999999812e+00 1.174298730558081622e-13
-2.532000000000000028e+00 1.233600411660174591e-13
-2.525999999999999801e+00 1.295745707056460962e-13
-2.520000000000000018e+00 1.360863012797907191e-13
-2.514000000000000234e+00 1.429086119580605610e-13
-2.508000000000000007e+00 1.500554419888606721e-13
-2.501999999999999780e+00 1.575413122186485082e-13
-2.495999999999999996e+00 1.653813472361610637e-13
-2.490000000000000213e+00 1.735912982619746497e-13
-2.483999999999999986e+00 1.821875668041723048e-13
-2.477999999999999758e+00 1.911872291012884064e-13
-2.471999999999999975e+00 2.006080613740937497e-13
-2.466000000000000192e+00 2.104685659081693498e-13
-2.459999999999999964e+00 2.207879979896107960e-13
-2.453999999999999737e+00 2.315863937165922471e-13
-2.447999999999999954e+00 2.428845987099332777e-13
-2.442000000000000171e+00 2.547042977461366709e-13
-2.435999999999999943e+00 2.670680453368091080e-13
-2.429999999999999716e+00 2.799992972786899040e-13
-2.423999999999999932e+00 2.935224431989538162e-13
-2.418000000000000149e+00 3.076628401207632372e-13
-2.411999999999999922e+00 3.224468470744082361e-13
-2.406000000000000139e+00 3.379018607797499000e-13
-2.399999999999999911e+00 3.540563524260511363e-13
-2.394000000000000128e+00 3.709399055754926534e-13
-2.387999999999999901e+00 3.885832552171950380e-13
-2.382000000000000117e+00 4.070183279986812412e-13
-2.375999999999999890e+00 4.262782836621844745e-13
-2.370000000000000107e+00 4.463975577133884247e-13
-2.363999999999999879e+00 4.674119053505468183e-13
-2.358000000000000096e+00 4.893584466821326812e-13
-2.351999999999999869e+00 5.122757132615065544e-13
-2.346000000000000085e+00 5.362036959672203613e-13
-2.339999999999999858e+00 5.611838942579271289e-13
-2.334000000000000075e+00 5.872593668309572387e-13
-2.327999999999999847e+00 6.144747837139027961e-13
-2.322000000000000064e+00 6.428764798186381372e-13
-2.315999999999999837e+00 6.725125099874663195e-13
-2.310000000000000053e+00 7.034327055610394399e-13
-2.303999999999999826e+00 7.356887324980520097e-13
-2.298000000000000043e+00 7.693341510764779121e-13
-2.291999999999999815e+00 8.044244772065087044e-13
-2.286000000000000032e+00 8.410172453851235297e-13
-2.280000000000000249e+00 8.791720733223323808e-13
-2.274000000000000021e+00 9.189507282691969611e-13
-2.267999999999999794e+00 9.604171950774036050e-13
-2.262000000000000011e+00 1.003637746020499167e-12
-2.256000000000000227e+00 1.048681012406311809e-12
-2.250000000000000000e+00 1.095618058010381727e-12
-2.243999999999999773e+00 1.144522454359600948e-12
-2.237999999999999989e+00 1.195470357895463740e-12
-2.232000000000000206e+00 1.248540589045750538e-12
-2.225999999999999979e+00 1.303814713233345059e-12
-2.219999999999999751e+00 1.361377123850385109e-12
-2.213999999999999968e+00 1.421315127225848374e-12
-2.208000000000000185e+00 1.483719029613882903e-12
-2.201999999999999957e+00 1.548682226230072594e-12
-2.195999999999999730e+00 1.616301292361949764e-12
-2.189999999999999947e+00 1.686676076579975953e-12
-2.184000000000000163e+00 1.759909796073981705e-12
-2.177999999999999936e+00 1.836109134140144869e-12
-2.171999999999999709e+00 1.915384339841990999e-12
-2.165999999999999925e+00 1.997849329868962425e-12
-2.160000000000000142e+00 2.083621792614833133e-12
-2.153999999999999915e+00 2.172823294497220467e-12
-2.148000000000000131e+00 2.265579388538995572e-12
-2.141999999999999904e+00 2.362019725230988479e-12
-2.136000000000000121e+00 2.462278165694363150e-12
-2.129999999999999893e+00 2.566492897160240854e-12
-2.124000000000000110e+00 2.674806550782345260e-12
-2.117999999999999883e+00 2.787366321797978159e-12
-2.112000000000000099e+00 2.904324092050387824e-12
-2.105999999999999872e+00 3.025836554885233769e-12
-2.100000000000000089e+00 3.152065342431282107e-12
-2.093999999999999861e+00 3.283177155275009649e-12
-2.088000000000000078e+00 3.419343894536162748e-12
-2.081999999999999851e+00 3.560742796350585799e-12
-2.076000000000000068e+00 3.707556568764048585e-12
-2.069999999999999840e+00 3.859973531039615799e-12
-2.064000000000000057e+00 4.018187755378611253e-12
-2.057999999999999829e+00 4.182399211053868954e-12
-2.052000000000000046e+00 4.352813910951204616e-12
-2.045999999999999819e+00 4.529644060513405797e-12
-2.040000000000000036e+00 4.713108209078710381e-12
-2.033999999999999808e+00 4.903431403602848811e-12
-2.028000000000000025e+00 5.100845344752466927e-12
-2.022000000000000242e+00 5.305588545354009414e-12
-2.016000000000000014e+00 5.517906491180406298e-12
-2.009999999999999787e+00 5.738051804054737581e-12
-2.004000000000000004e+00 5.966284407247682628e-12
-1.997999999999999998e+00 6.202871693142638366e-12
-1.991999999999999993e+00 6.448088693139004026e-12
-1.985999999999999988e+00 6.702218249761578407e-12
-1.979999999999999982e+00 6.965551190941117211e-12
-1.973999999999999977e+00 7.238386506427038886e-12
-1.967999999999999972e+00 7.521031526290783423e-12
-1.961999999999999966e+00 7.813802101474820307e-12
-1.955999999999999961e+00 8.117022786338025380e-12
-1.949999999999999956e+00 8.431027023145987114e-12
-1.943999999999999950e+00 8.756157328449842161e-12
-1.937999999999999945e+00 9.092765481294387706e-12
-1.931999999999999940e+00 9.441212713191499027e-12
-1.925999999999999934e+00 9.801869899792409633e-12
-1.919999999999999929e+00 1.017511775418639004e-11
-1.913999999999999924e+00 1.056134702175136924e-11
-1.907999999999999918e+00 1.096095867647601032e-11
-1.901999999999999913e+00 1.137436411867005365e-11
-1.895999999999999908e+00 1.180198537397460829e-11
-1.889999999999999902e+00 1.224425529357868928e-11
-1.883999999999999897e+00 1.270161775554682324e-11
-1.877999999999999892e+00 1.317452786715391925e-11
-1.871999999999999886e+00 1.366345216812234818e-11
-1.865999999999999881e+00 1.416886883464952725e-11
-1.859999999999999876e+00 1.469126788411042737e-11
-1.853999999999999870e+00 1.523115138031371634e-11
-1.847999999999999865e+00 1.578903363918620718e-11
-1.842000000000000082e+00 1.636544143475493309e-11
-1.836000000000000076e+00 1.696091420529046936e-11
-1.830000000000000071e+00 1.757600425947153897e-11
-1.824000000000000066e+00 1.821127698242361217e-11
-1.818000000000000060e+00 1.886731104148129552e-11
-1.812000000000000055e+00 1.954469859151779850e-11
-1.806000000000000050e+00 2.024404547967854260e-11
-1.800000000000000044e+00 2.096597144935309206e-11
-1.794000000000000039e+00 2.171111034321166291e-11
-1.788000000000000034e+00 2.248011030512937464e-11
-1.782000000000000028e+00 2.327363398081371850e-11
-1.776000000000000023e+00 2.409235871694660653e-11
-1.770000000000000018e+00 2.493697675864740870e-11
-1.764000000000000012e+00 2.580819544505557598e-11
-1.758000000000000007e+00 2.670673740282960501e-11
-1.752000000000000002e+00 2.763334073734948452e-11
-1.745999999999999996e+00 2.858875922140763720e-11
-1.739999999999999991e+00 2.957376248116660805e-11
-1.733999999999999986e+00 3.058913617915484831e-11
-1.727999999999999980e+00 3.163568219407103636e-11
-1.721999999999999975e+00 3.271421879715472653e-11
-1.715999999999999970e+00 3.382558082488502050e-11
-1.709999999999999964e+00 3.497061984775346530e-11
-1.703999999999999959e+00 3.615020433486220955e-11
-1.697999999999999954e+00 3.736521981408474284e-11
-1.691999999999999948e+00 3.861656902752727987e-11
-1.685999999999999943e+00 3.990517208202068907e-11
-1.679999999999999938e+00 4.123196659436997662e-11
-1.673999999999999932e+00 4.259790783108004583e-11
-1.667999999999999927e+00 4.400396884227828685e-11
-1.661999999999999922e+00 4.545114058954107147e-11
-1.655999999999999917e+00 4.694043206733376090e-11
-1.649999999999999911e+00 4.847287041776908463e-11
-1.643999999999999906e+00 5.004950103837687702e-11
-1.637999999999999901e+00 5.167138768258621061e-11
-1.631999999999999895e+00 5.333961255260521605e-11
-1.625999999999999890e+00 5.505527638438924269e-11
-1.619999999999999885e+00 5.681949852437649760e-11
-1.613999999999999879e+00 5.863341699767687322e-11
-1.607999999999999874e+00 6.049818856738255504e-11
-1.601999999999999869e+00 6.241498878468202881e-11
-1.595999999999999863e+00 6.438501202944226572e-11
-1.590000000000000080e+00 6.640947154092883392e-11
-1.584000000000000075e+00 6.848959943833318674e-11
-1.578000000000000069e+00 7.062664673076415145e-11
-1.572000000000000064e+00 7.282188331637056205e-11
-1.566000000000000059e+00 7.507659797025423768e-11
-1.560000000000000053e+00 7.739209832083016882e-11
-1.554000000000000048e+00 7.976971081429220822e-11
-1.548000000000000043e+00 8.221078066684574277e-11
-1.542000000000000037e+00 8.471667180435606616e-11
-1.536000000000000032e+00 8.728876678907381211e-11
-1.530000000000000027e+00 8.992846673309534457e-11
-1.524000000000000021e+00 9.263719119821128341e-11
-1.518000000000000016e+00 9.541637808180248364e-11
-1.512000000000000011e+00 9.826748348844372950e-11
-1.506000000000000005e+00 1.011919815868743837e-10
-1.500000000000000000e+00 1.041913644520006350e-10
-1.493999999999999995e+00 1.072671418915906908e-10
-1.487999999999999989e+00 1.104208412573334903e-10
-1.481999999999999984e+00 1.136540072399320176e-10
-1.475999999999999979e+00 1.169682016479011569e-10
-1.469999999999999973e+00 1.203650031697546623e-10
-1.463999999999999968e+00 1.238460071192553975e-10
-1.457999999999999963e+00 1.274128251634238231e-10
-1.451999999999999957e+00 1.310670850329931943e-10
-1.445999999999999952e+00 1.348104302150089277e-10
-1.439999999999999947e+00 1.386445196272760581e-10
-1.433999999999999941e+00 1.425710272743672370e-10
-1.427999999999999936e+00 1.465916418849070580e-10
-1.421999999999999931e+00 1.507080665298571561e-10
-1.415999999999999925e+00 1.549220182215382080e-10
-1.409999999999999920e+00 1.592352274931231294e-10
-1.403999999999999915e+00 1.636494379583606298e-10
-1.397999999999999909e+00 1.681664058512795230e-10
-1.391999999999999904e+00 1.727878995456489292e-10
-1.385999999999999899e+00 1.775156990539752960e-10
-1.379999999999999893e+00 1.823515955058132339e-10
-1.373999999999999888e+00 1.872973906052202090e-10
-1.367999999999999883e+00 1.923548960671315187e-10
-1.361999999999999877e+00 1.975259330325115714e-10
-1.355999999999999872e+00 2.028123314621118197e-10
-1.349999999999999867e+00 2.082159295086739955e-10
-1.343999999999999861e+00 2.137385728674647281e-10
-1.337999999999999856e+00 2.193821141050116014e-10
-1.332000000000000073e+00 2.251484119659320303e-10
-1.326000000000000068e+00 2.310393306577771238e-10
-1.320000000000000062e+00 2.370567391138004242e-10
-1.314000000000000057e+00 2.432025102336134463e-10
-1.308000000000000052e+00 2.494785201016719481e-10
-1.302000000000000046e+00 2.558866471835739875e-10
-1.296000000000000041e+00 2.624287715001677210e-10
-1.290000000000000036e+00 2.691067737794730549e-10
-1.284000000000000030e+00 2.759225345864660827e-10
-1.278000000000000025e+00 2.828779334307510201e-10
-1.272000000000000020e+00 2.899748478522038548e-10
-1.266000000000000014e+00 2.972151524846946760e-10
-1.260000000000000009e+00 3.046007180979493267e-10
-1.254000000000000004e+00 3.121334106177420775e-10
-1.247999999999999998e+00 3.198150901245236496e-10
-1.241999999999999993e+00 3.276476098306874030e-10
-1.235999999999999988e+00 3.356328150366522550e-10
-1.229999999999999982e+00 3.437725420659843780e-10
-1.223999999999999977e+00 3.520686171798166852e-10
-1.217999999999999972e+00 3.605228554707953900e-10
-1.211999999999999966e+00 3.691370597368681735e-10
-1.205999999999999961e+00 3.779130193352198625e-10
-1.199999999999999956e+00 3.868525090166776491e-10
-1.193999999999999950e+00 3.959572877409601519e-10
-1.187999999999999945e+00 4.052290974731362936e-10
-1.181999999999999940e+00 4.146696619617317813e-10
-1.175999999999999934e+00 4.242806854988724808e-10
-1.169999999999999929e+00 4.340638516629583565e-10
-1.163999999999999924e+00 4.440208220443305265e-10
-1.157999999999999918e+00 4.541532349544604147e-10
-1.151999999999999913e+00 4.644627041191545674e-10
-1.145999999999999908e+00 4.749508173563804258e-10
-1.139999999999999902e+00 4.856191352392634371e-10
-1.133999999999999897e+00 4.964691897448848362e-10
-1.127999999999999892e+00 5.075024828895048752e-10
-1.121999999999999886e+00 5.187204853508621327e-10
-1.115999999999999881e+00 5.301246350782696850e-10
-1.109999999999999876e+00 5.417163358911767609e-10
-1.103999999999999870e+00 5.534969560669701213e-10
-1.097999999999999865e+00 5.654678269187369810e-10
-1.091999999999999860e+00 5.776302413638248233e-10
-1.085999999999999854e+00 5.899854524839711056e-10
-1.080000000000000071e+00 6.025346720778375871e-10
-1.074000000000000066e+00 6.152790692068627939e-10
-1.068000000000000060e+00 6.282197687352188580e-10
-1.062000000000000055e+00 6.413578498649148745e-10
-1.056000000000000050e+00 6.546943446668212239e-10
-1.050000000000000044e+00 6.682302366087163543e-10
-1.044000000000000039e+00 6.819664590812372815e-10
-1.038000000000000034e+00 6.959038939227655076e-10
-1.032000000000000028e+00 7.100433699442574148e-10
-1.026000000000000023e+00 7.243856614551056368e-10
-1.020000000000000018e+00 7.389314867909997256e-10
-1.014000000000000012e+00 7.536815068449891444e-10
-1.008000000000000007e+00 7.686363236027279692e-10
-1.002000000000000002e+00 7.837964786831161161e-10
-9.959999999999999964e-01 7.991624518854339372e-10
-9.899999999999997691e-01 8.147346597441145878e-10
-9.839999999999999858e-01 8.305134540923661927e-10
-9.779999999999997584e-01 8.464991206357690869e-10
-9.719999999999999751e-01 8.626918775371451499e-10
-9.659999999999997478e-01 8.790918740137975223e-10
-9.599999999999999645e-01 8.956991889484495713e-10
-9.539999999999997371e-01 9.125138295151006102e-10
-9.479999999999999538e-01 9.295357298209885834e-10
-9.420000000000001705e-01 9.467647495660308694e-10
-9.359999999999999432e-01 9.642006727209292784e-10
-9.300000000000001599e-01 9.818432062252464975e-10
-9.239999999999999325e-01 9.996919787067947419e-10
-9.180000000000001492e-01 1.017746539223538607e-09
-9.119999999999999218e-01 1.036006356029365494e-09
-9.060000000000001386e-01 1.054470815365091663e-09
-8.999999999999999112e-01 1.073139220275834043e-09
-8.940000000000001279e-01 1.092010789456268582e-09
-8.879999999999999005e-01 1.111084656124948891e-09
-8.820000000000001172e-01 1.130359866928986151e-09
-8.759999999999998899e-01 1.149835380880557469e-09
-8.700000000000001066e-01 1.169510068326285777e-09
-8.639999999999998792e-01 1.189382709951075738e-09
-8.580000000000000959e-01 1.209451995817468779e-09
-8.519999999999998685e-01 1.229716524441937531e-09
-8.460000000000000853e-01 1.250174801909346799e-09
-8.399999999999998579e-01 1.270825241026881179e-09
-8.340000000000000746e-01 1.291666160518651553e-09
-8.279999999999998472e-01 1.312695784262242126e-09
-8.220000000000000639e-01 1.333912240568522733e-09
-8.159999999999998366e-01 1.355313561505717783e-09
-8.100000000000000533e-01 1.376897682269201138e-09
-8.039999999999998259e-01 1.398662440598010347e-09
-7.980000000000000426e-01 1.420605576239297456e-09
-7.919999999999998153e-01 1.442724730461886421e-09
-7.860000000000000320e-01 1.465017445619987860e-09
-7.799999999999998046e-01 1.487481164768281932e-09
-7.740000000000000213e-01 1.510113231329313144e-09
-7.679999999999997939e-01 1.532910888814254446e-09
-7.620000000000000107e-01 1.555871280598215199e-09
-7.559999999999997833e-01 1.578991449750847813e-09
-7.500000000000000000e-01 1.602268338923366052e-09
-7.439999999999997726e-01 1.625698790292870810e-09
-7.379999999999999893e-01 1.649279545564824829e-09
-7.319999999999997620e-01 1.673007246034553372e-09
-7.259999999999999787e-01 1.696878432708677644e-09
-7.199999999999997513e-01 1.720889546487102182e-09
-7.139999999999999680e-01 1.745036928406404473e-09
-7.079999999999997407e-01 1.769316819945359909e-09
-7.019999999999999574e-01 1.793725363393184185e-09
-6.959999999999997300e-01 1.818258602281106725e-09
-6.899999999999999467e-01 1.842912481878005099e-09
-6.840000000000001634e-01 1.867682849750384586e-09
-6.779999999999999361e-01 1.892565456387448993e-09
-6.720000000000001528e-01 1.917555955891499713e-09
-6.659999999999999254e-01 1.942649906734204004e-09
-6.600000000000001421e-01 1.967842772578930189e-09
-6.539999999999999147e-01 1.993129923169623115e-09
-6.480000000000001315e-01 2.018506635286280483e-09
-6.419999999999999041e-01 2.043968093767370417e-09
-6.360000000000001208e-01 2.069509392599222128e-09
-6.299999999999998934e-01 2.095125536072541454e-09
-6.240000000000001101e-01 2.120811440006052940e-09
-6.179999999999998828e-01 2.146561933037286228e-09
-6.120000000000000995e-01 2.172371757980351265e-09
-6.059999999999998721e-01 2.198235573250645236e-09
-6.000000000000000888e-01 2.224147954356259620e-09
-5.939999999999998614e-01 2.250103395455870239e-09
-5.880000000000000782e-01 2.276096310982782727e-09
-5.819999999999998508e-01 2.302121037334708249e-09
-5.760000000000000675e-01 2.328171834629069302e-09
-5.699999999999998401e-01 2.354242888522986071e-09
-5.640000000000000568e-01 2.380328312097811829e-09
-5.579999999999998295e-01 2.406422147807375716e-09
-5.520000000000000462e-01 2.432518369489196295e-09
-5.459999999999998188e-01 2.458610884438316410e-09
-5.400000000000000355e-01 2.484693535542514013e-09
-5.339999999999998082e-01 2.510760103478514665e-09
-5.280000000000000249e-01 2.536804308967845414e-09
-5.219999999999997975e-01 2.562819815091888340e-09
-5.160000000000000142e-01 2.588800229664610506e-09
-5.099999999999997868e-01 2.614739107662375983e-09
-5.040000000000000036e-01 2.640629953709281554e-09
-4.979999999999997762e-01 2.666466224617214553e-09
-4.919999999999999929e-01 2.692241331979112882e-09
-4.859999999999997655e-01 2.717948644814283239e-09
-4.799999999999999822e-01 2.743581492264361401e-09
-4.739999999999997549e-01 2.769133166338608876e-09
-4.679999999999999716e-01 2.794596924706866732e-09
-4.619999999999997442e-01 2.819965993538910950e-09
-4.559999999999999609e-01 2.845233570388521861e-09
-4.499999999999997335e-01 2.870392827120607907e-09
-4.439999999999999503e-01 2.895436912879797218e-09
-4.380000000000001670e-01 2.920358957098795476e-09
-4.319999999999999396e-01 2.945152072544630311e-09
-4.260000000000001563e-01 2.969809358401147709e-09
-4.199999999999999289e-01 2.994323903385673468e-09
-4.140000000000001457e-01 3.018688788898288308e-09
-4.079999999999999183e-01 3.042897092201278540e-09
-4.020000000000001350e-01 3.066941889627386672e-09
-3.959999999999999076e-01 3.090816259814224923e-09
-3.900000000000001243e-01 3.114513286963347392e-09
-3.839999999999998970e-01 3.138026064121386450e-09
-3.780000000000001137e-01 3.161347696481562178e-09
-3.719999999999998863e-01 3.184471304703060139e-09
-3.660000000000001030e-01 3.207390028246333627e-09
-3.599999999999998757e-01 3.230097028721869931e-09
-3.540000000000000924e-01 3.252585493250400224e-09
-3.479999999999998650e-01 3.274848637832141448e-09
-3.420000000000000817e-01 3.296879710722790878e-09
-3.359999999999998543e-01 3.318671995813929151e-09
-3.300000000000000711e-01 3.340218816015545422e-09
-3.239999999999998437e-01 3.361513536638337947e-09
-3.180000000000000604e-01 3.382549568773246913e-09
-3.119999999999998330e-01 3.403320372666105668e-09
-3.060000000000000497e-01 3.423819461084794790e-09
-2.999999999999998224e-01 3.444040402676482824e-09
-2.940000000000000391e-01 3.463976825312759147e-09
-2.879999999999998117e-01 3.483622419419954524e-09
-2.820000000000000284e-01 3.502970941292477153e-09
-2.759999999999998010e-01 3.522016216386462236e-09
-2.700000000000000178e-01 3.540752142591717146e-09
-2.639999999999997904e-01 3.559172693479035644e-09
-2.580000000000000071e-01 3.577271921520906661e-09
-2.519999999999997797e-01 3.595043961283082330e-09
-2.459999999999999964e-01 3.612483032584383108e-09
-2.399999999999997691e-01 3.629583443622799013e-09
-2.339999999999999858e-01 3.646339594065070840e-09
-2.279999999999997584e-01 3.662745978097813678e-09
-2.219999999999999751e-01 3.678797187437583729e-09
-2.159999999999997478e-01 3.694487914297598389e-09
-2.099999999999999645e-01 3.709812954309145850e-09
-2.039999999999997371e-01 3.724767209394909866e-09
-1.979999999999999538e-01 3.739345690592551605e-09
-1.919999999999997264e-01 3.753543520825923103e-09
-1.859999999999999432e-01 3.767355937621999063e-09
-1.800000000000001599e-01 3.780778295771392038e-09
-1.739999999999999325e-01 3.793806069930161783e-09
-1.680000000000001492e-01 3.806434857161305350e-09
-1.619999999999999218e-01 3.818660379413377325e-09
-1.560000000000001386e-01 3.830478485934757896e-09
-1.499999999999999112e-01 3.841885155621510717e-09
-1.440000000000001279e-01 3.852876499296809788e-09
-1.379999999999999005e-01 3.863448761920308260e-09
-1.320000000000001172e-01 3.873598324725685637e-09
-1.259999999999998899e-01 3.883321707284673506e-09
-1.200000000000001066e-01 3.892615569495740834e-09
-1.139999999999998792e-01 3.901476713496010285e-09
-1.080000000000000959e-01 3.909902085494929866e-09
-1.019999999999998685e-01 3.917888777528134879e-09
-9.600000000000008527e-02 3.925434029129867333e-09
-8.999999999999985789e-02 3.932535228923149600e-09
-8.400000000000007461e-02 3.939189916125947140e-09
-7.799999999999984723e-02 3.945395781972208542e-09
-7.200000000000006395e-02 3.951150671046874650e-09
-6.599999999999983658e-02 3.956452582533427400e-09
-6.000000000000005329e-02 3.961299671373269473e-09
-5.399999999999982592e-02 3.965690249335755211e-09
-4.800000000000004263e-02 3.969622785998173824e-09
-4.199999999999981526e-02 3.973095909634792356e-09
-3.600000000000003197e-02 3.976108408014331416e-09
-2.999999999999980460e-02 3.978659229105055586e-09
-2.400000000000002132e-02 3.980747481687143503e-09
-1.799999999999979394e-02 3.982372435871531929e-09
-1.200000000000001066e-02 3.983533523525173448e-09
-5.999999999999783284e-03 3.984230338602079931e-09
0.000000000000000000e+00 3.984462637379899500e-09
6.000000000000227374e-03 3.984230338602079931e-09
1.200000000000001066e-02 3.983533523525173448e-09
1.800000000000023803e-02 3.982372435871531929e-09
2.400000000000002132e-02 3.980747481687143503e-09
3.000000000000024869e-02 3.978659229105055586e-09
3.600000000000003197e-02 3.976108408014331416e-09
4.200000000000025935e-02 3.973095909634792356e-09
4.800000000000004263e-02 3.969622785998173824e-09
5.400000000000027001e-02 3.965690249335755211e-09
6.000000000000005329e-02 3.961299671373269473e-09
6.600000000000028066e-02 3.956452582533427400e-09
7.200000000000006395e-02 3.951150671046874650e-09
7.799999999999984723e-02 3.945395781972208542e-09
8.400000000000007461e-02 3.939189916125947140e-09
8.999999999999985789e-02 3.932535228923149600e-09
9.600000000000008527e-02 3.925434029129867333e-09
1.019999999999998685e-01 3.917888777528134879e-09
1.080000000000000959e-01 3.909902085494929866e-09
1.139999999999998792e-01 3.901476713496010285e-09
1.200000000000001066e-01 3.892615569495740834e-09
1.259999999999998899e-01 3.883321707284673506e-09
1.320000000000001172e-01 3.873598324725685637e-09
1.379999999999999005e-01 3.863448761920308260e-09
1.440000000000001279e-01 3.852876499296809788e-09
1.499999999999999112e-01 3.841885155621510717e-09
1.560000000000001386e-01 3.830478485934757896e-09
1.619999999999999218e-01 3.818660379413377325e-09
1.680000000000001492e-01 3.806434857161305350e-09
1.739999999999999325e-01 3.793806069930161783e-09
1.800000000000001599e-01 3.780778295771392038e-09
1.859999999999999432e-01 3.767355937621999063e-09
1.920000000000001705e-01 3.753543520825923103e-09
1.979999999999999538e-01 3.739345690592551605e-09
2.040000000000001812e-01 3.724767209394909866e-09
2.099999999999999645e-01 3.709812954309145850e-09
2.160000000000001918e-01 3.694487914297598389e-09
2.219999999999999751e-01 3.678797187437583729e-09
2.280000000000002025e-01 3.662745978097813678e-09
2.339999999999999858e-01 3.646339594065070840e-09
2.400000000000002132e-01 3.629583443622786191e-09
2.459999999999999964e-01 3.612483032584383108e-09
2.520000000000002238e-01 3.595043961283082330e-09
2.580000000000000071e-01 3.577271921520906661e-09
2.640000000000002345e-01 3.559172693479022822e-09
2.700000000000000178e-01 3.540752142591717146e-09
2.760000000000002451e-01 3.522016216386462236e-09
2.820000000000000284e-01 3.502970941292477153e-09
2.880000000000002558e-01 3.483622419419954524e-09
2.940000000000000391e-01 3.463976825312759147e-09
3.000000000000002665e-01 3.444040402676482824e-09
3.060000000000000497e-01 3.423819461084794790e-09
3.120000000000002771e-01 3.403320372666105668e-09
3.180000000000000604e-01 3.382549568773246913e-09
3.240000000000002878e-01 3.361513536638337947e-09
3.300000000000000711e-01 3.340218816015545422e-09
3.359999999999998543e-01 3.318671995813929151e-09
3.420000000000000817e-01 3.296879710722790878e-09
3.479999999999998650e-01 3.274848637832141448e-09
3.540000000000000924e-01 3.252585493250400224e-09
3.599999999999998757e-01 3.230097028721869931e-09
3.660000000000001030e-01 3.207390028246333627e-09
3.719999999999998863e-01 3.184471304703060139e-09
3.780000000000001137e-01 3.161347696481562178e-09
3.839999999999998970e-01 3.138026064121386450e-09
3.900000000000001243e-01 3.114513286963347392e-09
3.959999999999999076e-01 3.090816259814224923e-09
4.020000000000001350e-01 3.066941889627386672e-09
4.079999999999999183e-01 3.042897092201278540e-09
4.140000000000001457e-01 3.018688788898288308e-09
4.199999999999999289e-01 2.994323903385673468e-09
4.260000000000001563e-01 2.969809358401147709e-09
4.319999999999999396e-01 2.945152072544630311e-09
4.380000000000001670e-01 2.920358957098795476e-09
4.439999999999999503e-01 2.895436912879797218e-09
4.500000000000001776e-01 2.870392827120607907e-09
4.559999999999999609e-01 2.845233570388521861e-09
4.620000000000001883e-01 2.819965993538910950e-09
4.679999999999999716e-01 2.794596924706866732e-09
4.740000000000001990e-01 2.769133166338608876e-09
4.799999999999999822e-01 2.743581492264361401e-09
4.860000000000002096e-01 2.717948644814273726e-09
4.919999999999999929e-01 2.692241331979112882e-09
4.980000000000002203e-01 2.666466224617214553e-09
5.040000000000000036e-01 2.640629953709281554e-09
5.100000000000002309e-01 2.614739107662375983e-09
5.160000000000000142e-01 2.588800229664610506e-09
5.220000000000002416e-01 2.562819815091879241e-09
5.280000000000000249e-01 2.536804308967845414e-09
5.340000000000002522e-01 2.510760103478505979e-09
5.400000000000000355e-01 2.484693535542514013e-09
5.460000000000002629e-01 2.458610884438316410e-09
5.520000000000000462e-01 2.432518369489196295e-09
5.580000000000002736e-01 2.406422147807375716e-09
5.640000000000000568e-01 2.380328312097811829e-09
5.700000000000002842e-01 2.354242888522977799e-09
5.760000000000000675e-01 2.328171834629069302e-09
5.820000000000002949e-01 2.302121037334708249e-09
5.880000000000000782e-01 2.276096310982782727e-09
5.939999999999998614e-01 2.250103395455870239e-09
6.000000000000000888e-01 2.224147954356259620e-09
6.059999999999998721e-01 2.198235573250645236e-09
6.120000000000000995e-01 2.172371757980351265e-09
6.179999999999998828e-01 2.146561933037286228e-09
6.240000000000001101e-01 2.120811440006052940e-09
6.299999999999998934e-01 2.095125536072541454e-09
6.360000000000001208e-01 2.069509392599222128e-09
6.419999999999999041e-01 2.043968093767370417e-09
6.480000000000001315e-01 2.018506635286280483e-09
6.539999999999999147e-01 1.993129923169623115e-09
6.600000000000001421e-01 1.967842772578930189e-09
6.659999999999999254e-01 1.942649906734204004e-09
6.720000000000001528e-01 1.917555955891499713e-09
6.779999999999999361e-01 1.892565456387448993e-09
6.840000000000001634e-01 1.867682849750384586e-09
6.899999999999999467e-01 1.842912481878005099e-09
6.960000000000001741e-01 1.818258602281106725e-09
7.019999999999999574e-01 1.793725363393184185e-09
7.080000000000001847e-01 1.769316819945359909e-09
7.139999999999999680e-01 1.745036928406404473e-09
7.200000000000001954e-01 1.720889546487102182e-09
7.259999999999999787e-01 1.696878432708677644e-09
7.320000000000002061e-01 1.673007246034553372e-09
7.379999999999999893e-01 1.649279545564824829e-09
7.440000000000002167e-01 1.625698790292870810e-09
7.500000000000000000e-01 1.602268338923366052e-09
7.560000000000002274e-01 1.578991449750847813e-09
7.620000000000000107e-01 1.555871280598215199e-09
7.680000000000002380e-01 1.532910888814249070e-09
7.740000000000000213e-01 1.510113231329313144e-09
7.800000000000002487e-01 1.487481164768281932e-09
7.860000000000000320e-01 1.465017445619987860e-09
7.920000000000002593e-01 1.442724730461881251e-09
7.980000000000000426e-01 1.420605576239297456e-09
8.040000000000002700e-01 1.398662440598010347e-09
8.100000000000000533e-01 1.376897682269201138e-09
8.160000000000002807e-01 1.355313561505713027e-09
8.220000000000000639e-01 1.333912240568522733e-09
8.280000000000002913e-01 1.312695784262242126e-09
8.340000000000000746e-01 1.291666160518651553e-09
8.399999999999998579e-01 1.270825241026881179e-09
8.460000000000000853e-01 1.250174801909346799e-09
8.519999999999998685e-01 1.229716524441937531e-09
8.580000000000000959e-01 1.209451995817468779e-09
8.639999999999998792e-01 1.189382709951075738e-09
8.700000000000001066e-01 1.169510068326285777e-09
8.759999999999998899e-01 1.149835380880557469e-09
8.820000000000001172e-01 1.130359866928986151e-09
8.879999999999999005e-01 1.111084656124948891e-09
8.940000000000001279e-01 1.092010789456268582e-09
8.999999999999999112e-01 1.073139220275834043e-09
9.060000000000001386e-01 1.054470815365091663e-09
9.119999999999999218e-01 1.036006356029365494e-09
9.180000000000001492e-01 1.017746539223538607e-09
9.239999999999999325e-01 9.996919787067947419e-10
9.300000000000001599e-01 9.818432062252464975e-10
9.359999999999999432e-01 9.642006727209292784e-10
9.420000000000001705e-01 9.467647495660308694e-10
9.479999999999999538e-01 9.295357298209885834e-10
9.540000000000001812e-01 9.125138295151006102e-10
9.599999999999999645e-01 8.956991889484495713e-10
9.660000000000001918e-01 8.790918740137944204e-10
9.719999999999999751e-01 8.626918775371451499e-10
9.780000000000002025e-01 8.464991206357690869e-10
9.839999999999999858e-01 8.305134540923661927e-10
9.900000000000002132e-01 8.147346597441145878e-10
9.959999999999999964e-01 7.991624518854339372e-10
1.001999999999999780e+00 7.837964786831161161e-10
1.008000000000000007e+00 7.686363236027279692e-10
1.014000000000000234e+00 7.536815068449891444e-10
1.020000000000000462e+00 7.389314867909997256e-10
1.025999999999999801e+00 7.243856614551056368e-10
1.032000000000000028e+00 7.100433699442574148e-10
1.038000000000000256e+00 6.959038939227629226e-10
1.044000000000000483e+00 6.819664590812372815e-10
1.049999999999999822e+00 6.682302366087163543e-10
1.056000000000000050e+00 6.546943446668212239e-10
1.062000000000000277e+00 6.413578498649148745e-10
1.068000000000000504e+00 6.282197687352188580e-10
1.073999999999999844e+00 6.152790692068627939e-10
1.080000000000000071e+00 6.025346720778375871e-10
1.086000000000000298e+00 5.899854524839690377e-10
1.092000000000000526e+00 5.776302413638248233e-10
1.097999999999999865e+00 5.654678269187369810e-10
1.104000000000000092e+00 5.534969560669701213e-10
1.110000000000000320e+00 5.417163358911767609e-10
1.115999999999999659e+00 5.301246350782696850e-10
1.121999999999999886e+00 5.187204853508621327e-10
1.128000000000000114e+00 5.075024828895048752e-10
1.134000000000000341e+00 4.964691897448848362e-10
1.139999999999999680e+00 4.856191352392634371e-10
1.145999999999999908e+00 4.749508173563804258e-10
1.152000000000000135e+00 4.644627041191545674e-10
1.158000000000000362e+00 4.541532349544604147e-10
1.163999999999999702e+00 4.440208220443320258e-10
1.169999999999999929e+00 4.340638516629583565e-10
1.176000000000000156e+00 4.242806854988724808e-10
1.182000000000000384e+00 4.146696619617317813e-10
1.187999999999999723e+00 4.052290974731362936e-10
1.193999999999999950e+00 3.959572877409601519e-10
1.200000000000000178e+00 3.868525090166776491e-10
1.206000000000000405e+00 3.779130193352198625e-10
1.211999999999999744e+00 3.691370597368694660e-10
1.217999999999999972e+00 3.605228554707953900e-10
1.224000000000000199e+00 3.520686171798166852e-10
1.230000000000000426e+00 3.437725420659843780e-10
1.235999999999999766e+00 3.356328150366522550e-10
1.241999999999999993e+00 3.276476098306874030e-10
1.248000000000000220e+00 3.198150901245236496e-10
1.254000000000000448e+00 3.121334106177420775e-10
1.259999999999999787e+00 3.046007180979493267e-10
1.266000000000000014e+00 2.972151524846946760e-10
1.272000000000000242e+00 2.899748478522038548e-10
1.278000000000000469e+00 2.828779334307490555e-10
1.283999999999999808e+00 2.759225345864660827e-10
1.290000000000000036e+00 2.691067737794730549e-10
1.296000000000000263e+00 2.624287715001667904e-10
1.302000000000000490e+00 2.558866471835739875e-10
1.307999999999999829e+00 2.494785201016737575e-10
1.314000000000000057e+00 2.432025102336134463e-10
1.320000000000000284e+00 2.370567391137995454e-10
1.326000000000000512e+00 2.310393306577754953e-10
1.331999999999999851e+00 2.251484119659320303e-10
1.338000000000000078e+00 2.193821141050116014e-10
1.344000000000000306e+00 2.137385728674639785e-10
1.350000000000000533e+00 2.082159295086732458e-10
1.355999999999999872e+00 2.028123314621118197e-10
1.362000000000000099e+00 1.975259330325115714e-10
1.368000000000000327e+00 1.923548960671307949e-10
1.373999999999999666e+00 1.872973906052202090e-10
1.379999999999999893e+00 1.823515955058132339e-10
1.386000000000000121e+00 1.775156990539740552e-10
1.392000000000000348e+00 1.727878995456489292e-10
1.397999999999999687e+00 1.681664058512795230e-10
1.403999999999999915e+00 1.636494379583606298e-10
1.410000000000000142e+00 1.592352274931231294e-10
1.416000000000000369e+00 1.549220182215370965e-10
1.421999999999999709e+00 1.507080665298571561e-10
1.427999999999999936e+00 1.465916418849070580e-10
1.434000000000000163e+00 1.425710272743672370e-10
1.440000000000000391e+00 1.386445196272760581e-10
1.445999999999999730e+00 1.348104302150089277e-10
1.451999999999999957e+00 1.310670850329931943e-10
1.458000000000000185e+00 1.274128251634238231e-10
1.464000000000000412e+00 1.238460071192553975e-10
1.469999999999999751e+00 1.203650031697546623e-10
1.475999999999999979e+00 1.169682016479011569e-10
1.482000000000000206e+00 1.136540072399320176e-10
1.488000000000000433e+00 1.104208412573334903e-10
1.493999999999999773e+00 1.072671418915906908e-10
1.500000000000000000e+00 1.041913644520006350e-10
1.506000000000000227e+00 1.011919815868743837e-10
1.512000000000000455e+00 9.826748348844338053e-11
1.517999999999999794e+00 9.541637808180248364e-11
1.524000000000000021e+00 9.263719119821128341e-11
1.530000000000000249e+00 8.992846673309534457e-11
1.536000000000000476e+00 8.728876678907381211e-11
1.541999999999999815e+00 8.471667180435606616e-11
1.548000000000000043e+00 8.221078066684574277e-11
1.554000000000000270e+00 7.976971081429220822e-11
1.560000000000000497e+00 7.739209832083016882e-11
1.565999999999999837e+00 7.507659797025423768e-11
1.572000000000000064e+00 7.282188331637056205e-11
1.578000000000000291e+00 7.062664673076390588e-11
1.584000000000000519e+00 6.848959943833318674e-11
1.589999999999999858e+00 6.640947154092883392e-11
1.596000000000000085e+00 6.438501202944204600e-11
1.602000000000000313e+00 6.241498878468202881e-11
1.608000000000000540e+00 6.049818856738233532e-11
1.613999999999999879e+00 5.863341699767687322e-11
1.620000000000000107e+00 5.681949852437649760e-11
1.626000000000000334e+00 5.505527638438904882e-11
1.631999999999999673e+00 5.333961255260521605e-11
1.637999999999999901e+00 5.167138768258621061e-11
1.644000000000000128e+00 5.004950103837687702e-11
1.650000000000000355e+00 4.847287041776874212e-11
1.655999999999999694e+00 4.694043206733376090e-11
1.661999999999999922e+00 4.545114058954107147e-11
1.668000000000000149e+00 4.400396884227828685e-11
1.674000000000000377e+00 4.259790783107974210e-11
1.679999999999999716e+00 4.123196659436997662e-11
1.685999999999999943e+00 3.990517208202068907e-11
1.692000000000000171e+00 3.861656902752714416e-11
1.698000000000000398e+00 3.736521981408474284e-11
1.703999999999999737e+00 3.615020433486220955e-11
1.709999999999999964e+00 3.497061984775346530e-11
1.716000000000000192e+00 3.382558082488502050e-11
1.722000000000000419e+00 3.271421879715472653e-11
1.727999999999999758e+00 3.163568219407103636e-11
1.733999999999999986e+00 3.058913617915484831e-11
1.740000000000000213e+00 2.957376248116640125e-11
1.746000000000000441e+00 2.858875922140753704e-11
1.751999999999999780e+00 2.763334073734948452e-11
1.758000000000000007e+00 2.670673740282960501e-11
1.764000000000000234e+00 2.580819544505548551e-11
1.770000000000000462e+00 2.493697675864732146e-11
1.775999999999999801e+00 2.409235871694677455e-11
1.782000000000000028e+00 2.327363398081371850e-11
1.788000000000000256e+00 2.248011030512937464e-11
1.794000000000000483e+00 2.171111034321158859e-11
1.799999999999999822e+00 2.096597144935309206e-11
1.806000000000000050e+00 2.024404547967854260e-11
1.812000000000000277e+00 1.954469859151779850e-11
1.818000000000000504e+00 1.886731104148129552e-11
1.823999999999999844e+00 1.821127698242361217e-11
1.830000000000000071e+00 1.757600425947153897e-11
1.836000000000000298e+00 1.696091420529046936e-11
1.842000000000000526e+00 1.636544143475487493e-11
1.847999999999999865e+00 1.578903363918620718e-11
1.854000000000000092e+00 1.523115138031366464e-11
1.860000000000000320e+00 1.469126788411037567e-11
1.865999999999999659e+00 1.416886883464952725e-11
1.871999999999999886e+00 1.366345216812234818e-11
1.878000000000000114e+00 1.317452786715391925e-11
1.884000000000000341e+00 1.270161775554682324e-11
1.889999999999999680e+00 1.224425529357868928e-11
1.895999999999999908e+00 1.180198537397460829e-11
1.902000000000000135e+00 1.137436411867005365e-11
1.908000000000000362e+00 1.096095867647593116e-11
1.913999999999999702e+00 1.056134702175136924e-11
1.919999999999999929e+00 1.017511775418639004e-11
1.926000000000000156e+00 9.801869899792375706e-12
1.932000000000000384e+00 9.441212713191499027e-12
1.937999999999999723e+00 9.092765481294387706e-12
1.943999999999999950e+00 8.756157328449842161e-12
1.950000000000000178e+00 8.431027023145956418e-12
1.956000000000000405e+00 8.117022786338025380e-12
1.961999999999999744e+00 7.813802101474847772e-12
1.967999999999999972e+00 7.521031526290783423e-12
1.974000000000000199e+00 7.238386506426987995e-12
1.980000000000000426e+00 6.965551190941067935e-12
1.985999999999999766e+00 6.702218249761578407e-12
1.991999999999999993e+00 6.448088693139004026e-12
1.998000000000000220e+00 6.202871693142616555e-12
2.004000000000000448e+00 5.966284407247662434e-12
2.009999999999999787e+00 5.738051804054737581e-12
2.016000000000000014e+00 5.517906491180406298e-12
2.022000000000000242e+00 5.305588545354009414e-12
2.028000000000000469e+00 5.100845344752449156e-12
2.033999999999999808e+00 4.903431403602848811e-12
2.040000000000000036e+00 4.713108209078710381e-12
2.046000000000000263e+00 4.529644060513405797e-12
2.052000000000000490e+00 4.352813910951173112e-12
2.057999999999999829e+00 4.182399211053868954e-12
2.064000000000000057e+00 4.018187755378611253e-12
2.070000000000000284e+00 3.859973531039615799e-12
2.076000000000000512e+00 3.707556568764048585e-12
2.081999999999999851e+00 3.560742796350585799e-12
2.088000000000000078e+00 3.419343894536162748e-12
2.094000000000000306e+00 3.283177155275009649e-12
2.100000000000000533e+00 3.152065342431282107e-12
2.105999999999999872e+00 3.025836554885233769e-12
2.112000000000000099e+00 2.904324092050387824e-12
2.118000000000000327e+00 2.787366321797968466e-12
2.123999999999999666e+00 2.674806550782354953e-12
2.129999999999999893e+00 2.566492897160240854e-12
2.136000000000000121e+00 2.462278165694363150e-12
2.142000000000000348e+00 2.362019725230971515e-12
2.147999999999999687e+00 2.265579388539003650e-12
2.153999999999999915e+00 2.172823294497220467e-12
2.160000000000000142e+00 2.083621792614833133e-12
2.166000000000000369e+00 1.997849329868962425e-12
2.171999999999999709e+00 1.915384339841990999e-12
2.177999999999999936e+00 1.836109134140144869e-12
2.184000000000000163e+00 1.759909796073981705e-12
2.190000000000000391e+00 1.686676076579964240e-12
2.195999999999999730e+00 1.616301292361949764e-12
2.201999999999999957e+00 1.548682226230072594e-12
2.208000000000000185e+00 1.483719029613882903e-12
2.214000000000000412e+00 1.421315127225843326e-12
2.219999999999999751e+00 1.361377123850385109e-12
2.225999999999999979e+00 1.303814713233345059e-12
2.232000000000000206e+00 1.248540589045750538e-12
2.238000000000000433e+00 1.195470357895455258e-12
2.243999999999999773e+00 1.144522454359600948e-12
2.250000000000000000e+00 1.095618058010381727e-12
2.256000000000000227e+00 1.048681012406311809e-12
2.262000000000000455e+00 1.003637746020492099e-12
2.267999999999999794e+00 9.604171950774036050e-13
2.274000000000000021e+00 9.189507282691969611e-13
2.280000000000000249e+00 8.791720733223323808e-13
2.286000000000000476e+00 8.410172453851145429e-13
2.291999999999999815e+00 8.044244772065087044e-13
2.298000000000000043e+00 7.693341510764779121e-13
2.304000000000000270e+00 7.356887324980493843e-13
2.310000000000000497e+00 7.034327055610370165e-13
2.315999999999999837e+00 6.725125099874663195e-13
2.322000000000000064e+00 6.428764798186381372e-13
2.328000000000000291e+00 6.144747837139005747e-13
2.334000000000000519e+00 5.872593668309551182e-13
2.339999999999999858e+00 5.611838942579271289e-13
2.346000000000000085e+00 5.362036959672203613e-13
2.352000000000000313e+00 5.122757132615030203e-13
2.358000000000000540e+00 4.893584466821308637e-13
2.363999999999999879e+00 4.674119053505468183e-13
2.370000000000000107e+00 4.463975577133884247e-13
2.376000000000000334e+00 4.262782836621829599e-13
2.381999999999999673e+00 4.070183279986827053e-13
2.387999999999999901e+00 3.885832552171950380e-13
2.394000000000000128e+00 3.709399055754926534e-13
2.400000000000000355e+00 3.540563524260498237e-13
2.405999999999999694e+00 3.379018607797523234e-13
2.411999999999999922e+00 3.224468470744082361e-13
2.418000000000000149e+00 3.076628401207632372e-13
2.424000000000000377e+00 2.935224431989527560e-13
2.429999999999999716e+00 2.799992972786899040e-13
2.435999999999999943e+00 2.670680453368091080e-13
2.442000000000000171e+00 2.547042977461366709e-13
2.448000000000000398e+00 2.428845987099324194e-13
2.453999999999999737e+00 2.315863937165922471e-13
2.459999999999999964e+00 2.207879979896107960e-13
2.466000000000000192e+00 2.104685659081693498e-13
2.472000000000000419e+00 2.006080613740930428e-13
2.477999999999999758e+00 1.911872291012884064e-13
2.483999999999999986e+00 1.821875668041723048e-13
2.490000000000000213e+00 1.735912982619746497e-13
2.496000000000000441e+00 1.653813472361604831e-13
2.501999999999999780e+00 1.575413122186485082e-13
2.508000000000000007e+00 1.500554419888606721e-13
2.514000000000000234e+00 1.429086119580605610e-13
2.520000000000000462e+00 1.360863012797907191e-13
2.525999999999999801e+00 1.295745707056460962e-13
2.532000000000000028e+00 1.233600411660174591e-13
2.538000000000000256e+00 1.174298730558081622e-13
2.544000000000000483e+00 1.117717462055258580e-13
2.549999999999999822e+00 1.063738405185819705e-13
2.556000000000000050e+00 1.012248172559529073e-13
2.562000000000000277e+00 9.631380094982660274e-14
2.568000000000000504e+00 9.163036192816850427e-14
2.573999999999999844e+00 8.716449943258988436e-14
2.580000000000000071e+00 8.290662531224004984e-14
2.586000000000000298e+00 7.884754827685476049e-14
2.592000000000000526e+00 7.497845869244270247e-14
2.597999999999999865e+00 7.129091390348448807e-14
2.604000000000000092e+00 6.777682406588096121e-14
2.610000000000000320e+00 6.442843847526102859e-14
2.616000000000000547e+00 6.123833237560307868e-14
2.621999999999999886e+00 5.819939423350276731e-14
2.628000000000000114e+00 5.530481346376170809e-14
2.634000000000000341e+00 5.254806859232473187e-14
2.639999999999999680e+00 4.992291584293859743e-14
2.645999999999999908e+00 4.742337813423538536e-14
2.652000000000000135e+00 4.504373447430015135e-14
2.658000000000000362e+00 4.277850974008653041e-14
2.663999999999999702e+00 4.062246482939015464e-14
2.669999999999999929e+00 3.857058717339627968e-14
2.676000000000000156e+00 3.661808159814256480e-14
2.682000000000000384e+00 3.476036152353866554e-14
2.687999999999999723e+00 3.299304048889796141e-14
2.693999999999999950e+00 3.131192399422333120e-14
2.700000000000000178e+00 2.971300164680094296e-14
2.706000000000000405e+00 2.819243960292193794e-14
2.711999999999999744e+00 2.674657329485588346e-14
2.717999999999999972e+00 2.537190043345931627e-14
2.724000000000000199e+00 2.406507427709046523e-14
2.730000000000000426e+00 2.282289715775568744e-14
2.735999999999999766e+00 2.164231425567938955e-14
2.741999999999999993e+00 2.052040761374606824e-14
2.748000000000000220e+00 1.945439038351133359e-14
2.754000000000000448e+00 1.844160129472303833e-14
2.759999999999999787e+00 1.747949934053515087e-14
2.766000000000000014e+00 1.656565867083058189e-14
2.772000000000000242e+00 1.569776368629866052e-14
2.778000000000000469e+00 1.487360432613378654e-14
2.783999999999999808e+00 1.409107154244557386e-14
2.790000000000000036e+00 1.334815295467890682e-14
2.796000000000000263e+00 1.264292867755441125e-14
2.802000000000000490e+00 1.197356731624153682e-14
2.807999999999999829e+00 1.133832212267343030e-14
2.814000000000000057e+00 1.073552730710969492e-14
2.820000000000000284e+00 1.016359449923820405e-14
2.826000000000000512e+00 9.621009353292388923e-15
2.831999999999999851e+00 9.106328291838759153e-15
2.838000000000000078e+00 8.618175383064733287e-15
2.844000000000000306e+00 8.155239346566186775e-15
2.850000000000000533e+00 7.716270682797196767e-15
2.855999999999999872e+00 7.300078921509590542e-15
2.862000000000000099e+00 6.905529984661149551e-15
2.868000000000000327e+00 6.531543659428554445e-15
2.874000000000000554e+00 6.177091177104140666e-15
2.879999999999999893e+00 5.841192893802737159e-15
2.886000000000000121e+00 5.522916069042682716e-15
2.892000000000000348e+00 5.221372738402162414e-15
2.897999999999999687e+00 4.935717676581889449e-15
2.903999999999999915e+00 4.665146447334318635e-15
2.910000000000000142e+00 4.408893536844034048e-15
2.916000000000000369e+00 4.166230567263091810e-15
2.921999999999999709e+00 3.936464587223021898e-15
2.927999999999999936e+00 3.718936436257779835e-15
2.934000000000000163e+00 3.513019180183381158e-15
2.940000000000000391e+00 3.318116614583610208e-15
2.945999999999999730e+00 3.133661833657433472e-15
2.951999999999999957e+00 2.959115861781936803e-15
2.958000000000000185e+00 2.793966345242058997e-15
2.964000000000000412e+00 2.637726301672154618e-15
2.969999999999999751e+00 2.489932924845312737e-15
2.975999999999999979e+00 2.350146442533900101e-15
2.982000000000000206e+00 2.217949025250595331e-15
2.988000000000000433e+00 2.092943743760567543e-15
2.993999999999999773e+00 1.974753573335802211e-15
3.000000000000000000e+00 1.863020442799032288e-15
