-3.000000000000000000e+00 1.915458153399717644e-39
-2.994000000000000217e+00 2.531767289474646962e-39
-2.987999999999999989e+00 3.344508897580927387e-39
-2.982000000000000206e+00 4.415688023446183692e-39
-2.975999999999999979e+00 5.826689342628614513e-39
-2.970000000000000195e+00 7.684273264082099316e-39
-2.963999999999999968e+00 1.012840811930980906e-38
-2.958000000000000185e+00 1.334249473284889199e-38
-2.951999999999999957e+00 1.756670639065558172e-38
-2.946000000000000174e+00 2.311538335436153445e-38
-2.939999999999999947e+00 3.039970108790317623e-38
-2.934000000000000163e+00 3.995719393670513061e-38
-2.927999999999999936e+00 5.249018518717068597e-38
-2.922000000000000153e+00 6.891578122246386236e-38
-2.915999999999999925e+00 9.043087176556145259e-38
-2.910000000000000142e+00 1.185965912714720912e-37
-2.903999999999999915e+00 1.554480043618055352e-37
-2.898000000000000131e+00 2.036364655391295046e-37
-2.891999999999999904e+00 2.666142791029388120e-37
-2.886000000000000121e+00 3.488740888663083101e-37
-2.879999999999999893e+00 4.562590380454585013e-37
-2.874000000000000110e+00 5.963643871166883798e-37
-2.867999999999999883e+00 7.790572555457491840e-37
-2.862000000000000099e+00 1.017148838497530819e-36
-2.855999999999999872e+00 1.327263323482280561e-36
-2.850000000000000089e+00 1.730960410073920102e-36
-2.843999999999999861e+00 2.256184605065452273e-36
-2.838000000000000078e+00 2.939135330318295770e-36
-2.831999999999999851e+00 3.826678623232813219e-36
-2.826000000000000068e+00 4.979455465429349548e-36
-2.819999999999999840e+00 6.475885628206704682e-36
-2.814000000000000057e+00 8.417322028759483673e-36
-2.807999999999999829e+00 1.093468232913620820e-35
-2.802000000000000046e+00 1.419697618104285174e-35
-2.795999999999999819e+00 1.842226359200134946e-35
-2.790000000000000036e+00 2.389172931052870441e-35
-2.783999999999999808e+00 3.096774872412506727e-35
-2.778000000000000025e+00 4.011706373312927842e-35
-2.771999999999999797e+00 5.194049661083473010e-35
-2.766000000000000014e+00 6.721102399144994151e-35
-2.759999999999999787e+00 8.692253465268607385e-35
-2.754000000000000004e+00 1.123522325568586198e-34
-2.748000000000000220e+00 1.451404572213682238e-34
-2.741999999999999993e+00 1.873927231065570737e-34
-2.735999999999999766e+00 2.418100867189860179e-34
-2.729999999999999982e+00 3.118556082623351651e-34
-2.724000000000000199e+00 4.019667769827865034e-34
-2.717999999999999972e+00 5.178264332274387813e-34
-2.711999999999999744e+00 6.667080936195470175e-34
-2.705999999999999961e+00 8.579158550460972833e-34
-2.700000000000000178e+00 1.103344453015206305e-33
-2.693999999999999950e+00 1.418191875628367271e-33
-2.688000000000000167e+00 1.821865557185829461e-33
-2.681999999999999940e+00 2.339134061840917536e-33
-2.676000000000000156e+00 3.001589903644481954e-33
-2.669999999999999929e+00 3.849506470132113219e-33
-2.664000000000000146e+00 4.934193844644999777e-33
-2.657999999999999918e+00 6.320985814019496270e-33
-2.652000000000000135e+00 8.093024951490191472e-33
-2.645999999999999908e+00 1.035605619290680328e-32
-2.640000000000000124e+00 1.324449404636229379e-32
-2.633999999999999897e+00 1.692909732782300831e-32
-2.628000000000000114e+00 2.162667164309763906e-32
-2.621999999999999886e+00 2.761232816631992321e-32
-2.616000000000000103e+00 3.523496312176656418e-32
-2.609999999999999876e+00 4.493679265014292979e-32
-2.604000000000000092e+00 5.727799102155790307e-32
-2.597999999999999865e+00 7.296774714476917930e-32
-2.592000000000000082e+00 9.290338833551525724e-32
-2.585999999999999854e+00 1.182196379175376543e-31
-2.580000000000000071e+00 1.503505950417925378e-31
-2.573999999999999844e+00 1.911076767242765340e-31
-2.568000000000000060e+00 2.427775753118613358e-31
-2.561999999999999833e+00 3.082452988417445961e-31
-2.556000000000000050e+00 3.911486259930649795e-31
-2.549999999999999822e+00 4.960718821841035971e-31
-2.544000000000000039e+00 6.287889039629604881e-31
-2.537999999999999812e+00 7.965674981581610109e-31
-2.532000000000000028e+00 1.008550735329162923e-30
-2.525999999999999801e+00 1.276234186095589157e-30
-2.520000000000000018e+00 1.614062889631082237e-30
-2.514000000000000234e+00 2.040177652930601079e-30
-2.508000000000000007e+00 2.577347485096668193e-30
-2.501999999999999780e+00 3.254133902958151021e-30
-2.495999999999999996e+00 4.106343909664324013e-30
-2.490000000000000213e+00 5.178842147534536853e-30
-2.483999999999999986e+00 6.527809677085191080e-30
-2.477999999999999758e+00 8.223557794354796629e-30
-2.471999999999999975e+00 1.035403120084650686e-29
-2.466000000000000192e+00 1.302916683007328131e-29
-2.459999999999999964e+00 1.638631411808966067e-29
-2.453999999999999737e+00 2.059697120784302705e-29
-2.447999999999999954e+00 2.587515161410596490e-29
-2.442000000000000171e+00 3.248776983925045147e-29
-2.435999999999999943e+00 4.076752549422726728e-29
-2.429999999999999716e+00 5.112887752814888399e-29
-2.423999999999999932e+00 6.408783795413086402e-29
-2.418000000000000149e+00 8.028648378423248167e-29
-2.411999999999999922e+00 1.005232938435548042e-28
-2.406000000000000139e+00 1.257906723781354357e-28
-2.399999999999999911e+00 1.573213344612519418e-28
-2.394000000000000128e+00 1.966456120084667176e-28
-2.387999999999999901e+00 2.456622094128610718e-28
-2.382000000000000117e+00 3.067255134970278649e-28
-2.375999999999999890e+00 3.827532668729713029e-28
-2.370000000000000107e+00 4.773592751431924648e-28
-2.363999999999999879e+00 5.950168709795137259e-28
-2.358000000000000096e+00 7.412601436458343330e-28
-2.351999999999999869e+00 9.229315115503547480e-28
-2.346000000000000085e+00 1.148486129239317570e-27
-2.339999999999999858e+00 1.428365953193452023e-27
-2.334000000000000075e+00 1.775459132863631237e-27
-2.327999999999999847e+00 2.205663853525413824e-27
-2.322000000000000064e+00 2.738579967506825289e-27
-2.315999999999999837e+00 3.398356869437114009e-27
-2.310000000000000053e+00 4.214732291772033793e-27
-2.303999999999999826e+00 5.224304251258743756e-27
-2.298000000000000043e+00 6.472087545411608562e-27
-2.291999999999999815e+00 8.013417318320401686e-27
-2.286000000000000032e+00 9.916275694216920878e-27
-2.280000000000000249e+00 1.226413380525868752e-26
-2.274000000000000021e+00 1.515942130660490784e-26
-2.267999999999999794e+00 1.872775938609448191e-26
-2.262000000000000011e+00 2.312312218970329461e-26
-2.256000000000000227e+00 2.853412652055895142e-26
-2.250000000000000000e+00 3.519169185647383163e-26
-2.243999999999999773e+00 4.337836364114686229e-26
-2.237999999999999989e+00 5.343965420208629150e-26
-2.232000000000000206e+00 6.579782964744484683e-26
-2.225999999999999979e+00 8.096866022384582357e-26
-2.219999999999999751e+00 9.958175890360574014e-26
-2.213999999999999968e+00 1.224052620288005631e-25
-2.208000000000000185e+00 1.503757609910493089e-25
-2.201999999999999957e+00 1.846345803260642962e-25
-2.195999999999999730e+00 2.265717214016016798e-25
-2.189999999999999947e+00 2.778790594087867063e-25
-2.184000000000000163e+00 3.406147033644022996e-25
-2.177999999999999936e+00 4.172808146939101090e-25
-2.171999999999999709e+00 5.109176420626679212e-25
-2.165999999999999925e+00 6.252170831624630715e-25
-2.160000000000000142e+00 7.646597456152702093e-25
-2.153999999999999915e+00 9.346802697706617305e-25
-2.148000000000000131e+00 1.141866620560041330e-24
-2.141999999999999904e+00 1.394200182912195561e-24
-2.136000000000000121e+00 1.701344840105320348e-24
-2.129999999999999893e+00 2.074994817771612681e-24
-2.124000000000000110e+00 2.529292986518644426e-24
-2.117999999999999883e+00 3.081333590568264644e-24
-2.112000000000000099e+00 3.751766076109172565e-24
-2.105999999999999872e+00 4.565519911138143897e-24
-2.100000000000000089e+00 5.552674112711102357e-24
-2.093999999999999861e+00 6.749499738947634980e-24
-2.088000000000000078e+00 8.199708992837633847e-24
-2.081999999999999851e+00 9.955950977196785756e-24
-2.076000000000000068e+00 1.208160171653717660e-23
-2.069999999999999840e+00 1.465290503568825882e-23
-2.064000000000000057e+00 1.776153150756058709e-23
-2.057999999999999829e+00 2.151763524812637825e-23
-2.052000000000000046e+00 2.605350319116419863e-23
-2.045999999999999819e+00 3.152790902400639799e-23
-2.040000000000000036e+00 3.813130468341663304e-23
-2.033999999999999808e+00 4.609200675415125720e-23
-2.028000000000000025e+00 5.568356393258901988e-23
-2.022000000000000242e+00 6.723352567527680871e-23
-2.016000000000000014e+00 8.113387213672453559e-23
-2.009999999999999787e+00 9.785341255096683030e-23
-2.004000000000000004e+00 1.179525145391690397e-22
-1.997999999999999998e+00 1.421005918440302466e-22
-1.991999999999999993e+00 1.710968543476832586e-22
-1.985999999999999988e+00 2.058949138402827680e-22
-1.979999999999999982e+00 2.476319441026756523e-22
-1.973999999999999977e+00 2.976632170421392634e-22
-1.967999999999999972e+00 3.576029808889445780e-22
-1.961999999999999966e+00 4.293728153226639173e-22
-1.955999999999999961e+00 5.152587959103535451e-22
-1.949999999999999956e+00 6.179790311106315883e-22
-1.943999999999999950e+00 7.407634047808905390e-22
-1.937999999999999945e+00 8.874476719322899048e-22
-1.931999999999999940e+00 1.062584422710988246e-21
-1.925999999999999934e+00 1.271573857686295003e-21
-1.919999999999999929e+00 1.520817816247632300e-21
-1.913999999999999924e+00 1.817901080509946367e-21
-1.907999999999999918e+00 2.171804652581424570e-21
-1.901999999999999913e+00 2.593156488325566609e-21
-1.895999999999999908e+00 3.094526083082756889e-21
-1.889999999999999902e+00 3.690770364041331945e-21
-1.883999999999999897e+00 4.399439572872947991e-21
-1.877999999999999892e+00 5.241253247085798951e-21
-1.871999999999999886e+00 6.240658059397219084e-21
-1.865999999999999881e+00 7.426481185825604762e-21
-1.859999999999999876e+00 8.832695084740683202e-21
-1.853999999999999870e+00 1.049931212616915825e-20
-1.847999999999999865e+00 1.247343046514345226e-20
-1.842000000000000082e+00 1.481045596424770908e-20
-1.836000000000000076e+00 1.757552890663402586e-20
-1.830000000000000071e+00 2.084518877923929104e-20
-1.824000000000000066e+00 2.470931563525919415e-20
-1.818000000000000060e+00 2.927339256605873812e-20
-1.812000000000000055e+00 3.466114074069684972e-20
-1.806000000000000050e+00 4.101758643707555478e-20
-1.800000000000000044e+00 4.851262864144739875e-20
-1.794000000000000039e+00 5.734518630203606947e-20
-1.788000000000000034e+00 6.774801638033308092e-20
-1.782000000000000028e+00 7.999330766864243713e-20
-1.776000000000000023e+00 9.439917118245186534e-20
-1.770000000000000018e+00 1.113371660719506491e-19
-1.764000000000000012e+00 1.312410207464056606e-19
-1.758000000000000007e+00 1.546167326278439451e-19
-1.752000000000000002e+00 1.820542570532296650e-19
-1.745999999999999996e+00 2.142410267862629070e-19
-1.739999999999999991e+00 2.519775788996177189e-19
-1.733999999999999986e+00 2.961956060303192812e-19
-1.727999999999999980e+00 3.479787948537918662e-19
-1.721999999999999975e+00 4.085868668075608043e-19
-1.715999999999999970e+00 4.794832954576038391e-19
-1.709999999999999964e+00 5.623672423768455231e-19
-1.703999999999999959e+00 6.592103300489564579e-19
-1.697999999999999954e+00 7.722989573027875942e-19
-1.691999999999999948e+00 9.042829614480920513e-19
-1.685999999999999943e+00 1.058231543105110061e-18
-1.679999999999999938e+00 1.237697496358828986e-18
-1.673999999999999932e+00 1.446790930180709101e-18
-1.667999999999999927e+00 1.690263829119062708e-18
-1.661999999999999922e+00 1.973606984379898962e-18
-1.655999999999999917e+00 2.303161033183869983e-18
-1.649999999999999911e+00 2.686243577568329148e-18
-1.643999999999999906e+00 3.131294616808439639e-18
-1.637999999999999901e+00 3.648042823918551443e-18
-1.631999999999999895e+00 4.247695530220862243e-18
-1.625999999999999890e+00 4.943155657126383775e-18
-1.619999999999999885e+00 5.749269255933969552e-18
-1.613999999999999879e+00 6.683107790013887783e-18
-1.607999999999999874e+00 7.764289825181292684e-18
-1.601999999999999869e+00 9.015347389985141550e-18
-1.595999999999999863e+00 1.046214293534843437e-17
-1.590000000000000080e+00 1.213434357054456107e-17
-1.584000000000000075e+00 1.406596008878249232e-17
-1.578000000000000069e+00 1.629595923047380254e-17
-1.572000000000000064e+00 1.886895867635343271e-17
-1.566000000000000059e+00 2.183601542786356451e-17
-1.560000000000000053e+00 2.525551953158785329e-17
-1.554000000000000048e+00 2.919420655231707550e-17
-1.548000000000000043e+00 3.372830381117819579e-17
-1.542000000000000037e+00 3.894482719828429933e-17
-1.536000000000000032e+00 4.494304736228591046e-17
-1.530000000000000027e+00 5.183614629248491031e-17
-1.524000000000000021e+00 5.975308776513361936e-17
-1.518000000000000016e+00 6.884072784848817224e-17
-1.512000000000000011e+00 7.926619467765075020e-17
-1.506000000000000005e+00 9.121957004896636857e-17
-1.500000000000000000e+00 1.049169090760693703e-16
-1.493999999999999995e+00 1.206036382295299500e-16
-1.487999999999999989e+00 1.385583765861954575e-16
-1.481999999999999984e+00 1.590972300825931131e-16
-1.475999999999999979e+00 1.825786140421568833e-16
-1.469999999999999973e+00 2.094086652750151328e-16
-1.463999999999999968e+00 2.400473116817244600e-16
-1.457999999999999963e+00 2.750150745824960357e-16
-1.451999999999999957e+00 3.149006869992286555e-16
-1.445999999999999952e+00 3.603696199010827548e-16
-1.439999999999999947e+00 4.121736180523310105e-16
-1.433999999999999941e+00 4.711613576451042585e-16
-1.427999999999999936e+00 5.382903494357474692e-16
-1.421999999999999931e+00 6.146402237135244756e-16
-1.415999999999999925e+00 7.014275472008525935e-16
-1.409999999999999920e+00 8.000223370078652831e-16
-1.403999999999999915e+00 9.119664531389340976e-16
-1.397999999999999909e+00 1.038994068878492627e-15
-1.391999999999999904e+00 1.183054437778860314e-15
-1.385999999999999899e+00 1.346337197049823325e-15
-1.379999999999999893e+00 1.531300470030359083e-15
-1.373999999999999888e+00 1.740702055237839285e-15
-1.367999999999999883e+00 1.977634016373013015e-15
-1.361999999999999877e+00 2.245561016752702167e-15
-1.355999999999999872e+00 2.548362773095379113e-15
-1.349999999999999867e+00 2.890381037551324920e-15
-1.343999999999999861e+00 3.276471553509324145e-15
-1.337999999999999856e+00 3.712061470195430375e-15
-1.332000000000000073e+00 4.203212743574323454e-15
-1.326000000000000068e+00 4.756692096751588340e-15
-1.320000000000000062e+00 5.380048162137455564e-15
-1.314000000000000057e+00 6.081696480255568886e-15
-1.308000000000000052e+00 6.871013086454038515e-15
-1.302000000000000046e+00 7.758437477099371434e-15
-1.296000000000000041e+00 8.755585811291398348e-15
-1.290000000000000036e+00 9.875375272941467477e-15
-1.284000000000000030e+00 1.113216059138667993e-14
-1.278000000000000025e+00 1.254188379677879801e-14
-1.272000000000000020e+00 1.412223836947112082e-14
-1.266000000000000014e+00 1.589284903072442562e-14
-1.260000000000000009e+00 1.787546851543718160e-14
-1.254000000000000004e+00 2.009419276646065912e-14
-1.247999999999999998e+00 2.257569609453780592e-14
-1.241999999999999993e+00 2.534948795816180384e-14
-1.235999999999999988e+00 2.844819313382207835e-14
-1.229999999999999982e+00 3.190785716930190768e-14
-1.223999999999999977e+00 3.576827914101633609e-14
-1.217999999999999972e+00 4.007337387089656240e-14
-1.211999999999999966e+00 4.487156589907868727e-14
-1.205999999999999961e+00 5.021621765566234631e-14
-1.199999999999999956e+00 5.616609442802823892e-14
-1.193999999999999950e+00 6.278586887959228097e-14
-1.187999999999999945e+00 7.014666804131180306e-14
-1.181999999999999940e+00 7.832666586858691814e-14
-1.175999999999999934e+00 8.741172463322558630e-14
-1.169999999999999929e+00 9.749608860255749183e-14
-1.163999999999999924e+00 1.086831336453064539e-13
-1.157999999999999918e+00 1.210861765960054658e-13
-1.151999999999999913e+00 1.348293484061556351e-13
-1.145999999999999908e+00 1.500485353103420648e-13
-1.139999999999999902e+00 1.668923924385986179e-13
-1.133999999999999897e+00 1.855234345116056566e-13
-1.127999999999999892e+00 2.061192084620832147e-13
-1.121999999999999886e+00 2.288735530329973054e-13
-1.115999999999999881e+00 2.539979506099621013e-13
-1.109999999999999876e+00 2.817229767502294951e-13
-1.103999999999999870e+00 3.122998530727970558e-13
-1.097999999999999865e+00 3.460021093718497019e-13
-1.091999999999999860e+00 3.831273610076548977e-13
-1.085999999999999854e+00 4.239992078132676643e-13
-1.080000000000000071e+00 4.689692609304375593e-13
-1.074000000000000066e+00 5.184193041517411947e-13
-1.068000000000000060e+00 5.727635964963502302e-13
-1.062000000000000055e+00 6.324513228815707144e-13
-1.056000000000000050e+00 6.979691998691190106e-13
-1.050000000000000044e+00 7.698442435614856247e-13
-1.044000000000000039e+00 8.486467067969168776e-13
-1.038000000000000034e+00 9.349931928389662382e-13
-1.032000000000000028e+00 1.029549952774932625e-12
-1.026000000000000023e+00 1.133036373824102290e-12
-1.020000000000000018e+00 1.246228665708048216e-12
-1.014000000000000012e+00 1.369963752148195821e-12
-1.008000000000000007e+00 1.505143374426844934e-12
-1.002000000000000002e+00 1.652738413773362740e-12
-9.959999999999999964e-01 1.813793439113713511e-12
-9.899999999999997691e-01 1.989431486445217881e-12
-9.839999999999999858e-01 2.180859075765315268e-12
-9.779999999999997584e-01 2.389371471090181382e-12
-9.719999999999999751e-01 2.616358188640931809e-12
-9.659999999999997478e-01 2.863308757750401964e-12
-9.599999999999999645e-01 3.131818738445181437e-12
-9.539999999999997371e-01 3.423595998985717621e-12
-9.479999999999999538e-01 3.740467255893747230e-12
-9.420000000000001705e-01 4.084384878162876935e-12
-9.359999999999999432e-01 4.457433956425476171e-12
-9.300000000000001599e-01 4.861839636839284643e-12
-9.239999999999999325e-01 5.299974718354492740e-12
-9.180000000000001492e-01 5.774367510822431209e-12
-9.119999999999999218e-01 6.287709950113543913e-12
-9.060000000000001386e-01 6.842865965014858066e-12
-8.999999999999999112e-01 7.442880089182294260e-12
-8.940000000000001279e-01 8.090986309822818569e-12
-8.879999999999999005e-01 8.790617143080060975e-12
-8.820000000000001172e-01 9.545412924289391560e-12
-8.759999999999998899e-01 1.035923129936197316e-11
-8.700000000000001066e-01 1.123615690154196915e-11
-8.639999999999998792e-01 1.218051119567421340e-11
-8.580000000000000959e-01 1.319686246990341328e-11
-8.519999999999998685e-01 1.429003595242808655e-11
-8.460000000000000853e-01 1.546512402852908020e-11
-8.399999999999998579e-01 1.672749653061703616e-11
-8.340000000000000746e-01 1.808281107147515923e-11
-8.279999999999998472e-01 1.953702338824272804e-11
-8.220000000000000639e-01 2.109639766197753964e-11
-8.159999999999998366e-01 2.276751677488251255e-11
-8.100000000000000533e-01 2.455729246446753075e-11
-8.039999999999998259e-01 2.647297533108359138e-11
-7.980000000000000426e-01 2.852216465238890687e-11
-7.919999999999998153e-01 3.071281795543557467e-11
-7.860000000000000320e-01 3.305326029418288771e-11
-7.799999999999998046e-01 3.555219317738540109e-11
-7.740000000000000213e-01 3.821870308897890006e-11
-7.679999999999997939e-01 4.106226954031552915e-11
-7.620000000000000107e-01 4.409277259088540429e-11
-7.559999999999997833e-01 4.732049977156232101e-11
-7.500000000000000000e-01 5.075615234188467128e-11
-7.439999999999997726e-01 5.441085081052948190e-11
-7.379999999999999893e-01 5.829613964588974704e-11
-7.319999999999997620e-01 6.242399110164231166e-11
-7.259999999999999787e-01 6.680680808032308158e-11
-7.199999999999997513e-01 7.145742595631286156e-11
-7.139999999999999680e-01 7.638911327825350825e-11
-7.079999999999997407e-01 8.161557126980996035e-11
-7.019999999999999574e-01 8.715093204687392057e-11
-6.959999999999997300e-01 9.300975546883250814e-11
-6.899999999999999467e-01 9.920702454136710580e-11
-6.840000000000001634e-01 1.057581392884871326e-10
-6.779999999999999361e-01 1.126789090121232132e-10
-6.720000000000001528e-01 1.199855428586474573e-10
-6.659999999999999254e-01 1.276946386131838207e-10
-6.600000000000001421e-01 1.358231696444909659e-10
-6.539999999999999147e-01 1.443884699256725881e-10
-6.480000000000001315e-01 1.534082170588531912e-10
-6.419999999999999041e-01 1.629004132354667586e-10
-6.360000000000001208e-01 1.728833640677226000e-10
-6.299999999999998934e-01 1.833756552314261588e-10
-6.240000000000001101e-01 1.943961268653469798e-10
-6.179999999999998828e-01 2.059638456780467160e-10
-6.120000000000000995e-01 2.180980747192777335e-10
-6.059999999999998721e-01 2.308182407798903118e-10
-6.000000000000000888e-01 2.441438993915452240e-10
-5.939999999999998614e-01 2.580946974055095800e-10
-5.880000000000000782e-01 2.726903331383150632e-10
-5.819999999999998508e-01 2.879505140811288899e-10
-5.760000000000000675e-01 3.038949121792817967e-10
-5.699999999999998401e-01 3.205431166985857974e-10
-5.640000000000000568e-01 3.379145847055810131e-10
-5.579999999999998295e-01 3.560285892000738877e-10
-5.520000000000000462e-01 3.749041649497707105e-10
-5.459999999999998188e-01 3.945600520887766260e-10
-5.400000000000000355e-01 4.150146375540205051e-10
-5.339999999999998082e-01 4.362858944462975654e-10
-5.280000000000000249e-01 4.583913194154791719e-10
-5.219999999999997975e-01 4.813478681825866083e-10
-5.160000000000000142e-01 5.051718893246510426e-10
-5.099999999999997868e-01 5.298790564617048251e-10
-5.040000000000000036e-01 5.554842989986209971e-10
-4.979999999999997762e-01 5.820017315879272581e-10
-4.919999999999999929e-01 6.094445824929947205e-10
-4.859999999999997655e-01 6.378251210441803148e-10
-4.799999999999999822e-01 6.671545843932241126e-10
-4.739999999999997549e-01 6.974431037839744994e-10
-4.679999999999999716e-01 7.286996305694103324e-10
-4.619999999999997442e-01 7.609318622168293500e-10
-4.559999999999999609e-01 7.941461685539227414e-10
-4.499999999999997335e-01 8.283475185191411015e-10
-4.439999999999999503e-01 8.635394076891861274e-10
-4.380000000000001670e-01 8.997237868656900291e-10
-4.319999999999999396e-01 9.369009920107497237e-10
-4.260000000000001563e-01 9.750696758282984689e-10
-4.199999999999999289e-01 1.014226741294187841e-09
-4.140000000000001457e-01 1.054367277442533561e-09
-4.079999999999999183e-01 1.095484497719677924e-09
-4.020000000000001350e-01 1.137569681219402624e-09
-3.959999999999999076e-01 1.180612117114055613e-09
-3.900000000000001243e-01 1.224599052595869569e-09
-3.839999999999998970e-01 1.269515644640968990e-09
-3.780000000000001137e-01 1.315344915905187264e-09
-3.719999999999998863e-01 1.362067715056117678e-09
-3.660000000000001030e-01 1.409662681839233627e-09
-3.599999999999998757e-01 1.458106217168079714e-09
-3.540000000000000924e-01 1.507372458518801731e-09
-3.479999999999998650e-01 1.557433260898284554e-09
-3.420000000000000817e-01 1.608258183642027791e-09
-3.359999999999998543e-01 1.659814483283759981e-09
-3.300000000000000711e-01 1.712067112722624674e-09
-3.239999999999998437e-01 1.764978726896200553e-09
-3.180000000000000604e-01 1.818509695148563650e-09
-3.119999999999998330e-01 1.872618120462040335e-09
-3.060000000000000497e-01 1.927259865699363775e-09
-2.999999999999998224e-01 1.982388586979468869e-09
-2.940000000000000391e-01 2.037955774285812424e-09
-2.879999999999998117e-01 2.093910799380209394e-09
-2.820000000000000284e-01 2.150200971068299478e-09
-2.759999999999998010e-01 2.206771597835051527e-09
-2.700000000000000178e-01 2.263566057840017694e-09
-2.639999999999997904e-01 2.320525876232495367e-09
-2.580000000000000071e-01 2.377590809716803495e-09
-2.519999999999997797e-01 2.434698938267626246e-09
-2.459999999999999964e-01 2.491786763863934118e-09
-2.399999999999997691e-01 2.548789316079742628e-09
-2.339999999999999858e-01 2.605640264338054455e-09
-2.279999999999997584e-01 2.662272036604366240e-09
-2.219999999999999751e-01 2.718615944264638810e-09
-2.159999999999997478e-01 2.774602312902898611e-09
-2.099999999999999645e-01 2.830160618664027569e-09
-2.039999999999997371e-01 2.885219629858366719e-09
-1.979999999999999538e-01 2.939707553436920576e-09
-1.919999999999997264e-01 2.993552185939424866e-09
-1.859999999999999432e-01 3.046681068491732601e-09
-1.800000000000001599e-01 3.099021645404968296e-09
-1.739999999999999325e-01 3.150501425906581129e-09
-1.680000000000001492e-01 3.201048148512347571e-09
-1.619999999999999218e-01 3.250589947529659455e-09
-1.560000000000001386e-01 3.299055521164906337e-09
-1.499999999999999112e-01 3.346374300693858558e-09
-1.440000000000001279e-01 3.392476620139814298e-09
-1.379999999999999005e-01 3.437293885895375517e-09
-1.320000000000001172e-01 3.480758745714279533e-09
-1.259999999999998899e-01 3.522805256495467083e-09
-1.200000000000001066e-01 3.563369050277071981e-09
-1.139999999999998792e-01 3.602387497859132948e-09
-1.080000000000000959e-01 3.639799869474439035e-09
-1.019999999999998685e-01 3.675547491932858850e-09
-9.600000000000008527e-02 3.709573901671048399e-09
-8.999999999999985789e-02 3.741824993150267223e-09
-8.400000000000007461e-02 3.772249162056648581e-09
-7.799999999999984723e-02 3.800797442774768800e-09
-7.200000000000006395e-02 3.827423639621495061e-09
-6.599999999999983658e-02 3.852084451349114178e-09
-6.000000000000005329e-02 3.874739588447328880e-09
-5.399999999999982592e-02 3.895351882800268895e-09
-4.800000000000004263e-02 3.913887389280364624e-09
-4.199999999999981526e-02 3.930315478890675790e-09
-3.600000000000003197e-02 3.944608923098010427e-09
-2.999999999999980460e-02 3.956743969031691861e-09
-2.400000000000002132e-02 3.966700405257214714e-09
-1.799999999999979394e-02 3.974461617870391381e-09
-1.200000000000001066e-02 3.980014636693212926e-09
-5.999999999999783284e-03 3.983350171392501934e-09
0.000000000000000000e+00 3.984462637379899500e-09
6.000000000000227374e-03 3.983350171392501934e-09
1.200000000000001066e-02 3.980014636693212926e-09
1.800000000000023803e-02 3.974461617870391381e-09
2.400000000000002132e-02 3.966700405257214714e-09
3.000000000000024869e-02 3.956743969031663737e-09
3.600000000000003197e-02 3.944608923098010427e-09
4.200000000000025935e-02 3.930315478890675790e-09
4.800000000000004263e-02 3.913887389280364624e-09
5.400000000000027001e-02 3.895351882800268895e-09
6.000000000000005329e-02 3.874739588447328880e-09
6.600000000000028066e-02 3.852084451349114178e-09
7.200000000000006395e-02 3.827423639621495061e-09
7.799999999999984723e-02 3.800797442774768800e-09
8.400000000000007461e-02 3.772249162056648581e-09
8.999999999999985789e-02 3.741824993150267223e-09
9.600000000000008527e-02 3.709573901671048399e-09
1.019999999999998685e-01 3.675547491932858850e-09
1.080000000000000959e-01 3.639799869474439035e-09
1.139999999999998792e-01 3.602387497859132948e-09
1.200000000000001066e-01 3.563369050277071981e-09
1.259999999999998899e-01 3.522805256495467083e-09
1.320000000000001172e-01 3.480758745714279533e-09
1.379999999999999005e-01 3.437293885895375517e-09
1.440000000000001279e-01 3.392476620139814298e-09
1.499999999999999112e-01 3.346374300693858558e-09
1.560000000000001386e-01 3.299055521164906337e-09
1.619999999999999218e-01 3.250589947529659455e-09
1.680000000000001492e-01 3.201048148512347571e-09
1.739999999999999325e-01 3.150501425906581129e-09
1.800000000000001599e-01 3.099021645404968296e-09
1.859999999999999432e-01 3.046681068491732601e-09
1.920000000000001705e-01 2.993552185939424866e-09
1.979999999999999538e-01 2.939707553436920576e-09
2.040000000000001812e-01 2.885219629858356379e-09
2.099999999999999645e-01 2.830160618664027569e-09
2.160000000000001918e-01 2.774602312902898611e-09
2.219999999999999751e-01 2.718615944264638810e-09
2.280000000000002025e-01 2.662272036604356314e-09
2.339999999999999858e-01 2.605640264338054455e-09
2.400000000000002132e-01 2.548789316079742628e-09
2.459999999999999964e-01 2.491786763863934118e-09
2.520000000000002238e-01 2.434698938267608875e-09
2.580000000000000071e-01 2.377590809716803495e-09
2.640000000000002345e-01 2.320525876232487095e-09
2.700000000000000178e-01 2.263566057840017694e-09
2.760000000000002451e-01 2.206771597835051527e-09
2.820000000000000284e-01 2.150200971068299478e-09
2.880000000000002558e-01 2.093910799380209394e-09
2.940000000000000391e-01 2.037955774285812424e-09
3.000000000000002665e-01 1.982388586979468869e-09
3.060000000000000497e-01 1.927259865699363775e-09
3.120000000000002771e-01 1.872618120462040335e-09
3.180000000000000604e-01 1.818509695148563650e-09
3.240000000000002878e-01 1.764978726896200553e-09
3.300000000000000711e-01 1.712067112722624674e-09
3.359999999999998543e-01 1.659814483283759981e-09
3.420000000000000817e-01 1.608258183642027791e-09
3.479999999999998650e-01 1.557433260898284554e-09
3.540000000000000924e-01 1.507372458518801731e-09
3.599999999999998757e-01 1.458106217168079714e-09
3.660000000000001030e-01 1.409662681839233627e-09
3.719999999999998863e-01 1.362067715056117678e-09
3.780000000000001137e-01 1.315344915905187264e-09
3.839999999999998970e-01 1.269515644640968990e-09
3.900000000000001243e-01 1.224599052595869569e-09
3.959999999999999076e-01 1.180612117114055613e-09
4.020000000000001350e-01 1.137569681219402624e-09
4.079999999999999183e-01 1.095484497719677924e-09
4.140000000000001457e-01 1.054367277442533561e-09
4.199999999999999289e-01 1.014226741294187841e-09
4.260000000000001563e-01 9.750696758282984689e-10
4.319999999999999396e-01 9.369009920107497237e-10
4.380000000000001670e-01 8.997237868656900291e-10
4.439999999999999503e-01 8.635394076891861274e-10
4.500000000000001776e-01 8.283475185191352079e-10
4.559999999999999609e-01 7.941461685539227414e-10
4.620000000000001883e-01 7.609318622168293500e-10
4.679999999999999716e-01 7.286996305694103324e-10
4.740000000000001990e-01 6.974431037839720178e-10
4.799999999999999822e-01 6.671545843932241126e-10
4.860000000000002096e-01 6.378251210441779366e-10
4.919999999999999929e-01 6.094445824929947205e-10
4.980000000000002203e-01 5.820017315879251902e-10
5.040000000000000036e-01 5.554842989986209971e-10
5.100000000000002309e-01 5.298790564617048251e-10
5.160000000000000142e-01 5.051718893246510426e-10
5.220000000000002416e-01 4.813478681825866083e-10
5.280000000000000249e-01 4.583913194154791719e-10
5.340000000000002522e-01 4.362858944462960144e-10
5.400000000000000355e-01 4.150146375540205051e-10
5.460000000000002629e-01 3.945600520887753335e-10
5.520000000000000462e-01 3.749041649497707105e-10
5.580000000000002736e-01 3.560285892000713545e-10
5.640000000000000568e-01 3.379145847055810131e-10
5.700000000000002842e-01 3.205431166985846083e-10
5.760000000000000675e-01 3.038949121792817967e-10
5.820000000000002949e-01 2.879505140811258397e-10
5.880000000000000782e-01 2.726903331383150632e-10
5.939999999999998614e-01 2.580946974055095800e-10
6.000000000000000888e-01 2.441438993915452240e-10
6.059999999999998721e-01 2.308182407798903118e-10
6.120000000000000995e-01 2.180980747192777335e-10
6.179999999999998828e-01 2.059638456780467160e-10
6.240000000000001101e-01 1.943961268653469798e-10
6.299999999999998934e-01 1.833756552314261588e-10
6.360000000000001208e-01 1.728833640677226000e-10
6.419999999999999041e-01 1.629004132354667586e-10
6.480000000000001315e-01 1.534082170588531912e-10
6.539999999999999147e-01 1.443884699256725881e-10
6.600000000000001421e-01 1.358231696444909659e-10
6.659999999999999254e-01 1.276946386131838207e-10
6.720000000000001528e-01 1.199855428586474573e-10
6.779999999999999361e-01 1.126789090121232132e-10
6.840000000000001634e-01 1.057581392884871326e-10
6.899999999999999467e-01 9.920702454136710580e-11
6.960000000000001741e-01 9.300975546883217210e-11
7.019999999999999574e-01 8.715093204687392057e-11
7.080000000000001847e-01 8.161557126980937874e-11
7.139999999999999680e-01 7.638911327825350825e-11
7.200000000000001954e-01 7.145742595631234457e-11
7.259999999999999787e-01 6.680680808032308158e-11
7.320000000000002061e-01 6.242399110164209194e-11
7.379999999999999893e-01 5.829613964588974704e-11
7.440000000000002167e-01 5.441085081052909416e-11
7.500000000000000000e-01 5.075615234188467128e-11
7.560000000000002274e-01 4.732049977156215299e-11
7.620000000000000107e-01 4.409277259088540429e-11
7.680000000000002380e-01 4.106226954031524481e-11
7.740000000000000213e-01 3.821870308897890006e-11
7.800000000000002487e-01 3.555219317738514905e-11
7.860000000000000320e-01 3.305326029418288771e-11
7.920000000000002593e-01 3.071281795543545835e-11
7.980000000000000426e-01 2.852216465238890687e-11
8.040000000000002700e-01 2.647297533108349444e-11
8.100000000000000533e-01 2.455729246446753075e-11
8.160000000000002807e-01 2.276751677488242854e-11
8.220000000000000639e-01 2.109639766197753964e-11
8.280000000000002913e-01 1.953702338824258910e-11
8.340000000000000746e-01 1.808281107147515923e-11
8.399999999999998579e-01 1.672749653061703616e-11
8.460000000000000853e-01 1.546512402852908020e-11
8.519999999999998685e-01 1.429003595242808655e-11
8.580000000000000959e-01 1.319686246990341328e-11
8.639999999999998792e-01 1.218051119567421340e-11
8.700000000000001066e-01 1.123615690154196915e-11
8.759999999999998899e-01 1.035923129936197316e-11
8.820000000000001172e-01 9.545412924289391560e-12
8.879999999999999005e-01 8.790617143080060975e-12
8.940000000000001279e-01 8.090986309822818569e-12
8.999999999999999112e-01 7.442880089182294260e-12
9.060000000000001386e-01 6.842865965014858066e-12
9.119999999999999218e-01 6.287709950113543913e-12
9.180000000000001492e-01 5.774367510822431209e-12
9.239999999999999325e-01 5.299974718354492740e-12
9.300000000000001599e-01 4.861839636839284643e-12
9.359999999999999432e-01 4.457433956425476171e-12
9.420000000000001705e-01 4.084384878162876935e-12
9.479999999999999538e-01 3.740467255893747230e-12
9.540000000000001812e-01 3.423595998985692984e-12
9.599999999999999645e-01 3.131818738445181437e-12
9.660000000000001918e-01 2.863308757750381365e-12
9.719999999999999751e-01 2.616358188640931809e-12
9.780000000000002025e-01 2.389371471090172900e-12
9.839999999999999858e-01 2.180859075765315268e-12
9.900000000000002132e-01 1.989431486445203745e-12
9.959999999999999964e-01 1.813793439113713511e-12
1.001999999999999780e+00 1.652738413773362740e-12
1.008000000000000007e+00 1.505143374426844934e-12
1.014000000000000234e+00 1.369963752148190772e-12
1.020000000000000462e+00 1.246228665708034887e-12
1.025999999999999801e+00 1.133036373824106329e-12
1.032000000000000028e+00 1.029549952774932625e-12
1.038000000000000256e+00 9.349931928389630070e-13
1.044000000000000483e+00 8.486467067969109201e-13
1.049999999999999822e+00 7.698442435614884520e-13
1.056000000000000050e+00 6.979691998691190106e-13
1.062000000000000277e+00 6.324513228815684930e-13
1.068000000000000504e+00 5.727635964963481098e-13
1.073999999999999844e+00 5.184193041517411947e-13
1.080000000000000071e+00 4.689692609304375593e-13
1.086000000000000298e+00 4.239992078132631709e-13
1.092000000000000526e+00 3.831273610076494451e-13
1.097999999999999865e+00 3.460021093718497019e-13
1.104000000000000092e+00 3.122998530727948344e-13
1.110000000000000320e+00 2.817229767502284854e-13
1.115999999999999659e+00 2.539979506099629596e-13
1.121999999999999886e+00 2.288735530329973054e-13
1.128000000000000114e+00 2.061192084620817506e-13
1.134000000000000341e+00 1.855234345116036624e-13
1.139999999999999680e+00 1.668923924385992238e-13
1.145999999999999908e+00 1.500485353103420648e-13
1.152000000000000135e+00 1.348293484061546758e-13
1.158000000000000362e+00 1.210861765960046076e-13
1.163999999999999702e+00 1.086831336453068452e-13
1.169999999999999929e+00 9.749608860255749183e-14
1.176000000000000156e+00 8.741172463322466491e-14
1.182000000000000384e+00 7.832666586858635016e-14
1.187999999999999723e+00 7.014666804131204287e-14
1.193999999999999950e+00 6.278586887959228097e-14
1.200000000000000178e+00 5.616609442802764570e-14
1.206000000000000405e+00 5.021621765566181620e-14
1.211999999999999744e+00 4.487156589907900913e-14
1.217999999999999972e+00 4.007337387089656240e-14
1.224000000000000199e+00 3.576827914101620988e-14
1.230000000000000426e+00 3.190785716930168049e-14
1.235999999999999766e+00 2.844819313382228029e-14
1.241999999999999993e+00 2.534948795816180384e-14
1.248000000000000220e+00 2.257569609453780592e-14
1.254000000000000448e+00 2.009419276646044455e-14
1.259999999999999787e+00 1.787546851543724155e-14
1.266000000000000014e+00 1.589284903072442562e-14
1.272000000000000242e+00 1.412223836947097094e-14
1.278000000000000469e+00 1.254188379677861815e-14
1.283999999999999808e+00 1.113216059138667993e-14
1.290000000000000036e+00 9.875375272941467477e-15
1.296000000000000263e+00 8.755585811291398348e-15
1.302000000000000490e+00 7.758437477099316214e-15
1.307999999999999829e+00 6.871013086454087424e-15
1.314000000000000057e+00 6.081696480255568886e-15
1.320000000000000284e+00 5.380048162137455564e-15
1.326000000000000512e+00 4.756692096751554419e-15
1.331999999999999851e+00 4.203212743574353431e-15
1.338000000000000078e+00 3.712061470195430375e-15
1.344000000000000306e+00 3.276471553509277208e-15
1.350000000000000533e+00 2.890381037551304015e-15
1.355999999999999872e+00 2.548362773095379113e-15
1.362000000000000099e+00 2.245561016752669823e-15
1.368000000000000327e+00 1.977634016372998815e-15
1.373999999999999666e+00 1.740702055237864134e-15
1.379999999999999893e+00 1.531300470030359083e-15
1.386000000000000121e+00 1.346337197049823325e-15
1.392000000000000348e+00 1.183054437778852030e-15
1.397999999999999687e+00 1.038994068878492627e-15
1.403999999999999915e+00 9.119664531389340976e-16
1.410000000000000142e+00 8.000223370078652831e-16
1.416000000000000369e+00 7.014275472008426342e-16
1.421999999999999709e+00 6.146402237135331531e-16
1.427999999999999936e+00 5.382903494357474692e-16
1.434000000000000163e+00 4.711613576451009058e-16
1.440000000000000391e+00 4.121736180523280523e-16
1.445999999999999730e+00 3.603696199010853186e-16
1.451999999999999957e+00 3.149006869992286555e-16
1.458000000000000185e+00 2.750150745824941128e-16
1.464000000000000412e+00 2.400473116817210580e-16
1.469999999999999751e+00 2.094086652750166120e-16
1.475999999999999979e+00 1.825786140421568833e-16
1.482000000000000206e+00 1.590972300825931131e-16
1.488000000000000433e+00 1.385583765861944961e-16
1.493999999999999773e+00 1.206036382295299500e-16
1.500000000000000000e+00 1.049169090760693703e-16
1.506000000000000227e+00 9.121957004896573995e-17
1.512000000000000455e+00 7.926619467764961621e-17
1.517999999999999794e+00 6.884072784848817224e-17
1.524000000000000021e+00 5.975308776513361936e-17
1.530000000000000249e+00 5.183614629248491031e-17
1.536000000000000476e+00 4.494304736228526951e-17
1.541999999999999815e+00 3.894482719828429933e-17
1.548000000000000043e+00 3.372830381117819579e-17
1.554000000000000270e+00 2.919420655231687212e-17
1.560000000000000497e+00 2.525551953158767456e-17
1.565999999999999837e+00 2.183601542786356451e-17
1.572000000000000064e+00 1.886895867635343271e-17
1.578000000000000291e+00 1.629595923047380254e-17
1.584000000000000519e+00 1.406596008878239063e-17
1.589999999999999858e+00 1.213434357054456107e-17
1.596000000000000085e+00 1.046214293534835887e-17
1.602000000000000313e+00 9.015347389985076838e-18
1.608000000000000540e+00 7.764289825181127825e-18
1.613999999999999879e+00 6.683107790013887783e-18
1.620000000000000107e+00 5.749269255933888663e-18
1.626000000000000334e+00 4.943155657126348338e-18
1.631999999999999673e+00 4.247695530220892288e-18
1.637999999999999901e+00 3.648042823918551443e-18
1.644000000000000128e+00 3.131294616808417683e-18
1.650000000000000355e+00 2.686243577568310274e-18
1.655999999999999694e+00 2.303161033183902723e-18
1.661999999999999922e+00 1.973606984379898962e-18
1.668000000000000149e+00 1.690263829119062708e-18
1.674000000000000377e+00 1.446790930180698894e-18
1.679999999999999716e+00 1.237697496358837652e-18
1.685999999999999943e+00 1.058231543105110061e-18
1.692000000000000171e+00 9.042829614480920513e-19
1.698000000000000398e+00 7.722989573027766164e-19
1.703999999999999737e+00 6.592103300489706135e-19
1.709999999999999964e+00 5.623672423768455231e-19
1.716000000000000192e+00 4.794832954576003725e-19
1.722000000000000419e+00 4.085868668075549784e-19
1.727999999999999758e+00 3.479787948537943699e-19
1.733999999999999986e+00 2.961956060303192812e-19
1.740000000000000213e+00 2.519775788996159374e-19
1.746000000000000441e+00 2.142410267862613904e-19
1.751999999999999780e+00 1.820542570532309650e-19
1.758000000000000007e+00 1.546167326278439451e-19
1.764000000000000234e+00 1.312410207464056606e-19
1.770000000000000462e+00 1.113371660719498306e-19
1.775999999999999801e+00 9.439917118245388757e-20
1.782000000000000028e+00 7.999330766864243713e-20
1.788000000000000256e+00 6.774801638033258740e-20
1.794000000000000483e+00 5.734518630203525095e-20
1.799999999999999822e+00 4.851262864144739875e-20
1.806000000000000050e+00 4.101758643707555478e-20
1.812000000000000277e+00 3.466114074069684972e-20
1.818000000000000504e+00 2.927339256605853349e-20
1.823999999999999844e+00 2.470931563525919415e-20
1.830000000000000071e+00 2.084518877923929104e-20
1.836000000000000298e+00 1.757552890663390248e-20
1.842000000000000526e+00 1.481045596424760376e-20
1.847999999999999865e+00 1.247343046514345226e-20
1.854000000000000092e+00 1.049931212616908302e-20
1.860000000000000320e+00 8.832695084740620007e-21
1.865999999999999659e+00 7.426481185825604762e-21
1.871999999999999886e+00 6.240658059397219084e-21
1.878000000000000114e+00 5.241253247085762087e-21
1.884000000000000341e+00 4.399439572872885548e-21
1.889999999999999680e+00 3.690770364041358276e-21
1.895999999999999908e+00 3.094526083082756889e-21
1.902000000000000135e+00 2.593156488325548178e-21
1.908000000000000362e+00 2.171804652581393725e-21
1.913999999999999702e+00 1.817901080509946367e-21
1.919999999999999929e+00 1.520817816247632300e-21
1.926000000000000156e+00 1.271573857686286163e-21
1.932000000000000384e+00 1.062584422710980723e-21
1.937999999999999723e+00 8.874476719322899048e-22
1.943999999999999950e+00 7.407634047808905390e-22
1.950000000000000178e+00 6.179790311106315883e-22
1.956000000000000405e+00 5.152587959103462100e-22
1.961999999999999744e+00 4.293728153226639173e-22
1.967999999999999972e+00 3.576029808889445780e-22
1.974000000000000199e+00 2.976632170421392634e-22
1.980000000000000426e+00 2.476319441026703861e-22
1.985999999999999766e+00 2.058949138402827680e-22
1.991999999999999993e+00 1.710968543476832586e-22
1.998000000000000220e+00 1.421005918440292357e-22
2.004000000000000448e+00 1.179525145391673705e-22
2.009999999999999787e+00 9.785341255096683030e-23
2.016000000000000014e+00 8.113387213672453559e-23
2.022000000000000242e+00 6.723352567527680871e-23
2.028000000000000469e+00 5.568356393258863197e-23
2.033999999999999808e+00 4.609200675415125720e-23
2.040000000000000036e+00 3.813130468341663304e-23
2.046000000000000263e+00 3.152790902400618052e-23
2.052000000000000490e+00 2.605350319116345807e-23
2.057999999999999829e+00 2.151763524812637825e-23
2.064000000000000057e+00 1.776153150756058709e-23
2.070000000000000284e+00 1.465290503568794438e-23
2.076000000000000512e+00 1.208160171653691946e-23
2.081999999999999851e+00 9.955950977196785756e-24
2.088000000000000078e+00 8.199708992837633847e-24
2.094000000000000306e+00 6.749499738947539472e-24
2.100000000000000533e+00 5.552674112711062684e-24
2.105999999999999872e+00 4.565519911138143897e-24
2.112000000000000099e+00 3.751766076109172565e-24
2.118000000000000327e+00 3.081333590568220931e-24
2.123999999999999666e+00 2.529292986518680425e-24
2.129999999999999893e+00 2.074994817771612681e-24
2.136000000000000121e+00 1.701344840105320348e-24
2.142000000000000348e+00 1.394200182912175725e-24
2.147999999999999687e+00 1.141866620560049412e-24
2.153999999999999915e+00 9.346802697706617305e-25
2.160000000000000142e+00 7.646597456152702093e-25
2.166000000000000369e+00 6.252170831624540716e-25
2.171999999999999709e+00 5.109176420626679212e-25
2.177999999999999936e+00 4.172808146939101090e-25
2.184000000000000163e+00 3.406147033644022996e-25
2.190000000000000391e+00 2.778790594087827574e-25
2.195999999999999730e+00 2.265717214016016798e-25
2.201999999999999957e+00 1.846345803260642962e-25
2.208000000000000185e+00 1.503757609910493089e-25
2.214000000000000412e+00 1.224052620287979688e-25
2.219999999999999751e+00 9.958175890360574014e-26
2.225999999999999979e+00 8.096866022384582357e-26
2.232000000000000206e+00 6.579782964744484683e-26
2.238000000000000433e+00 5.343965420208591268e-26
2.243999999999999773e+00 4.337836364114686229e-26
2.250000000000000000e+00 3.519169185647383163e-26
2.256000000000000227e+00 2.853412652055895142e-26
2.262000000000000455e+00 2.312312218970312816e-26
2.267999999999999794e+00 1.872775938609448191e-26
2.274000000000000021e+00 1.515942130660490784e-26
2.280000000000000249e+00 1.226413380525868752e-26
2.286000000000000476e+00 9.916275694216638197e-27
2.291999999999999815e+00 8.013417318320401686e-27
2.298000000000000043e+00 6.472087545411608562e-27
2.304000000000000270e+00 5.224304251258669139e-27
2.310000000000000497e+00 4.214732291771944109e-27
2.315999999999999837e+00 3.398356869437114009e-27
2.322000000000000064e+00 2.738579967506825289e-27
2.328000000000000291e+00 2.205663853525382615e-27
2.334000000000000519e+00 1.775459132863618681e-27
2.339999999999999858e+00 1.428365953193452023e-27
2.346000000000000085e+00 1.148486129239317570e-27
2.352000000000000313e+00 9.229315115503414749e-28
2.358000000000000540e+00 7.412601436458186384e-28
2.363999999999999879e+00 5.950168709795137259e-28
2.370000000000000107e+00 4.773592751431924648e-28
2.376000000000000334e+00 3.827532668729685676e-28
2.381999999999999673e+00 3.067255134970322145e-28
2.387999999999999901e+00 2.456622094128610718e-28
2.394000000000000128e+00 1.966456120084667176e-28
2.400000000000000355e+00 1.573213344612496998e-28
2.405999999999999694e+00 1.257906723781372070e-28
2.411999999999999922e+00 1.005232938435548042e-28
2.418000000000000149e+00 8.028648378423248167e-29
2.424000000000000377e+00 6.408783795412995598e-29
2.429999999999999716e+00 5.112887752814888399e-29
2.435999999999999943e+00 4.076752549422726728e-29
2.442000000000000171e+00 3.248776983925045147e-29
2.448000000000000398e+00 2.587515161410560056e-29
2.453999999999999737e+00 2.059697120784302705e-29
2.459999999999999964e+00 1.638631411808966067e-29
2.466000000000000192e+00 1.302916683007328131e-29
2.472000000000000419e+00 1.035403120084621259e-29
2.477999999999999758e+00 8.223557794354796629e-30
2.483999999999999986e+00 6.527809677085191080e-30
2.490000000000000213e+00 5.178842147534536853e-30
2.496000000000000441e+00 4.106343909664265859e-30
2.501999999999999780e+00 3.254133902958151021e-30
2.508000000000000007e+00 2.577347485096668193e-30
2.514000000000000234e+00 2.040177652930601079e-30
2.520000000000000462e+00 1.614062889631036345e-30
2.525999999999999801e+00 1.276234186095589157e-30
2.532000000000000028e+00 1.008550735329162923e-30
2.538000000000000256e+00 7.965674981581496253e-31
2.544000000000000483e+00 6.287889039629514673e-31
2.549999999999999822e+00 4.960718821841035971e-31
2.556000000000000050e+00 3.911486259930649795e-31
2.562000000000000277e+00 3.082452988417445961e-31
2.568000000000000504e+00 2.427775753118544607e-31
2.573999999999999844e+00 1.911076767242765340e-31
2.580000000000000071e+00 1.503505950417925378e-31
2.586000000000000298e+00 1.182196379175376543e-31
2.592000000000000526e+00 9.290338833551393257e-32
2.597999999999999865e+00 7.296774714476917930e-32
2.604000000000000092e+00 5.727799102155790307e-32
2.610000000000000320e+00 4.493679265014165987e-32
2.616000000000000547e+00 3.523496312176656418e-32
2.621999999999999886e+00 2.761232816631992321e-32
2.628000000000000114e+00 2.162667164309763906e-32
2.634000000000000341e+00 1.692909732782277020e-32
2.639999999999999680e+00 1.324449404636267148e-32
2.645999999999999908e+00 1.035605619290680328e-32
2.652000000000000135e+00 8.093024951490191472e-33
2.658000000000000362e+00 6.320985814019496270e-33
2.663999999999999702e+00 4.934193844645070252e-33
2.669999999999999929e+00 3.849506470132113219e-33
2.676000000000000156e+00 3.001589903644481954e-33
2.682000000000000384e+00 2.339134061840851166e-33
2.687999999999999723e+00 1.821865557185855120e-33
2.693999999999999950e+00 1.418191875628367271e-33
2.700000000000000178e+00 1.103344453015206305e-33
2.706000000000000405e+00 8.579158550460851382e-34
2.711999999999999744e+00 6.667080936195470175e-34
2.717999999999999972e+00 5.178264332274387813e-34
2.724000000000000199e+00 4.019667769827865034e-34
2.730000000000000426e+00 3.118556082623307176e-34
2.735999999999999766e+00 2.418100867189860179e-34
2.741999999999999993e+00 1.873927231065570737e-34
2.748000000000000220e+00 1.451404572213682238e-34
2.754000000000000448e+00 1.123522325568586198e-34
2.759999999999999787e+00 8.692253465268607385e-35
2.766000000000000014e+00 6.721102399144994151e-35
2.772000000000000242e+00 5.194049661083326542e-35
2.778000000000000469e+00 4.011706373312927842e-35
2.783999999999999808e+00 3.096774872412506727e-35
2.790000000000000036e+00 2.389172931052870441e-35
2.796000000000000263e+00 1.842226359200082560e-35
2.802000000000000490e+00 1.419697618104264861e-35
2.807999999999999829e+00 1.093468232913620820e-35
2.814000000000000057e+00 8.417322028759483673e-36
2.820000000000000284e+00 6.475885628206704682e-36
2.826000000000000512e+00 4.979455465429207892e-36
2.831999999999999851e+00 3.826678623232813219e-36
2.838000000000000078e+00 2.939135330318295770e-36
2.844000000000000306e+00 2.256184605065452273e-36
2.850000000000000533e+00 1.730960410073895713e-36
2.855999999999999872e+00 1.327263323482280561e-36
2.862000000000000099e+00 1.017148838497530819e-36
2.868000000000000327e+00 7.790572555457159415e-37
2.874000000000000554e+00 5.963643871166799439e-37
2.879999999999999893e+00 4.562590380454585013e-37
2.886000000000000121e+00 3.488740888663083101e-37
2.892000000000000348e+00 2.666142791029312531e-37
2.897999999999999687e+00 2.036364655391323862e-37
2.903999999999999915e+00 1.554480043618055352e-37
2.910000000000000142e+00 1.185965912714720912e-37
2.916000000000000369e+00 9.043087176555888423e-38
2.921999999999999709e+00 6.891578122246483332e-38
2.927999999999999936e+00 5.249018518717068597e-38
2.934000000000000163e+00 3.995719393670513061e-38
2.940000000000000391e+00 3.039970108790230967e-38
2.945999999999999730e+00 2.311538335436186333e-38
2.951999999999999957e+00 1.756670639065558172e-38
2.958000000000000185e+00 1.334249473284889199e-38
2.964000000000000412e+00 1.012840811930966419e-38
2.969999999999999751e+00 7.684273264082318567e-39
2.975999999999999979e+00 5.826689342628614513e-39
2.982000000000000206e+00 4.415688023446183692e-39
2.988000000000000433e+00 3.344508897580879752e-39
2.993999999999999773e+00 2.531767289474754956e-39
3.000000000000000000e+00 1.915458153399717644e-39
