0	666667
0.00199203	666636
0.00398406	666604
0.0059761	666573
0.00796813	666542
0.00996016	666510
0.0119522	666477
0.0139442	666445
0.0159363	666412
0.0179283	666378
0.0199203	666343
0.0219124	666308
0.0239044	666272
0.0258964	666235
0.0278884	666197
0.0298805	666158
0.0318725	666117
0.0338645	666076
0.0358566	666033
0.0378486	665988
0.0398406	665942
0.0418327	665894
0.0438247	665844
0.0458167	665793
0.0478088	665739
0.0498008	665683
0.0517928	665624
0.0537849	665564
0.0557769	665500
0.0577689	665434
0.059761	665365
0.061753	665293
0.063745	665218
0.0657371	665139
0.0677291	665056
0.0697211	664970
0.0717131	664880
0.0737052	664785
0.0756972	664686
0.0776892	664583
0.0796813	664474
0.0816733	664361
0.0836653	664241
0.0856574	664117
0.0876494	663986
0.0896414	663848
0.0916335	663705
0.0936255	663554
0.0956175	663396
0.0976096	663230
0.0996016	663056
0.101594	662873
0.103586	662682
0.105578	662481
0.10757	662271
0.109562	662050
0.111554	661818
0.113546	661575
0.115538	661320
0.11753	661053
0.119522	660772
0.121514	660478
0.123506	660169
0.125498	659845
0.12749	659505
0.129482	659148
0.131474	658774
0.133466	658382
0.135458	657971
0.13745	657539
0.139442	657086
0.141434	656611
0.143426	656113
0.145418	655591
0.14741	655043
0.149402	654468
0.151394	653866
0.153386	653234
0.155378	652572
0.157371	651877
0.159363	651149
0.161355	650385
0.163347	649585
0.165339	648747
0.167331	647868
0.169323	646946
0.171315	645981
0.173307	644969
0.175299	643910
0.177291	642799
0.179283	641637
0.181275	640418
0.183267	639143
0.185259	637807
0.187251	636409
0.189243	634945
0.191235	633413
0.193227	631810
0.195219	630132
0.197211	628377
0.199203	626541
0.201195	624621
0.203187	622614
0.205179	620515
0.207171	618322
0.209163	616031
0.211155	613637
0.213147	611136
0.215139	608526
0.217131	605801
0.219124	602957
0.221116	599990
0.223108	596896
0.2251	593669
0.227092	590307
0.229084	586804
0.231076	583155
0.233068	579357
0.23506	575404
0.237052	571292
0.239044	567016
0.241036	562573
0.243028	557957
0.24502	553164
0.247012	548191
0.249004	543033
0.250996	537686
0.252988	532147
0.25498	526412
0.256972	520478
0.258964	514344
0.260956	508005
0.262948	501461
0.26494	494709
0.266932	487749
0.268924	480580
0.270916	473202
0.272908	465617
0.2749	457824
0.276892	449826
0.278884	441627
0.280876	433229
0.282869	424637
0.284861	415856
0.286853	406892
0.288845	397753
0.290837	388447
0.292829	378982
0.294821	369368
0.296813	359617
0.298805	349740
0.300797	339749
0.302789	329660
0.304781	319486
0.306773	309242
0.308765	298946
0.310757	288614
0.312749	278263
0.314741	267912
0.316733	257580
0.318725	247285
0.320717	237046
0.322709	226883
0.324701	216816
0.326693	206863
0.328685	197044
0.330677	187377
0.332669	177879
0.334661	168569
0.336653	159462
0.338645	150575
0.340637	141922
0.342629	133515
0.344622	125368
0.346614	117492
0.348606	109894
0.350598	102584
0.35259	95567.4
0.354582	88849.8
0.356574	82434.2
0.358566	76322.7
0.360558	70515.6
0.36255	65012
0.364542	59809.4
0.366534	54904.2
0.368526	50291.4
0.370518	45965
0.37251	41917.8
0.374502	38141.9
0.376494	34628.4
0.378486	31367.8
0.380478	28349.9
0.38247	25564
0.384462	22999.3
0.386454	20644.4
0.388446	18488
0.390438	16518.6
0.39243	14724.7
0.394422	13095.2
0.396414	11619
0.398406	10285
0.400398	9082.96
0.40239	8002.59
0.404382	7034.17
0.406375	6168.42
0.408367	5396.49
0.410359	4710.04
0.412351	4101.21
0.414343	3562.65
0.416335	3087.5
0.418327	2669.4
0.420319	2302.45
0.422311	1981.25
0.424303	1700.82
0.426295	1456.62
0.428287	1244.53
0.430279	1060.79
0.432271	902.043
0.434263	765.23
0.436255	647.627
0.438247	546.797
0.440239	460.57
0.442231	387.019
0.444223	324.442
0.446215	271.338
0.448207	226.387
0.450199	188.434
0.452191	156.471
0.454183	129.622
0.456175	107.124
0.458167	88.3214
0.460159	72.6459
0.462151	59.6107
0.464143	48.7982
0.466135	39.8521
0.468127	32.4688
0.47012	26.3905
0.472112	21.3992
0.474104	17.3106
0.476096	13.97
0.478088	11.2473
0.48008	9.0337
0.482072	7.23854
0.484064	5.78634
0.486056	4.61449
0.488048	3.67122
0.49004	2.91384
0.492032	2.30721
0.494024	1.82253
0.496016	1.43625
0.498008	1.12916
0.5	0.885616
0.501992	0.696255
0.503984	0.548687
0.505976	0.433425
0.507968	0.34319
0.50996	0.272389
0.511952	0.216709
0.513944	0.172821
0.515936	0.138149
0.517928	0.110697
0.51992	0.0889104
0.521912	0.0715819
0.523904	0.057768
0.525896	0.0467308
0.527888	0.0378924
0.52988	0.0307988
0.531873	0.0250928
0.533865	0.0204926
0.535857	0.0167755
0.537849	0.0137654
0.539841	0.0113223
0.541833	0.00933495
0.543825	0.00771476
0.545817	0.00639095
0.547809	0.0053069
0.549801	0.00441722
0.551793	0.00368544
0.553785	0.00308221
0.555777	0.00258385
0.557769	0.00217122
0.559761	0.00182883
0.561753	0.0015441
0.563745	0.0013068
0.565737	0.00110859
0.567729	0.00094269
0.569721	0.000803518
0.571713	0.000686521
0.573705	0.000587952
0.575697	0.000504732
0.577689	0.000434319
0.579681	0.000374616
0.581673	0.000323886
0.583665	0.00028069
0.585657	0.00024383
0.587649	0.000212312
0.589641	0.000185306
0.591633	0.000162116
0.593625	0.000142163
0.595618	0.00012496
0.59761	0.000110096
0.599602	9.72287e-05
0.601594	8.60663e-05
0.603586	7.63636e-05
0.605578	6.79129e-05
0.60757	6.0538e-05
0.609562	5.40892e-05
0.611554	4.84393e-05
0.613546	4.34796e-05
0.615538	3.91175e-05
0.61753	3.52735e-05
0.619522	3.18798e-05
0.621514	2.8878e-05
0.623506	2.62179e-05
0.625498	2.38562e-05
0.62749	2.17557e-05
0.629482	1.98841e-05
0.631474	1.82136e-05
0.633466	1.67198e-05
0.635458	1.53818e-05
0.63745	1.41813e-05
0.639442	1.31023e-05
0.641434	1.21309e-05
0.643426	1.1255e-05
0.645418	1.04638e-05
0.64741	9.74813e-06
0.649402	9.09968e-06
0.651394	8.51125e-06
0.653386	7.97649e-06
0.655378	7.48977e-06
0.657371	7.04614e-06
0.659363	6.6412e-06
0.661355	6.27107e-06
0.663347	5.93229e-06
0.665339	5.62179e-06
0.667331	5.33685e-06
0.669323	5.07501e-06
0.671315	4.83411e-06
0.673307	4.6122e-06
0.675299	4.40755e-06
0.677291	4.21859e-06
0.679283	4.04392e-06
0.681275	3.88229e-06
0.683267	3.73257e-06
0.685259	3.59372e-06
0.687251	3.46484e-06
0.689243	3.34508e-06
0.691235	3.23371e-06
0.693227	3.13003e-06
0.695219	3.03343e-06
0.697211	2.94335e-06
0.699203	2.85927e-06
0.701195	2.78074e-06
0.703187	2.70733e-06
0.705179	2.63865e-06
0.707171	2.57435e-06
0.709163	2.51412e-06
0.711155	2.45765e-06
0.713147	2.40468e-06
0.715139	2.35495e-06
0.717131	2.30825e-06
0.719124	2.26436e-06
0.721116	2.22308e-06
0.723108	2.18425e-06
0.7251	2.14769e-06
0.727092	2.11326e-06
0.729084	2.08082e-06
0.731076	2.05023e-06
0.733068	2.02139e-06
0.73506	1.99417e-06
0.737052	1.96848e-06
0.739044	1.94423e-06
0.741036	1.92131e-06
0.743028	1.89965e-06
0.74502	1.87918e-06
0.747012	1.85982e-06
0.749004	1.84151e-06
0.750996	1.82418e-06
0.752988	1.80778e-06
0.75498	1.79225e-06
0.756972	1.77755e-06
0.758964	1.76362e-06
0.760956	1.75042e-06
0.762948	1.73791e-06
0.76494	1.72605e-06
0.766932	1.71481e-06
0.768924	1.70415e-06
0.770916	1.69403e-06
0.772908	1.68444e-06
0.7749	1.67534e-06
0.776892	1.6667e-06
0.778884	1.65849e-06
0.780876	1.65071e-06
0.782869	1.64332e-06
0.784861	1.6363e-06
0.786853	1.62963e-06
0.788845	1.6233e-06
0.790837	1.61728e-06
0.792829	1.61156e-06
0.794821	1.60613e-06
0.796813	1.60097e-06
0.798805	1.59607e-06
0.800797	1.5914e-06
0.802789	1.58697e-06
0.804781	1.58276e-06
0.806773	1.57875e-06
0.808765	1.57494e-06
0.810757	1.57132e-06
0.812749	1.56787e-06
0.814741	1.5646e-06
0.816733	1.56148e-06
0.818725	1.55852e-06
0.820717	1.5557e-06
0.822709	1.55301e-06
0.824701	1.55046e-06
0.826693	1.54803e-06
0.828685	1.54572e-06
0.830677	1.54353e-06
0.832669	1.54144e-06
0.834661	1.53944e-06
0.836653	1.53755e-06
0.838645	1.53575e-06
0.840637	1.53403e-06
0.842629	1.5324e-06
0.844622	1.53085e-06
0.846614	1.52937e-06
0.848606	1.52796e-06
0.850598	1.52662e-06
0.85259	1.52534e-06
0.854582	1.52413e-06
0.856574	1.52297e-06
0.858566	1.52187e-06
0.860558	1.52083e-06
0.86255	1.51983e-06
0.864542	1.51888e-06
0.866534	1.51797e-06
0.868526	1.51711e-06
0.870518	1.51629e-06
0.87251	1.51551e-06
0.874502	1.51477e-06
0.876494	1.51406e-06
0.878486	1.51339e-06
0.880478	1.51274e-06
0.88247	1.51213e-06
0.884462	1.51155e-06
0.886454	1.51099e-06
0.888446	1.51047e-06
0.890438	1.50996e-06
0.89243	1.50948e-06
0.894422	1.50902e-06
0.896414	1.50859e-06
0.898406	1.50817e-06
0.900398	1.50778e-06
0.90239	1.5074e-06
0.904382	1.50704e-06
0.906375	1.5067e-06
0.908367	1.50638e-06
0.910359	1.50606e-06
0.912351	1.50577e-06
0.914343	1.50549e-06
0.916335	1.50522e-06
0.918327	1.50496e-06
0.920319	1.50471e-06
0.922311	1.50448e-06
0.924303	1.50426e-06
0.926295	1.50404e-06
0.928287	1.50384e-06
0.930279	1.50364e-06
0.932271	1.50346e-06
0.934263	1.50328e-06
0.936255	1.50311e-06
0.938247	1.50295e-06
0.940239	1.50279e-06
0.942231	1.50265e-06
0.944223	1.5025e-06
0.946215	1.50237e-06
0.948207	1.50224e-06
0.950199	1.50211e-06
0.952191	1.50199e-06
0.954183	1.50188e-06
0.956175	1.50176e-06
0.958167	1.50166e-06
0.960159	1.50155e-06
0.962151	1.50146e-06
0.964143	1.50136e-06
0.966135	1.50127e-06
0.968127	1.50118e-06
0.97012	1.50109e-06
0.972112	1.50101e-06
0.974104	1.50093e-06
0.976096	1.50085e-06
0.978088	1.50077e-06
0.98008	1.50069e-06
0.982072	1.50062e-06
0.984064	1.50055e-06
0.986056	1.50048e-06
0.988048	1.50041e-06
0.99004	1.50034e-06
0.992032	1.50027e-06
0.994024	1.5002e-06
0.996016	1.50013e-06
0.998008	1.50007e-06
1	1.5e-06
