0	0
0.001	-0.0347779
0.002	-0.0694958
0.003	-0.104154
0.004	-0.138752
0.005	-0.17329
0.006	-0.207768
0.007	-0.242187
0.008	-0.276545
0.009	-0.310843
0.01	-0.345082
0.011	-0.37926
0.012	-0.413379
0.013	-0.447438
0.014	-0.481437
0.015	-0.515376
0.016	-0.549254
0.017	-0.583073
0.018	-0.616833
0.019	-0.650532
0.02	-0.684171
0.021	-0.71775
0.022	-0.75127
0.023	-0.784729
0.024	-0.818129
0.025	-0.851468
0.026	-0.884748
0.027	-0.917968
0.028	-0.951128
0.029	-0.984228
0.03	-1.01727
0.031	-1.05025
0.032	-1.08317
0.033	-1.11603
0.034	-1.14883
0.035	-1.18157
0.036	-1.21425
0.037	-1.24687
0.038	-1.27943
0.039	-1.31193
0.04	-1.34437
0.041	-1.37675
0.042	-1.40907
0.043	-1.44133
0.044	-1.47354
0.045	-1.50568
0.046	-1.53776
0.047	-1.56978
0.048	-1.60174
0.049	-1.63364
0.05	-1.66548
0.051	-1.69726
0.052	-1.72899
0.053	-1.76065
0.054	-1.79225
0.055	-1.82379
0.056	-1.85527
0.057	-1.8867
0.058	-1.91806
0.059	-1.94936
0.06	-1.9806
0.061	-2.01179
0.062	-2.04291
0.063	-2.07397
0.064	-2.10497
0.065	-2.13592
0.066	-2.1668
0.067	-2.19762
0.068	-2.22838
0.069	-2.25909
0.07	-2.28973
0.071	-2.32031
0.072	-2.35084
0.073	-2.3813
0.074	-2.4117
0.075	-2.44205
0.076	-2.47233
0.077	-2.50255
0.078	-2.53272
0.079	-2.56282
0.08	-2.59287
0.081	-2.62285
0.082	-2.65277
0.083	-2.68264
0.084	-2.71244
0.085	-2.74219
0.086	-2.77187
0.087	-2.8015
0.088	-2.83106
0.089	-2.86056
0.09	-2.89001
0.091	-2.91939
0.092	-2.94872
0.093	-2.97798
0.094	-3.00719
0.095	-3.03633
0.096	-3.06542
0.097	-3.09445
0.098	-3.12341
0.099	-3.15232
0.1	-3.18116
0.101	-3.20995
0.102	-3.23867
0.103	-3.26734
0.104	-3.29595
0.105	-3.32449
0.106	-3.35298
0.107	-3.3814
0.108	-3.40977
0.109	-3.43808
0.11	-3.46632
0.111	-3.49451
0.112	-3.52264
0.113	-3.5507
0.114	-3.57871
0.115	-3.60666
0.116	-3.63455
0.117	-3.66237
0.118	-3.69014
0.119	-3.71785
0.12	-3.7455
0.121	-3.77308
0.122	-3.80061
0.123	-3.82808
0.124	-3.85549
0.125	-3.88284
0.126	-3.91013
0.127	-3.93735
0.128	-3.96452
0.129	-3.99163
0.13	-4.01868
0.131	-4.04567
0.132	-4.0726
0.133	-4.09947
0.134	-4.12628
0.135	-4.15303
0.136	-4.17972
0.137	-4.20635
0.138	-4.23292
0.139	-4.25943
0.14	-4.28588
0.141	-4.31227
0.142	-4.3386
0.143	-4.36487
0.144	-4.39108
0.145	-4.41723
0.146	-4.44332
0.147	-4.46935
0.148	-4.49532
0.149	-4.52123
0.15	-4.54709
0.151	-4.57288
0.152	-4.59861
0.153	-4.62428
0.154	-4.64989
0.155	-4.67545
0.156	-4.70094
0.157	-4.72637
0.158	-4.75174
0.159	-4.77706
0.16	-4.80231
0.161	-4.8275
0.162	-4.85264
0.163	-4.87771
0.164	-4.90273
0.165	-4.92768
0.166	-4.95257
0.167	-4.97741
0.168	-5.00218
0.169	-5.0269
0.17	-5.05155
0.171	-5.07615
0.172	-5.10069
0.173	-5.12516
0.174	-5.14958
0.175	-5.17393
0.176	-5.19823
0.177	-5.22247
0.178	-5.24664
0.179	-5.27076
0.18	-5.29482
0.181	-5.31882
0.182	-5.34276
0.183	-5.36663
0.184	-5.39045
0.185	-5.41421
0.186	-5.43791
0.187	-5.46155
0.188	-5.48513
0.189	-5.50865
0.19	-5.53211
0.191	-5.55551
0.192	-5.57885
0.193	-5.60213
0.194	-5.62535
0.195	-5.64852
0.196	-5.67162
0.197	-5.69466
0.198	-5.71764
0.199	-5.74057
0.2	-5.76343
0.201	-5.78623
0.202	-5.80898
0.203	-5.83166
0.204	-5.85429
0.205	-5.87685
0.206	-5.89936
0.207	-5.92181
0.208	-5.94419
0.209	-5.96652
0.21	-5.98879
0.211	-6.01099
0.212	-6.03314
0.213	-6.05523
0.214	-6.07726
0.215	-6.09923
0.216	-6.12114
0.217	-6.14299
0.218	-6.16478
0.219	-6.18651
0.22	-6.20819
0.221	-6.2298
0.222	-6.25135
0.223	-6.27285
0.224	-6.29428
0.225	-6.31565
0.226	-6.33697
0.227	-6.35823
0.228	-6.37942
0.229	-6.40056
0.23	-6.42164
0.231	-6.44266
0.232	-6.46362
0.233	-6.48452
0.234	-6.50536
0.235	-6.52614
0.236	-6.54686
0.237	-6.56752
0.238	-6.58812
0.239	-6.60867
0.24	-6.62915
0.241	-6.64958
0.242	-6.66994
0.243	-6.69025
0.244	-6.7105
0.245	-6.73069
0.246	-6.75082
0.247	-6.77089
0.248	-6.7909
0.249	-6.81085
0.25	-6.83074
0.251	-6.85058
0.252	-6.87035
0.253	-6.89007
0.254	-6.90972
0.255	-6.92932
0.256	-6.94886
0.257	-6.96834
0.258	-6.98776
0.259	-7.00712
0.26	-7.02642
0.261	-7.04567
0.262	-7.06485
0.263	-7.08398
0.264	-7.10304
0.265	-7.12205
0.266	-7.141
0.267	-7.15989
0.268	-7.17872
0.269	-7.1975
0.27	-7.21621
0.271	-7.23487
0.272	-7.25346
0.273	-7.272
0.274	-7.29048
0.275	-7.3089
0.276	-7.32727
0.277	-7.34557
0.278	-7.36382
0.279	-7.382
0.28	-7.40013
0.281	-7.4182
0.282	-7.43621
0.283	-7.45417
0.284	-7.47206
0.285	-7.4899
0.286	-7.50768
0.287	-7.5254
0.288	-7.54306
0.289	-7.56066
0.29	-7.57821
0.291	-7.59569
0.292	-7.61312
0.293	-7.63049
0.294	-7.6478
0.295	-7.66506
0.296	-7.68226
0.297	-7.69939
0.298	-7.71648
0.299	-7.7335
0.3	-7.75046
0.301	-7.76737
0.302	-7.78422
0.303	-7.80101
0.304	-7.81774
0.305	-7.83442
0.306	-7.85104
0.307	-7.8676
0.308	-7.8841
0.309	-7.90055
0.31	-7.91694
0.311	-7.93327
0.312	-7.94954
0.313	-7.96576
0.314	-7.98192
0.315	-7.99802
0.316	-8.01406
0.317	-8.03005
0.318	-8.04598
0.319	-8.06185
0.32	-8.07766
0.321	-8.09342
0.322	-8.10912
0.323	-8.12477
0.324	-8.14036
0.325	-8.15589
0.326	-8.17136
0.327	-8.18678
0.328	-8.20214
0.329	-8.21744
0.33	-8.23269
0.331	-8.24788
0.332	-8.26302
0.333	-8.27809
0.334	-8.29311
0.335	-8.30808
0.336	-8.32299
0.337	-8.33784
0.338	-8.35264
0.339	-8.36738
0.34	-8.38206
0.341	-8.39669
0.342	-8.41126
0.343	-8.42578
0.344	-8.44024
0.345	-8.45464
0.346	-8.46899
0.347	-8.48329
0.348	-8.49752
0.349	-8.51171
0.35	-8.52583
0.351	-8.53991
0.352	-8.55392
0.353	-8.56788
0.354	-8.58179
0.355	-8.59564
0.356	-8.60943
0.357	-8.62317
0.358	-8.63686
0.359	-8.65049
0.36	-8.66407
0.361	-8.67759
0.362	-8.69105
0.363	-8.70447
0.364	-8.71782
0.365	-8.73113
0.366	-8.74438
0.367	-8.75757
0.368	-8.77071
0.369	-8.7838
0.37	-8.79683
0.371	-8.80981
0.372	-8.82273
0.373	-8.8356
0.374	-8.84842
0.375	-8.86118
0.376	-8.87389
0.377	-8.88654
0.378	-8.89915
0.379	-8.9117
0.38	-8.92419
0.381	-8.93663
0.382	-8.94902
0.383	-8.96136
0.384	-8.97364
0.385	-8.98587
0.386	-8.99805
0.387	-9.01018
0.388	-9.02225
0.389	-9.03427
0.39	-9.04624
0.391	-9.05815
0.392	-9.07002
0.393	-9.08183
0.394	-9.09359
0.395	-9.10529
0.396	-9.11695
0.397	-9.12855
0.398	-9.14011
0.399	-9.15161
0.4	-9.16306
0.401	-9.17445
0.402	-9.1858
0.403	-9.1971
0.404	-9.20834
0.405	-9.21953
0.406	-9.23068
0.407	-9.24177
0.408	-9.25281
0.409	-9.2638
0.41	-9.27474
0.411	-9.28563
0.412	-9.29647
0.413	-9.30726
0.414	-9.318
0.415	-9.32869
0.416	-9.33932
0.417	-9.34991
0.418	-9.36046
0.419	-9.37095
0.42	-9.38139
0.421	-9.39178
0.422	-9.40212
0.423	-9.41242
0.424	-9.42266
0.425	-9.43286
0.426	-9.44301
0.427	-9.4531
0.428	-9.46315
0.429	-9.47316
0.43	-9.48311
0.431	-9.49302
0.432	-9.50287
0.433	-9.51268
0.434	-9.52245
0.435	-9.53216
0.436	-9.54183
0.437	-9.55145
0.438	-9.56102
0.439	-9.57054
0.44	-9.58002
0.441	-9.58945
0.442	-9.59884
0.443	-9.60818
0.444	-9.61747
0.445	-9.62671
0.446	-9.63591
0.447	-9.64506
0.448	-9.65417
0.449	-9.66323
0.45	-9.67224
0.451	-9.68121
0.452	-9.69014
0.453	-9.69901
0.454	-9.70785
0.455	-9.71663
0.456	-9.72538
0.457	-9.73407
0.458	-9.74273
0.459	-9.75134
0.46	-9.7599
0.461	-9.76842
0.462	-9.77689
0.463	-9.78532
0.464	-9.79371
0.465	-9.80206
0.466	-9.81035
0.467	-9.81861
0.468	-9.82682
0.469	-9.83499
0.47	-9.84312
0.471	-9.8512
0.472	-9.85924
0.473	-9.86724
0.474	-9.8752
0.475	-9.88311
0.476	-9.89098
0.477	-9.89881
0.478	-9.90659
0.479	-9.91434
0.48	-9.92204
0.481	-9.9297
0.482	-9.93732
0.483	-9.9449
0.484	-9.95243
0.485	-9.95993
0.486	-9.96739
0.487	-9.9748
0.488	-9.98217
0.489	-9.98951
0.49	-9.9968
0.491	-10.0041
0.492	-10.0113
0.493	-10.0184
0.494	-10.0256
0.495	-10.0327
0.496	-10.0397
0.497	-10.0467
0.498	-10.0537
0.499	-10.0606
0.5	-10.0675
0.501	-10.0744
0.502	-10.0812
0.503	-10.088
0.504	-10.0947
0.505	-10.1014
0.506	-10.1081
0.507	-10.1147
0.508	-10.1213
0.509	-10.1279
0.51	-10.1344
0.511	-10.1409
0.512	-10.1473
0.513	-10.1537
0.514	-10.1601
0.515	-10.1664
0.516	-10.1727
0.517	-10.179
0.518	-10.1852
0.519	-10.1914
0.52	-10.1975
0.521	-10.2037
0.522	-10.2097
0.523	-10.2158
0.524	-10.2218
0.525	-10.2278
0.526	-10.2337
0.527	-10.2396
0.528	-10.2455
0.529	-10.2513
0.53	-10.2571
0.531	-10.2629
0.532	-10.2686
0.533	-10.2743
0.534	-10.28
0.535	-10.2856
0.536	-10.2912
0.537	-10.2967
0.538	-10.3023
0.539	-10.3078
0.54	-10.3132
0.541	-10.3187
0.542	-10.3241
0.543	-10.3294
0.544	-10.3347
0.545	-10.34
0.546	-10.3453
0.547	-10.3506
0.548	-10.3558
0.549	-10.3609
0.55	-10.3661
0.551	-10.3712
0.552	-10.3763
0.553	-10.3813
0.554	-10.3863
0.555	-10.3913
0.556	-10.3963
0.557	-10.4012
0.558	-10.4061
0.559	-10.4109
0.56	-10.4158
0.561	-10.4206
0.562	-10.4253
0.563	-10.4301
0.564	-10.4348
0.565	-10.4395
0.566	-10.4441
0.567	-10.4488
0.568	-10.4534
0.569	-10.4579
0.57	-10.4625
0.571	-10.467
0.572	-10.4715
0.573	-10.4759
0.574	-10.4804
0.575	-10.4848
0.576	-10.4891
0.577	-10.4935
0.578	-10.4978
0.579	-10.5021
0.58	-10.5063
0.581	-10.5106
0.582	-10.5148
0.583	-10.519
0.584	-10.5231
0.585	-10.5273
0.586	-10.5314
0.587	-10.5354
0.588	-10.5395
0.589	-10.5435
0.59	-10.5475
0.591	-10.5515
0.592	-10.5554
0.593	-10.5593
0.594	-10.5632
0.595	-10.5671
0.596	-10.571
0.597	-10.5748
0.598	-10.5786
0.599	-10.5823
0.6	-10.5861
0.601	-10.5898
0.602	-10.5935
0.603	-10.5972
0.604	-10.6008
0.605	-10.6045
0.606	-10.6081
0.607	-10.6116
0.608	-10.6152
0.609	-10.6187
0.61	-10.6222
0.611	-10.6257
0.612	-10.6292
0.613	-10.6326
0.614	-10.636
0.615	-10.6394
0.616	-10.6428
0.617	-10.6462
0.618	-10.6495
0.619	-10.6528
0.62	-10.6561
0.621	-10.6593
0.622	-10.6626
0.623	-10.6658
0.624	-10.669
0.625	-10.6722
0.626	-10.6753
0.627	-10.6785
0.628	-10.6816
0.629	-10.6847
0.63	-10.6878
0.631	-10.6908
0.632	-10.6938
0.633	-10.6968
0.634	-10.6998
0.635	-10.7028
0.636	-10.7058
0.637	-10.7087
0.638	-10.7116
0.639	-10.7145
0.64	-10.7174
0.641	-10.7202
0.642	-10.7231
0.643	-10.7259
0.644	-10.7287
0.645	-10.7314
0.646	-10.7342
0.647	-10.7369
0.648	-10.7397
0.649	-10.7424
0.65	-10.745
0.651	-10.7477
0.652	-10.7504
0.653	-10.753
0.654	-10.7556
0.655	-10.7582
0.656	-10.7608
0.657	-10.7633
0.658	-10.7659
0.659	-10.7684
0.66	-10.7709
0.661	-10.7734
0.662	-10.7759
0.663	-10.7783
0.664	-10.7808
0.665	-10.7832
0.666	-10.7856
0.667	-10.788
0.668	-10.7903
0.669	-10.7927
0.67	-10.795
0.671	-10.7974
0.672	-10.7997
0.673	-10.802
0.674	-10.8042
0.675	-10.8065
0.676	-10.8087
0.677	-10.811
0.678	-10.8132
0.679	-10.8154
0.68	-10.8176
0.681	-10.8197
0.682	-10.8219
0.683	-10.824
0.684	-10.8262
0.685	-10.8283
0.686	-10.8304
0.687	-10.8324
0.688	-10.8345
0.689	-10.8366
0.69	-10.8386
0.691	-10.8406
0.692	-10.8426
0.693	-10.8446
0.694	-10.8466
0.695	-10.8486
0.696	-10.8505
0.697	-10.8525
0.698	-10.8544
0.699	-10.8563
0.7	-10.8582
0.701	-10.8601
0.702	-10.862
0.703	-10.8638
0.704	-10.8657
0.705	-10.8675
0.706	-10.8693
0.707	-10.8712
0.708	-10.8729
0.709	-10.8747
0.71	-10.8765
0.711	-10.8783
0.712	-10.88
0.713	-10.8817
0.714	-10.8835
0.715	-10.8852
0.716	-10.8869
0.717	-10.8886
0.718	-10.8902
0.719	-10.8919
0.72	-10.8936
0.721	-10.8952
0.722	-10.8968
0.723	-10.8984
0.724	-10.9001
0.725	-10.9016
0.726	-10.9032
0.727	-10.9048
0.728	-10.9064
0.729	-10.9079
0.73	-10.9095
0.731	-10.911
0.732	-10.9125
0.733	-10.914
0.734	-10.9155
0.735	-10.917
0.736	-10.9185
0.737	-10.9199
0.738	-10.9214
0.739	-10.9228
0.74	-10.9243
0.741	-10.9257
0.742	-10.9271
0.743	-10.9285
0.744	-10.9299
0.745	-10.9313
0.746	-10.9327
0.747	-10.9341
0.748	-10.9354
0.749	-10.9368
0.75	-10.9381
0.751	-10.9394
0.752	-10.9408
0.753	-10.9421
0.754	-10.9434
0.755	-10.9447
0.756	-10.9459
0.757	-10.9472
0.758	-10.9485
0.759	-10.9497
0.76	-10.951
0.761	-10.9522
0.762	-10.9535
0.763	-10.9547
0.764	-10.9559
0.765	-10.9571
0.766	-10.9583
0.767	-10.9595
0.768	-10.9607
0.769	-10.9618
0.77	-10.963
0.771	-10.9642
0.772	-10.9653
0.773	-10.9665
0.774	-10.9676
0.775	-10.9687
0.776	-10.9698
0.777	-10.9709
0.778	-10.972
0.779	-10.9731
0.78	-10.9742
0.781	-10.9753
0.782	-10.9764
0.783	-10.9774
0.784	-10.9785
0.785	-10.9795
0.786	-10.9806
0.787	-10.9816
0.788	-10.9826
0.789	-10.9837
0.79	-10.9847
0.791	-10.9857
0.792	-10.9867
0.793	-10.9877
0.794	-10.9887
0.795	-10.9896
0.796	-10.9906
0.797	-10.9916
0.798	-10.9926
0.799	-10.9935
0.8	-10.9945
0.801	-10.9954
0.802	-10.9963
0.803	-10.9973
0.804	-10.9982
0.805	-10.9991
0.806	-11
0.807	-11.0009
0.808	-11.0018
0.809	-11.0027
0.81	-11.0036
0.811	-11.0045
0.812	-11.0053
0.813	-11.0062
0.814	-11.0071
0.815	-11.0079
0.816	-11.0088
0.817	-11.0096
0.818	-11.0105
0.819	-11.0113
0.82	-11.0121
0.821	-11.0129
0.822	-11.0138
0.823	-11.0146
0.824	-11.0154
0.825	-11.0162
0.826	-11.017
0.827	-11.0178
0.828	-11.0186
0.829	-11.0193
0.83	-11.0201
0.831	-11.0209
0.832	-11.0217
0.833	-11.0224
0.834	-11.0232
0.835	-11.0239
0.836	-11.0247
0.837	-11.0254
0.838	-11.0261
0.839	-11.0269
0.84	-11.0276
0.841	-11.0283
0.842	-11.029
0.843	-11.0298
0.844	-11.0305
0.845	-11.0312
0.846	-11.0319
0.847	-11.0326
0.848	-11.0333
0.849	-11.034
0.85	-11.0346
0.851	-11.0353
0.852	-11.036
0.853	-11.0367
0.854	-11.0373
0.855	-11.038
0.856	-11.0387
0.857	-11.0393
0.858	-11.04
0.859	-11.0406
0.86	-11.0412
0.861	-11.0419
0.862	-11.0425
0.863	-11.0432
0.864	-11.0438
0.865	-11.0444
0.866	-11.045
0.867	-11.0456
0.868	-11.0463
0.869	-11.0469
0.87	-11.0475
0.871	-11.0481
0.872	-11.0487
0.873	-11.0493
0.874	-11.0499
0.875	-11.0505
0.876	-11.051
0.877	-11.0516
0.878	-11.0522
0.879	-11.0528
0.88	-11.0534
0.881	-11.0539
0.882	-11.0545
0.883	-11.0551
0.884	-11.0556
0.885	-11.0562
0.886	-11.0567
0.887	-11.0573
0.888	-11.0578
0.889	-11.0584
0.89	-11.0589
0.891	-11.0595
0.892	-11.06
0.893	-11.0605
0.894	-11.0611
0.895	-11.0616
0.896	-11.0621
0.897	-11.0626
0.898	-11.0632
0.899	-11.0637
0.9	-11.0642
0.901	-11.0647
0.902	-11.0652
0.903	-11.0657
0.904	-11.0662
0.905	-11.0667
0.906	-11.0672
0.907	-11.0677
0.908	-11.0682
0.909	-11.0687
0.91	-11.0692
0.911	-11.0697
0.912	-11.0702
0.913	-11.0707
0.914	-11.0712
0.915	-11.0716
0.916	-11.0721
0.917	-11.0726
0.918	-11.0731
0.919	-11.0735
0.92	-11.074
0.921	-11.0745
0.922	-11.0749
0.923	-11.0754
0.924	-11.0759
0.925	-11.0763
0.926	-11.0768
0.927	-11.0773
0.928	-11.0777
0.929	-11.0782
0.93	-11.0786
0.931	-11.0791
0.932	-11.0795
0.933	-11.08
0.934	-11.0804
0.935	-11.0809
0.936	-11.0813
0.937	-11.0817
0.938	-11.0822
0.939	-11.0826
0.94	-11.083
0.941	-11.0835
0.942	-11.0839
0.943	-11.0843
0.944	-11.0848
0.945	-11.0852
0.946	-11.0856
0.947	-11.0861
0.948	-11.0865
0.949	-11.0869
0.95	-11.0873
0.951	-11.0878
0.952	-11.0882
0.953	-11.0886
0.954	-11.089
0.955	-11.0894
0.956	-11.0898
0.957	-11.0903
0.958	-11.0907
0.959	-11.0911
0.96	-11.0915
0.961	-11.0919
0.962	-11.0923
0.963	-11.0927
0.964	-11.0931
0.965	-11.0935
0.966	-11.094
0.967	-11.0944
0.968	-11.0948
0.969	-11.0952
0.97	-11.0956
0.971	-11.096
0.972	-11.0964
0.973	-11.0968
0.974	-11.0972
0.975	-11.0976
0.976	-11.098
0.977	-11.0984
0.978	-11.0988
0.979	-11.0992
0.98	-11.0996
0.981	-11.1
0.982	-11.1004
0.983	-11.1008
0.984	-11.1012
0.985	-11.1016
0.986	-11.102
0.987	-11.1023
0.988	-11.1027
0.989	-11.1031
0.99	-11.1035
0.991	-11.1039
0.992	-11.1043
0.993	-11.1047
0.994	-11.1051
0.995	-11.1055
0.996	-11.1059
0.997	-11.1063
0.998	-11.1067
0.999	-11.1071
1	-11.1075
