1.000000000000000056e-01 1.058079862674850971e+06 1.056144319819667144e+06
1.081632653061224553e-01 1.069975734120359877e+06 1.068039680019708350e+06
1.163265306122449050e-01 1.081744460085233673e+06 1.079807707066487521e+06
1.244897959183673547e-01 1.093391492060420336e+06 1.091453782766547287e+06
1.326530612244898044e-01 1.104922504917182028e+06 1.102983486388777150e+06
1.408163265306122680e-01 1.116343573052309919e+06 1.114402761284206761e+06
1.489795918367347038e-01 1.127661402797632618e+06 1.125718134106964106e+06
1.571428571428571397e-01 1.138883642052106559e+06 1.136937006423618179e+06
1.653061224489796033e-01 1.150019295559099643e+06 1.148068045234909980e+06
1.734693877551020669e-01 1.161079284394089365e+06 1.159121708554006414e+06
1.816326530612245027e-01 1.172077201988991816e+06 1.170110954921710072e+06
1.897959183673469385e-01 1.183030337655376643e+06 1.181052203188057290e+06
1.979591836734694021e-01 1.193961063747332897e+06 1.191966632268807385e+06
2.061224489795918657e-01 1.204898716515466338e+06 1.202881942140278872e+06
2.142857142857143016e-01 1.215882146179473260e+06 1.213834739724404179e+06
2.224489795918367374e-01 1.226963172373955604e+06 1.224873769107393688e+06
2.306122448979592010e-01 1.238211261290251510e+06 1.236064280093435431e+06
2.387755102040816368e-01 1.249719845634499099e+06 1.247493925209939480e+06
2.469387755102041004e-01 1.261614843293783953e+06 1.259280698833355913e+06
2.551020408163265918e-01 1.274066099842842435e+06 1.271583585748472717e+06
2.632653061224490276e-01 1.287302685060114134e+06 1.284616770335690118e+06
2.714285714285714635e-01 1.301633208233063109e+06 1.298668463326633675e+06
2.795918367346938993e-01 1.317472559855014784e+06 1.314125606749963248e+06
2.877551020408163351e-01 1.335376689848200651e+06 1.331505867280784994e+06
2.959183673469387710e-01 1.356087102472791215e+06 1.351498326531946426e+06
3.040816326530612068e-01 1.380586531902965857e+06 1.375013965419109212e+06
3.122448979591836982e-01 1.410166538052588468e+06 1.403246185668122256e+06
3.204081632653061895e-01 1.446506271433401620e+06 1.437739952041591983e+06
3.285714285714286254e-01 1.491759222950028256e+06 1.480465478690594435e+06
3.367346938775510612e-01 1.548641559703727718e+06 1.533888872042736970e+06
3.448979591836734970e-01 1.620512510907531949e+06 1.601028613992805360e+06
3.530612244897959329e-01 1.711436013001757441e+06 1.685485006121716928e+06
3.612244897959183687e-01 1.826215816603076877e+06 1.791432030396790244e+06
3.693877551020408045e-01 1.970404952841885388e+06 1.923568941902603954e+06
3.775510204081632404e-01 2.150303277467831038e+06 2.087040697214675834e+06
3.857142857142857872e-01 2.372968390556013212e+06 2.287346670229427516e+06
3.938775510204082231e-01 2.646269060253714211e+06 2.530259513486903161e+06
4.020408163265306589e-01 2.979003690890568309e+06 2.821767904425080400e+06
4.102040816326530948e-01 3.381093173424738925e+06 3.168042162526434753e+06
4.183673469387755306e-01 3.863845083455888554e+06 3.575408033500090707e+06
4.265306122448979664e-01 4.440280194284180179e+06 4.050307168248930015e+06
4.346938775510204023e-01 5.125513383292688988e+06 4.599224163318980485e+06
4.428571428571428381e-01 5.937186481085496023e+06 5.228567170101476833e+06
4.510204081632653850e-01 6.895957169700461440e+06 5.944499034047985449e+06
4.591836734693878208e-01 8.026053703611070290e+06 6.752726555954179727e+06
4.673469387755102566e-01 9.355909499503960833e+06 7.658265380146976560e+06
4.755102040816326925e-01 1.091889486030411348e+07 8.665205815526256338e+06
4.836734693877551283e-01 1.275416585004387423e+07 9.776508874566027895e+06
4.918367346938775642e-01 1.490765313015073910e+07 1.099386038335584849e+07
5.000000000000000000e-01 1.743321676172058657e+07 1.231760367962042056e+07
