1.000000000000000056e-01 1.058079862674850971e+06 1.057885941315934295e+06
1.081632653061224553e-01 1.069975734120359877e+06 1.069781762819515076e+06
1.163265306122449050e-01 1.081744460085233673e+06 1.081550419679527869e+06
1.244897959183673547e-01 1.093391492060420336e+06 1.093197356196738314e+06
1.326530612244898044e-01 1.104922504917182028e+06 1.104728237593523227e+06
1.408163265306122680e-01 1.116343573052309919e+06 1.116149124872106826e+06
1.489795918367347038e-01 1.127661402797632618e+06 1.127466706029080087e+06
1.571428571428571397e-01 1.138883642052106559e+06 1.138688603846660350e+06
1.653061224489796033e-01 1.150019295559099643e+06 1.149823788609685376e+06
1.734693877551020669e-01 1.161079284394089365e+06 1.160883134137809509e+06
1.816326530612245027e-01 1.172077201988991816e+06 1.171880169067276409e+06
1.897959183673469385e-01 1.183030337655376643e+06 1.182832094038266456e+06
1.979591836734694021e-01 1.193961063747332897e+06 1.193761159023531480e+06
2.061224489795918657e-01 1.204898716515466338e+06 1.204696533711635275e+06
2.142857142857143016e-01 1.215882146179473260e+06 1.215676839032272343e+06
2.224489795918367374e-01 1.226963172373955604e+06 1.226753580443713814e+06
2.306122448979592010e-01 1.238211261290251510e+06 1.237995793296539923e+06
2.387755102040816368e-01 1.249719845634499099e+06 1.249496319502264960e+06
2.469387755102041004e-01 1.261614843293783953e+06 1.261380266842112876e+06
2.551020408163265918e-01 1.274066099842842435e+06 1.273816370020127390e+06
2.632653061224490276e-01 1.287302685060114134e+06 1.287032175552403554e+06
2.714285714285714635e-01 1.301633208233063109e+06 1.301334204052345362e+06
2.795918367346938993e-01 1.317472559855014784e+06 1.317134482054111082e+06
2.877551020408163351e-01 1.335376689848200651e+06 1.334985032618790865e+06
2.959183673469387710e-01 1.356087102472791215e+06 1.355621976258721203e+06
3.040816326530612068e-01 1.380586531902965857e+06 1.380020664263691055e+06
3.122448979591836982e-01 1.410166538052588468e+06 1.409462537868629210e+06
3.204081632653061895e-01 1.446506271433401620e+06 1.445612874412726611e+06
3.285714285714286254e-01 1.491759222950028256e+06 1.490606150234453613e+06
3.367346938775510612e-01 1.548641559703727718e+06 1.547132466880862601e+06
3.448979591836734970e-01 1.620512510907531949e+06 1.618515341074496508e+06
3.530612244897959329e-01 1.711436013001757441e+06 1.708769771683160216e+06
3.612244897959183687e-01 1.826215816603076877e+06 1.822632458069248591e+06
3.693877551020408045e-01 1.970404952841885388e+06 1.965564599758184282e+06
3.775510204081632404e-01 2.150303277467831038e+06 2.143740278004656546e+06
3.857142857142857872e-01 2.372968390556013212e+06 2.364044884838495404e+06
3.938775510204082231e-01 2.646269060253714211e+06 2.634111459723448381e+06
4.020408163265306589e-01 2.979003690890568309e+06 2.962415827769637574e+06
4.102040816326530948e-01 3.381093173424738925e+06 3.358437610936095007e+06
4.183673469387755306e-01 3.863845083455888554e+06 3.832881014952541795e+06
4.265306122448979664e-01 4.440280194284180179e+06 4.397942211770080961e+06
4.346938775510204023e-01 5.125513383292688988e+06 5.067609801457110792e+06
4.428571428571428381e-01 5.937186481085496023e+06 5.857988376043629833e+06
4.510204081632653850e-01 6.895957169700461440e+06 6.787639203394799493e+06
4.591836734693878208e-01 8.026053703611070290e+06 7.877934343794994988e+06
4.673469387755102566e-01 9.355909499503960833e+06 9.153420381197288632e+06
4.755102040816326925e-01 1.091889486030411348e+07 1.064218548399720527e+07
4.836734693877551283e-01 1.275416585004387423e+07 1.237621902374857850e+07
4.918367346938775642e-01 1.490765313015073910e+07 1.439174671145601198e+07
5.000000000000000000e-01 1.743321676172058657e+07 1.672951634532799944e+07
