0	225000
0.001998	225177
0.003996	225353
0.00599401	225530
0.00799201	225708
0.00999001	225885
0.011988	226063
0.013986	226242
0.015984	226420
0.017982	226600
0.01998	226779
0.021978	226960
0.023976	227141
0.025974	227322
0.027972	227505
0.02997	227688
0.031968	227872
0.033966	228056
0.035964	228242
0.037962	228428
0.03996	228616
0.041958	228804
0.043956	228994
0.045954	229185
0.047952	229376
0.04995	229569
0.0519481	229764
0.0539461	229959
0.0559441	230156
0.0579421	230355
0.0599401	230554
0.0619381	230756
0.0639361	230959
0.0659341	231163
0.0679321	231369
0.0699301	231577
0.0719281	231787
0.0739261	231998
0.0759241	232211
0.0779221	232427
0.0799201	232644
0.0819181	232863
0.0839161	233084
0.0859141	233308
0.0879121	233533
0.0899101	233761
0.0919081	233992
0.0939061	234224
0.0959041	234459
0.0979021	234697
0.0999001	234937
0.101898	235180
0.103896	235425
0.105894	235673
0.107892	235924
0.10989	236178
0.111888	236435
0.113886	236695
0.115884	236958
0.117882	237224
0.11988	237493
0.121878	237766
0.123876	238042
0.125874	238321
0.127872	238604
0.12987	238891
0.131868	239181
0.133866	239475
0.135864	239773
0.137862	240075
0.13986	240380
0.141858	240690
0.143856	241004
0.145854	241322
0.147852	241645
0.14985	241972
0.151848	242303
0.153846	242639
0.155844	242980
0.157842	243326
0.15984	243676
0.161838	244031
0.163836	244392
0.165834	244757
0.167832	245128
0.16983	245505
0.171828	245886
0.173826	246274
0.175824	246667
0.177822	247066
0.17982	247471
0.181818	247882
0.183816	248299
0.185814	248722
0.187812	249152
0.18981	249588
0.191808	250031
0.193806	250481
0.195804	250937
0.197802	251401
0.1998	251872
0.201798	252350
0.203796	252836
0.205794	253329
0.207792	253830
0.20979	254339
0.211788	254856
0.213786	255381
0.215784	255915
0.217782	256457
0.21978	257007
0.221778	257567
0.223776	258136
0.225774	258713
0.227772	259301
0.22977	259897
0.231768	260504
0.233766	261120
0.235764	261747
0.237762	262384
0.23976	263031
0.241758	263689
0.243756	264358
0.245754	265039
0.247752	265730
0.24975	266433
0.251748	267148
0.253746	267875
0.255744	268614
0.257742	269366
0.25974	270130
0.261738	270908
0.263736	271699
0.265734	272503
0.267732	273321
0.26973	274153
0.271728	274999
0.273726	275860
0.275724	276736
0.277722	277627
0.27972	278534
0.281718	279456
0.283716	280395
0.285714	281350
0.287712	282321
0.28971	283310
0.291708	284317
0.293706	285341
0.295704	286383
0.297702	287444
0.2997	288524
0.301698	289623
0.303696	290741
0.305694	291880
0.307692	293040
0.30969	294220
0.311688	295422
0.313686	296646
0.315684	297891
0.317682	299160
0.31968	300452
0.321678	301767
0.323676	303107
0.325674	304472
0.327672	305861
0.32967	307277
0.331668	308719
0.333666	310187
0.335664	311683
0.337662	313208
0.33966	314761
0.341658	316343
0.343656	317955
0.345654	319597
0.347652	321271
0.34965	322977
0.351648	324715
0.353646	326487
0.355644	328293
0.357642	330134
0.35964	332010
0.361638	333923
0.363636	335873
0.365634	337861
0.367632	339887
0.36963	341954
0.371628	344062
0.373626	346211
0.375624	348402
0.377622	350638
0.37962	352917
0.381618	355243
0.383616	357615
0.385614	360035
0.387612	362504
0.38961	365023
0.391608	367593
0.393606	370216
0.395604	372892
0.397602	375623
0.3996	378411
0.401598	381256
0.403596	384160
0.405594	387125
0.407592	390152
0.40959	393242
0.411588	396397
0.413586	399619
0.415584	402910
0.417582	406270
0.41958	409702
0.421578	413207
0.423576	416788
0.425574	420447
0.427572	424184
0.42957	428003
0.431568	431905
0.433566	435893
0.435564	439969
0.437562	444134
0.43956	448392
0.441558	452745
0.443556	457195
0.445554	461745
0.447552	466397
0.44955	471154
0.451548	476020
0.453546	480996
0.455544	486087
0.457542	491294
0.45954	496621
0.461538	502072
0.463536	507650
0.465534	513358
0.467532	519200
0.46953	525180
0.471528	531301
0.473526	537568
0.475524	543985
0.477522	550555
0.47952	557283
0.481518	564174
0.483516	571232
0.485514	578463
0.487512	585871
0.48951	593461
0.491508	601239
0.493506	609209
0.495504	617379
0.497502	625753
0.4995	634338
0.501499	643140
0.503497	652166
0.505495	661422
0.507493	670915
0.509491	680653
0.511489	690643
0.513487	700892
0.515485	711409
0.517483	722202
0.519481	733279
0.521479	744650
0.523477	756323
0.525475	768309
0.527473	780616
0.529471	793256
0.531469	806238
0.533467	819575
0.535465	833276
0.537463	847355
0.539461	861822
0.541459	876692
0.543457	891977
0.545455	907691
0.547453	923848
0.549451	940462
0.551449	957550
0.553447	975127
0.555445	993209
0.557443	1.01181e+06
0.559441	1.03096e+06
0.561439	1.05066e+06
0.563437	1.07094e+06
0.565435	1.09182e+06
0.567433	1.11332e+06
0.569431	1.13546e+06
0.571429	1.15826e+06
0.573427	1.18174e+06
0.575425	1.20594e+06
0.577423	1.23087e+06
0.579421	1.25656e+06
0.581419	1.28304e+06
0.583417	1.31033e+06
0.585415	1.33848e+06
0.587413	1.36749e+06
0.589411	1.39742e+06
0.591409	1.42829e+06
0.593407	1.46013e+06
0.595405	1.49299e+06
0.597403	1.5269e+06
0.599401	1.56189e+06
0.601399	1.59801e+06
0.603397	1.63531e+06
0.605395	1.67382e+06
0.607393	1.71359e+06
0.609391	1.75468e+06
0.611389	1.79712e+06
0.613387	1.84097e+06
0.615385	1.88629e+06
0.617383	1.93314e+06
0.619381	1.98156e+06
0.621379	2.03163e+06
0.623377	2.08341e+06
0.625375	2.13696e+06
0.627373	2.19236e+06
0.629371	2.24968e+06
0.631369	2.30899e+06
0.633367	2.37038e+06
0.635365	2.43393e+06
0.637363	2.49972e+06
0.639361	2.56786e+06
0.641359	2.63842e+06
0.643357	2.71152e+06
0.645355	2.78725e+06
0.647353	2.86573e+06
0.649351	2.94707e+06
0.651349	3.03139e+06
0.653347	3.11881e+06
0.655345	3.20946e+06
0.657343	3.30348e+06
0.659341	3.40102e+06
0.661339	3.50222e+06
0.663337	3.60723e+06
0.665335	3.71623e+06
0.667333	3.82938e+06
0.669331	3.94687e+06
0.671329	4.06888e+06
0.673327	4.19561e+06
0.675325	4.32726e+06
0.677323	4.46406e+06
0.679321	4.60623e+06
0.681319	4.75401e+06
0.683317	4.90765e+06
0.685315	5.06741e+06
0.687313	5.23357e+06
0.689311	5.40642e+06
0.691309	5.58625e+06
0.693307	5.77339e+06
0.695305	5.96817e+06
0.697303	6.17094e+06
0.699301	6.38208e+06
0.701299	6.60196e+06
0.703297	6.83099e+06
0.705295	7.06961e+06
0.707293	7.31826e+06
0.709291	7.5774e+06
0.711289	7.84755e+06
0.713287	8.12921e+06
0.715285	8.42295e+06
0.717283	8.72933e+06
0.719281	9.04896e+06
0.721279	9.38249e+06
0.723277	9.73058e+06
0.725275	1.00939e+07
0.727273	1.04733e+07
0.729271	1.08695e+07
0.731269	1.12833e+07
0.733267	1.17156e+07
0.735265	1.21674e+07
0.737263	1.26395e+07
0.739261	1.3133e+07
0.741259	1.3649e+07
0.743257	1.41886e+07
0.745255	1.47531e+07
0.747253	1.53436e+07
0.749251	1.59614e+07
0.751249	1.66081e+07
0.753247	1.72851e+07
0.755245	1.79939e+07
0.757243	1.87362e+07
0.759241	1.95137e+07
0.761239	2.03283e+07
0.763237	2.1182e+07
0.765235	2.20766e+07
0.767233	2.30146e+07
0.769231	2.3998e+07
0.771229	2.50295e+07
0.773227	2.61114e+07
0.775225	2.72466e+07
0.777223	2.84378e+07
0.779221	2.96882e+07
0.781219	3.1001e+07
0.783217	3.23794e+07
0.785215	3.38272e+07
0.787213	3.53482e+07
0.789211	3.69463e+07
0.791209	3.86258e+07
0.793207	4.03913e+07
0.795205	4.22475e+07
0.797203	4.41996e+07
0.799201	4.62528e+07
0.801199	4.8413e+07
0.803197	5.06861e+07
0.805195	5.30786e+07
0.807193	5.55972e+07
0.809191	5.82493e+07
0.811189	6.10424e+07
0.813187	6.39847e+07
0.815185	6.70847e+07
0.817183	7.03518e+07
0.819181	7.37956e+07
0.821179	7.74264e+07
0.823177	8.12552e+07
0.825175	8.52937e+07
0.827173	8.95543e+07
0.829171	9.40502e+07
0.831169	9.87953e+07
0.833167	1.03805e+08
0.835165	1.09094e+08
0.837163	1.1468e+08
0.839161	1.20581e+08
0.841159	1.26816e+08
0.843157	1.33406e+08
0.845155	1.40371e+08
0.847153	1.47735e+08
0.849151	1.55522e+08
0.851149	1.6376e+08
0.853147	1.72474e+08
0.855145	1.81696e+08
0.857143	1.91457e+08
0.859141	2.0179e+08
0.861139	2.12732e+08
0.863137	2.2432e+08
0.865135	2.36597e+08
0.867133	2.49605e+08
0.869131	2.63391e+08
0.871129	2.78005e+08
0.873127	2.935e+08
0.875125	3.09932e+08
0.877123	3.27363e+08
0.879121	3.45857e+08
0.881119	3.65484e+08
0.883117	3.86316e+08
0.885115	4.08433e+08
0.887113	4.3192e+08
0.889111	4.56866e+08
0.891109	4.83369e+08
0.893107	5.11532e+08
0.895105	5.41465e+08
0.897103	5.73287e+08
0.899101	6.07124e+08
0.901099	6.43112e+08
0.903097	6.81396e+08
0.905095	7.22132e+08
0.907093	7.65486e+08
0.909091	8.11637e+08
0.911089	8.60776e+08
0.913087	9.13109e+08
0.915085	9.68855e+08
0.917083	1.02825e+09
0.919081	1.09155e+09
0.921079	1.15902e+09
0.923077	1.23096e+09
0.925075	1.30767e+09
0.927073	1.3895e+09
0.929071	1.4768e+09
0.931069	1.56996e+09
0.933067	1.6694e+09
0.935065	1.77556e+09
0.937063	1.88892e+09
0.939061	2.01e+09
0.941059	2.13936e+09
0.943057	2.27758e+09
0.945055	2.42532e+09
0.947053	2.58325e+09
0.949051	2.75213e+09
0.951049	2.93275e+09
0.953047	3.12597e+09
0.955045	3.33272e+09
0.957043	3.55399e+09
0.959041	3.79086e+09
0.961039	4.04449e+09
0.963037	4.31612e+09
0.965035	4.60709e+09
0.967033	4.91885e+09
0.969031	5.25297e+09
0.971029	5.61113e+09
0.973027	5.99514e+09
0.975025	6.40696e+09
0.977023	6.84871e+09
0.979021	7.32267e+09
0.981019	7.8313e+09
0.983017	8.37726e+09
0.985015	8.96343e+09
0.987013	9.59292e+09
0.989011	1.02691e+10
0.991009	1.09955e+10
0.993007	1.17761e+10
0.995005	1.26152e+10
0.997003	1.35173e+10
0.999001	1.44874e+10
1.001	1.55308e+10
1.003	1.66453e+10
1.005	1.78356e+10
1.00699	1.91064e+10
1.00899	2.04629e+10
1.01099	2.19105e+10
1.01299	2.34548e+10
1.01499	2.5102e+10
1.01698	2.68584e+10
1.01898	2.87309e+10
1.02098	3.07265e+10
1.02298	3.28529e+10
1.02498	3.51181e+10
1.02697	3.75304e+10
1.02897	4.00989e+10
1.03097	4.28329e+10
1.03297	4.57424e+10
1.03497	4.88378e+10
1.03696	5.21302e+10
1.03896	5.56312e+10
1.04096	5.93532e+10
1.04296	6.33091e+10
1.04496	6.75124e+10
1.04695	7.19776e+10
1.04895	7.67198e+10
1.05095	8.17549e+10
1.05295	8.70996e+10
1.05495	9.27714e+10
1.05694	9.8789e+10
1.05894	1.05172e+11
1.06094	1.1194e+11
1.06294	1.19116e+11
1.06494	1.26721e+11
1.06693	1.34779e+11
1.06893	1.43316e+11
1.07093	1.52357e+11
1.07293	1.61929e+11
1.07493	1.72062e+11
1.07692	1.82785e+11
1.07892	1.94129e+11
1.08092	2.06129e+11
1.08292	2.18818e+11
1.08492	2.32233e+11
1.08691	2.46411e+11
1.08891	2.61392e+11
1.09091	2.77218e+11
1.09291	2.93931e+11
1.09491	3.11578e+11
1.0969	3.30205e+11
1.0989	3.49861e+11
1.1009	3.706e+11
1.1029	3.92474e+11
1.1049	4.15539e+11
1.10689	4.39855e+11
1.10889	4.65483e+11
1.11089	4.92485e+11
1.11289	5.2093e+11
1.11489	5.50886e+11
1.11688	5.82425e+11
1.11888	6.15623e+11
1.12088	6.50557e+11
1.12288	6.8731e+11
1.12488	7.25965e+11
1.12687	7.6661e+11
1.12887	8.09338e+11
1.13087	8.54244e+11
1.13287	9.01425e+11
1.13487	9.50985e+11
1.13686	1.00303e+12
1.13886	1.05767e+12
1.14086	1.11502e+12
1.14286	1.1752e+12
1.14486	1.23833e+12
1.14685	1.30454e+12
1.14885	1.37397e+12
1.15085	1.44674e+12
1.15285	1.523e+12
1.15485	1.6029e+12
1.15684	1.68659e+12
1.15884	1.77422e+12
1.16084	1.86596e+12
1.16284	1.96198e+12
1.16484	2.06244e+12
1.16683	2.16753e+12
1.16883	2.27744e+12
1.17083	2.39234e+12
1.17283	2.51244e+12
1.17483	2.63794e+12
1.17682	2.76905e+12
1.17882	2.90599e+12
1.18082	3.04896e+12
1.18282	3.19821e+12
1.18482	3.35397e+12
1.18681	3.51647e+12
1.18881	3.68596e+12
1.19081	3.86271e+12
1.19281	4.04696e+12
1.19481	4.239e+12
1.1968	4.43909e+12
1.1988	4.64752e+12
1.2008	4.86457e+12
1.2028	5.09055e+12
1.2048	5.32576e+12
1.20679	5.57051e+12
1.20879	5.82512e+12
1.21079	6.08993e+12
1.21279	6.36525e+12
1.21479	6.65145e+12
1.21678	6.94886e+12
1.21878	7.25784e+12
1.22078	7.57876e+12
1.22278	7.912e+12
1.22478	8.25792e+12
1.22677	8.61693e+12
1.22877	8.98941e+12
1.23077	9.37577e+12
1.23277	9.77641e+12
1.23477	1.01918e+13
1.23676	1.06223e+13
1.23876	1.10683e+13
1.24076	1.15303e+13
1.24276	1.20088e+13
1.24476	1.25042e+13
1.24675	1.3017e+13
1.24875	1.35476e+13
1.25075	1.40965e+13
1.25275	1.46641e+13
1.25475	1.52511e+13
1.25674	1.58578e+13
1.25874	1.64847e+13
1.26074	1.71324e+13
1.26274	1.78013e+13
1.26474	1.84921e+13
1.26673	1.92051e+13
1.26873	1.99409e+13
1.27073	2.07001e+13
1.27273	2.14832e+13
1.27473	2.22906e+13
1.27672	2.3123e+13
1.27872	2.39808e+13
1.28072	2.48647e+13
1.28272	2.57752e+13
1.28472	2.67127e+13
1.28671	2.76779e+13
1.28871	2.86714e+13
1.29071	2.96935e+13
1.29271	3.0745e+13
1.29471	3.18264e+13
1.2967	3.29381e+13
1.2987	3.40808e+13
1.3007	3.5255e+13
1.3027	3.64612e+13
1.3047	3.77e+13
1.30669	3.89719e+13
1.30869	4.02775e+13
1.31069	4.16172e+13
1.31269	4.29917e+13
1.31469	4.44013e+13
1.31668	4.58468e+13
1.31868	4.73284e+13
1.32068	4.88468e+13
1.32268	5.04025e+13
1.32468	5.19959e+13
1.32667	5.36275e+13
1.32867	5.52978e+13
1.33067	5.70072e+13
1.33267	5.87562e+13
1.33467	6.05452e+13
1.33666	6.23747e+13
1.33866	6.4245e+13
1.34066	6.61567e+13
1.34266	6.81099e+13
1.34466	7.01053e+13
1.34665	7.2143e+13
1.34865	7.42235e+13
1.35065	7.6347e+13
1.35265	7.8514e+13
1.35465	8.07247e+13
1.35664	8.29794e+13
1.35864	8.52783e+13
1.36064	8.76218e+13
1.36264	9.001e+13
1.36464	9.24431e+13
1.36663	9.49215e+13
1.36863	9.74451e+13
1.37063	1.00014e+14
1.37263	1.02629e+14
1.37463	1.0529e+14
1.37662	1.07996e+14
1.37862	1.10748e+14
1.38062	1.13547e+14
1.38262	1.16391e+14
1.38462	1.19282e+14
1.38661	1.22218e+14
1.38861	1.252e+14
1.39061	1.28229e+14
1.39261	1.31303e+14
1.39461	1.34423e+14
1.3966	1.37589e+14
1.3986	1.408e+14
1.4006	1.44056e+14
1.4026	1.47358e+14
1.4046	1.50704e+14
1.40659	1.54095e+14
1.40859	1.57531e+14
1.41059	1.61011e+14
1.41259	1.64534e+14
1.41459	1.68102e+14
1.41658	1.71712e+14
1.41858	1.75365e+14
1.42058	1.7906e+14
1.42258	1.82798e+14
1.42458	1.86577e+14
1.42657	1.90397e+14
1.42857	1.94257e+14
1.43057	1.98158e+14
1.43257	2.02098e+14
1.43457	2.06078e+14
1.43656	2.10095e+14
1.43856	2.14151e+14
1.44056	2.18244e+14
1.44256	2.22373e+14
1.44456	2.26539e+14
1.44655	2.30739e+14
1.44855	2.34975e+14
1.45055	2.39244e+14
1.45255	2.43547e+14
1.45455	2.47882e+14
1.45654	2.52249e+14
1.45854	2.56647e+14
1.46054	2.61075e+14
1.46254	2.65532e+14
1.46454	2.70019e+14
1.46653	2.74533e+14
1.46853	2.79074e+14
1.47053	2.83641e+14
1.47253	2.88234e+14
1.47453	2.92851e+14
1.47652	2.97492e+14
1.47852	3.02155e+14
1.48052	3.06841e+14
1.48252	3.11547e+14
1.48452	3.16274e+14
1.48651	3.21019e+14
1.48851	3.25783e+14
1.49051	3.30565e+14
1.49251	3.35363e+14
1.49451	3.40176e+14
1.4965	3.45004e+14
1.4985	3.49846e+14
1.5005	3.547e+14
1.5025	3.59567e+14
1.5045	3.64444e+14
1.50649	3.69331e+14
1.50849	3.74228e+14
1.51049	3.79132e+14
1.51249	3.84044e+14
1.51449	3.88962e+14
1.51648	3.93885e+14
1.51848	3.98813e+14
1.52048	4.03745e+14
1.52248	4.08679e+14
1.52448	4.13615e+14
1.52647	4.18552e+14
1.52847	4.23488e+14
1.53047	4.28424e+14
1.53247	4.33359e+14
1.53447	4.3829e+14
1.53646	4.43219e+14
1.53846	4.48143e+14
1.54046	4.53061e+14
1.54246	4.57974e+14
1.54446	4.62881e+14
1.54645	4.67779e+14
1.54845	4.72669e+14
1.55045	4.77551e+14
1.55245	4.82422e+14
1.55445	4.87282e+14
1.55644	4.92132e+14
1.55844	4.96969e+14
1.56044	5.01793e+14
1.56244	5.06604e+14
1.56444	5.114e+14
1.56643	5.16181e+14
1.56843	5.20947e+14
1.57043	5.25697e+14
1.57243	5.3043e+14
1.57443	5.35145e+14
1.57642	5.39842e+14
1.57842	5.44521e+14
1.58042	5.4918e+14
1.58242	5.53819e+14
1.58442	5.58438e+14
1.58641	5.63036e+14
1.58841	5.67612e+14
1.59041	5.72167e+14
1.59241	5.76698e+14
1.59441	5.81207e+14
1.5964	5.85693e+14
1.5984	5.90155e+14
1.6004	5.94592e+14
1.6024	5.99005e+14
1.6044	6.03392e+14
1.60639	6.07754e+14
1.60839	6.1209e+14
1.61039	6.164e+14
1.61239	6.20683e+14
1.61439	6.24939e+14
1.61638	6.29168e+14
1.61838	6.33369e+14
1.62038	6.37543e+14
1.62238	6.41688e+14
1.62438	6.45805e+14
1.62637	6.49893e+14
1.62837	6.53953e+14
1.63037	6.57983e+14
1.63237	6.61984e+14
1.63437	6.65955e+14
1.63636	6.69897e+14
1.63836	6.73809e+14
1.64036	6.77691e+14
1.64236	6.81542e+14
1.64436	6.85363e+14
1.64635	6.89154e+14
1.64835	6.92914e+14
1.65035	6.96644e+14
1.65235	7.00343e+14
1.65435	7.04011e+14
1.65634	7.07648e+14
1.65834	7.11254e+14
1.66034	7.14829e+14
1.66234	7.18373e+14
1.66434	7.21886e+14
1.66633	7.25368e+14
1.66833	7.28819e+14
1.67033	7.32239e+14
1.67233	7.35628e+14
1.67433	7.38985e+14
1.67632	7.42312e+14
1.67832	7.45607e+14
1.68032	7.48872e+14
1.68232	7.52106e+14
1.68432	7.55309e+14
1.68631	7.58481e+14
1.68831	7.61622e+14
1.69031	7.64733e+14
1.69231	7.67814e+14
1.69431	7.70864e+14
1.6963	7.73883e+14
1.6983	7.76873e+14
1.7003	7.79832e+14
1.7023	7.82762e+14
1.7043	7.85661e+14
1.70629	7.88531e+14
1.70829	7.91372e+14
1.71029	7.94183e+14
1.71229	7.96964e+14
1.71429	7.99717e+14
1.71628	8.0244e+14
1.71828	8.05135e+14
1.72028	8.07802e+14
1.72228	8.10439e+14
1.72428	8.13049e+14
1.72627	8.15631e+14
1.72827	8.18184e+14
1.73027	8.2071e+14
1.73227	8.23208e+14
1.73427	8.25679e+14
1.73626	8.28123e+14
1.73826	8.3054e+14
1.74026	8.32931e+14
1.74226	8.35295e+14
1.74426	8.37632e+14
1.74625	8.39944e+14
1.74825	8.42229e+14
1.75025	8.44489e+14
1.75225	8.46724e+14
1.75425	8.48933e+14
1.75624	8.51117e+14
1.75824	8.53277e+14
1.76024	8.55411e+14
1.76224	8.57522e+14
1.76424	8.59609e+14
1.76623	8.61671e+14
1.76823	8.6371e+14
1.77023	8.65726e+14
1.77223	8.67718e+14
1.77423	8.69688e+14
1.77622	8.71635e+14
1.77822	8.73559e+14
1.78022	8.75461e+14
1.78222	8.77341e+14
1.78422	8.792e+14
1.78621	8.81037e+14
1.78821	8.82852e+14
1.79021	8.84647e+14
1.79221	8.8642e+14
1.79421	8.88173e+14
1.7962	8.89906e+14
1.7982	8.91619e+14
1.8002	8.93312e+14
1.8022	8.94985e+14
1.8042	8.96639e+14
1.80619	8.98273e+14
1.80819	8.99889e+14
1.81019	9.01486e+14
1.81219	9.03064e+14
1.81419	9.04625e+14
1.81618	9.06167e+14
1.81818	9.07692e+14
1.82018	9.09199e+14
1.82218	9.10689e+14
1.82418	9.12161e+14
1.82617	9.13617e+14
1.82817	9.15057e+14
1.83017	9.1648e+14
1.83217	9.17887e+14
1.83417	9.19278e+14
1.83616	9.20653e+14
1.83816	9.22013e+14
1.84016	9.23358e+14
1.84216	9.24687e+14
1.84416	9.26002e+14
1.84615	9.27302e+14
1.84815	9.28588e+14
1.85015	9.2986e+14
1.85215	9.31118e+14
1.85415	9.32363e+14
1.85614	9.33594e+14
1.85814	9.34811e+14
1.86014	9.36016e+14
1.86214	9.37208e+14
1.86414	9.38387e+14
1.86613	9.39554e+14
1.86813	9.40709e+14
1.87013	9.41852e+14
1.87213	9.42983e+14
1.87413	9.44103e+14
1.87612	9.45211e+14
1.87812	9.46308e+14
1.88012	9.47395e+14
1.88212	9.4847e+14
1.88412	9.49535e+14
1.88611	9.5059e+14
1.88811	9.51635e+14
1.89011	9.5267e+14
1.89211	9.53695e+14
1.89411	9.54711e+14
1.8961	9.55718e+14
1.8981	9.56715e+14
1.9001	9.57704e+14
1.9021	9.58683e+14
1.9041	9.59655e+14
1.90609	9.60618e+14
1.90809	9.61573e+14
1.91009	9.6252e+14
1.91209	9.63459e+14
1.91409	9.64391e+14
1.91608	9.65316e+14
1.91808	9.66233e+14
1.92008	9.67144e+14
1.92208	9.68047e+14
1.92408	9.68945e+14
1.92607	9.69835e+14
1.92807	9.7072e+14
1.93007	9.71599e+14
1.93207	9.72471e+14
1.93407	9.73339e+14
1.93606	9.742e+14
1.93806	9.75057e+14
1.94006	9.75908e+14
1.94206	9.76755e+14
1.94406	9.77597e+14
1.94605	9.78434e+14
1.94805	9.79267e+14
1.95005	9.80096e+14
1.95205	9.80921e+14
1.95405	9.81742e+14
1.95604	9.82559e+14
1.95804	9.83373e+14
1.96004	9.84184e+14
1.96204	9.84992e+14
1.96404	9.85797e+14
1.96603	9.86599e+14
1.96803	9.87398e+14
1.97003	9.88196e+14
1.97203	9.88991e+14
1.97403	9.89784e+14
1.97602	9.90575e+14
1.97802	9.91365e+14
1.98002	9.92154e+14
1.98202	9.92941e+14
1.98402	9.93727e+14
1.98601	9.94512e+14
1.98801	9.95297e+14
1.99001	9.96081e+14
1.99201	9.96865e+14
1.99401	9.97648e+14
1.996	9.98432e+14
1.998	9.99216e+14
2	1e+15
