1.000000000000000056e-01 1.058079862674850971e+06 1.057692223888746928e+06
1.081632653061224553e-01 1.069975734120359877e+06 1.069587993861792842e+06
1.163265306122449050e-01 1.081744460085233673e+06 1.081356580152426613e+06
1.244897959183673547e-01 1.093391492060420336e+06 1.093003419986609370e+06
1.326530612244898044e-01 1.104922504917182028e+06 1.104534168883259641e+06
1.408163265306122680e-01 1.116343573052309919e+06 1.115954874547647312e+06
1.489795918367347038e-01 1.127661402797632618e+06 1.127272206747486489e+06
1.571428571428571397e-01 1.138883642052106559e+06 1.138493763247991912e+06
1.653061224489796033e-01 1.150019295559099643e+06 1.149628480048042955e+06
1.734693877551020669e-01 1.161079284394089365e+06 1.160687183954583714e+06
1.816326530612245027e-01 1.172077201988991816e+06 1.171683339125849539e+06
1.897959183673469385e-01 1.183030337655376643e+06 1.182634057793693384e+06
1.979591836734694021e-01 1.193961063747332897e+06 1.193561468702855287e+06
2.061224489795918657e-01 1.204898716515466338e+06 1.204494575312918285e+06
2.142857142857143016e-01 1.215882146179473260e+06 1.215471770616926719e+06
2.224489795918367374e-01 1.226963172373955604e+06 1.226544247507525375e+06
2.306122448979592010e-01 1.238211261290251510e+06 1.237780612763224868e+06
2.387755102040816368e-01 1.249719845634499099e+06 1.249273120641232468e+06
2.469387755102041004e-01 1.261614843293783953e+06 1.261146073138887295e+06
2.551020408163265918e-01 1.274066099842842435e+06 1.273567100129476981e+06
2.632653061224490276e-01 1.287302685060114134e+06 1.286762233318421524e+06
2.714285714285714635e-01 1.301633208233063109e+06 1.301035916436212836e+06
2.795918367346938993e-01 1.317472559855014784e+06 1.316797328698400874e+06
2.877551020408163351e-01 1.335376689848200651e+06 1.334594589896805817e+06
2.959183673469387710e-01 1.356087102472791215e+06 1.355158470204499085e+06
3.040816326530612068e-01 1.380586531902965857e+06 1.379456987964423141e+06
3.122448979591836982e-01 1.410166538052588468e+06 1.408761535816011485e+06
3.204081632653061895e-01 1.446506271433401620e+06 1.444723623967454070e+06
3.285714285714286254e-01 1.491759222950028256e+06 1.489458871803872986e+06
3.367346938775510612e-01 1.548641559703727718e+06 1.545631560387189966e+06
3.448979591836734970e-01 1.620512510907531949e+06 1.616529863812455907e+06
3.530612244897959329e-01 1.711436013001757441e+06 1.706120423277474474e+06
3.612244897959183687e-01 1.826215816603076877e+06 1.819073815342676360e+06
3.693877551020408045e-01 1.970404952841885388e+06 1.960760850289244438e+06
3.775510204081632404e-01 2.150303277467831038e+06 2.137232152518398594e+06
3.857142857142857872e-01 2.372968390556013212e+06 2.355204596978012938e+06
3.938775510204082231e-01 2.646269060253714211e+06 2.622081393710403703e+06
4.020408163265306589e-01 2.979003690890568309e+06 2.946025224399453029e+06
4.102040816326530948e-01 3.381093173424738925e+06 3.336089544680067338e+06
4.183673469387755306e-01 3.863845083455888554e+06 3.802399372488939669e+06
4.265306122448979664e-01 4.440280194284180179e+06 4.356365007941843942e+06
4.346938775510204023e-01 5.125513383292688988e+06 5.010910806970950216e+06
4.428571428571428381e-01 5.937186481085496023e+06 5.780703471306352876e+06
4.510204081632653850e-01 6.895957169700461440e+06 6.682366914237619378e+06
4.591836734693878208e-01 8.026053703611070290e+06 7.734671516622342169e+06
4.673469387755102566e-01 9.355909499503960833e+06 8.958683925937524065e+06
4.755102040816326925e-01 1.091889486030411348e+07 1.037785985698008537e+07
4.836734693877551283e-01 1.275416585004387423e+07 1.201805746202625893e+07
4.918367346938775642e-01 1.490765313015073910e+07 1.390744381963534653e+07
5.000000000000000000e-01 1.743321676172058657e+07 1.607626334840972535e+07
