-10	10.0005
-9.98	9.98046
-9.96	9.96047
-9.94	9.94048
-9.92	9.92049
-9.9	9.9005
-9.88	9.88051
-9.86	9.86051
-9.84	9.84052
-9.82	9.82053
-9.8	9.80054
-9.78	9.78055
-9.76	9.76056
-9.74	9.74057
-9.72	9.72058
-9.7	9.70059
-9.68	9.68061
-9.66	9.66062
-9.64	9.64063
-9.62	9.62064
-9.6	9.60065
-9.58	9.58066
-9.56	9.56067
-9.54	9.54069
-9.52	9.5207
-9.5	9.50071
-9.48	9.48072
-9.46	9.46074
-9.44	9.44075
-9.42	9.42076
-9.4	9.40078
-9.38	9.38079
-9.36	9.36081
-9.34	9.34082
-9.32	9.32084
-9.3	9.30085
-9.28	9.28087
-9.26	9.26088
-9.24	9.2409
-9.22	9.22091
-9.2	9.20093
-9.18	9.18095
-9.16	9.16096
-9.14	9.14098
-9.12	9.121
-9.1	9.10102
-9.08	9.08103
-9.06	9.06105
-9.04	9.04107
-9.02	9.02109
-9	9.00111
-8.98	8.98113
-8.96	8.96115
-8.94	8.94117
-8.92	8.92119
-8.9	8.90121
-8.88	8.88124
-8.86	8.86126
-8.84	8.84128
-8.82	8.8213
-8.8	8.80133
-8.78	8.78135
-8.76	8.76137
-8.74	8.7414
-8.72	8.72142
-8.7	8.70145
-8.68	8.68148
-8.66	8.6615
-8.64	8.64153
-8.62	8.62156
-8.6	8.60158
-8.58	8.58161
-8.56	8.56164
-8.54	8.54167
-8.52	8.5217
-8.5	8.50173
-8.48	8.48176
-8.46	8.46179
-8.44	8.44182
-8.42	8.42186
-8.4	8.40189
-8.38	8.38192
-8.36	8.36196
-8.34	8.34199
-8.32	8.32203
-8.3	8.30206
-8.28	8.2821
-8.26	8.26214
-8.24	8.24217
-8.22	8.22221
-8.2	8.20225
-8.18	8.18229
-8.16	8.16233
-8.14	8.14237
-8.12	8.12242
-8.1	8.10246
-8.08	8.0825
-8.06	8.06255
-8.04	8.04259
-8.02	8.02264
-8	8.00268
-7.98	7.98273
-7.96	7.96278
-7.94	7.94283
-7.92	7.92288
-7.9	7.90293
-7.88	7.88298
-7.86	7.86303
-7.84	7.84309
-7.82	7.82314
-7.8	7.8032
-7.78	7.78325
-7.76	7.76331
-7.74	7.74337
-7.72	7.72343
-7.7	7.70349
-7.68	7.68355
-7.66	7.66361
-7.64	7.64368
-7.62	7.62374
-7.6	7.60381
-7.58	7.58387
-7.56	7.56394
-7.54	7.54401
-7.52	7.52408
-7.5	7.50415
-7.48	7.48422
-7.46	7.4643
-7.44	7.44437
-7.42	7.42445
-7.4	7.40453
-7.38	7.38461
-7.36	7.36469
-7.34	7.34477
-7.32	7.32485
-7.3	7.30493
-7.28	7.28502
-7.26	7.26511
-7.24	7.2452
-7.22	7.22529
-7.2	7.20538
-7.18	7.18547
-7.16	7.16557
-7.14	7.14566
-7.12	7.12576
-7.1	7.10586
-7.08	7.08596
-7.06	7.06607
-7.04	7.04617
-7.02	7.02628
-7	7.00639
-6.98	6.9865
-6.96	6.96661
-6.94	6.94673
-6.92	6.92684
-6.9	6.90696
-6.88	6.88708
-6.86	6.8672
-6.84	6.84733
-6.82	6.82745
-6.8	6.80758
-6.78	6.78771
-6.76	6.76785
-6.74	6.74798
-6.72	6.72812
-6.7	6.70826
-6.68	6.6884
-6.66	6.66854
-6.64	6.64869
-6.62	6.62884
-6.6	6.60899
-6.58	6.58914
-6.56	6.5693
-6.54	6.54946
-6.52	6.52962
-6.5	6.50979
-6.48	6.48995
-6.46	6.47012
-6.44	6.4503
-6.42	6.43047
-6.4	6.41065
-6.38	6.39083
-6.36	6.37102
-6.34	6.35121
-6.32	6.3314
-6.3	6.31159
-6.28	6.29179
-6.26	6.27199
-6.24	6.25219
-6.22	6.2324
-6.2	6.21261
-6.18	6.19282
-6.16	6.17304
-6.14	6.15326
-6.12	6.13348
-6.1	6.11371
-6.08	6.09394
-6.06	6.07418
-6.04	6.05442
-6.02	6.03466
-6	6.01491
-5.98	5.99516
-5.96	5.97542
-5.94	5.95568
-5.92	5.93594
-5.9	5.91621
-5.88	5.89648
-5.86	5.87676
-5.84	5.85704
-5.82	5.83732
-5.8	5.81761
-5.78	5.79791
-5.76	5.77821
-5.74	5.75851
-5.72	5.73882
-5.7	5.71914
-5.68	5.69946
-5.66	5.67978
-5.64	5.66011
-5.62	5.64044
-5.6	5.62078
-5.58	5.60113
-5.56	5.58148
-5.54	5.56184
-5.52	5.5422
-5.5	5.52257
-5.48	5.50294
-5.46	5.48332
-5.44	5.46371
-5.42	5.4441
-5.4	5.4245
-5.38	5.4049
-5.36	5.38532
-5.34	5.36573
-5.32	5.34616
-5.3	5.32659
-5.28	5.30703
-5.26	5.28747
-5.24	5.26792
-5.22	5.24838
-5.2	5.22885
-5.18	5.20932
-5.16	5.1898
-5.14	5.17029
-5.12	5.15078
-5.1	5.13128
-5.08	5.11179
-5.06	5.09231
-5.04	5.07284
-5.02	5.05338
-5	5.03392
-4.98	5.01447
-4.96	4.99503
-4.94	4.9756
-4.92	4.95618
-4.9	4.93676
-4.88	4.91736
-4.86	4.89796
-4.84	4.87858
-4.82	4.8592
-4.8	4.83983
-4.78	4.82047
-4.76	4.80112
-4.74	4.78179
-4.72	4.76246
-4.7	4.74314
-4.68	4.72383
-4.66	4.70454
-4.64	4.68525
-4.62	4.66597
-4.6	4.64671
-4.58	4.62745
-4.56	4.60821
-4.54	4.58898
-4.52	4.56976
-4.5	4.55055
-4.48	4.53136
-4.46	4.51217
-4.44	4.493
-4.42	4.47384
-4.4	4.45469
-4.38	4.43556
-4.36	4.41643
-4.34	4.39733
-4.32	4.37823
-4.3	4.35915
-4.28	4.34008
-4.26	4.32102
-4.24	4.30198
-4.22	4.28295
-4.2	4.26394
-4.18	4.24494
-4.16	4.22596
-4.14	4.20699
-4.12	4.18803
-4.1	4.16909
-4.08	4.15017
-4.06	4.13126
-4.04	4.11237
-4.02	4.09349
-4	4.07463
-3.98	4.05578
-3.96	4.03696
-3.94	4.01815
-3.92	3.99935
-3.9	3.98057
-3.88	3.96181
-3.86	3.94307
-3.84	3.92435
-3.82	3.90564
-3.8	3.88695
-3.78	3.86828
-3.76	3.84963
-3.74	3.831
-3.72	3.81239
-3.7	3.7938
-3.68	3.77522
-3.66	3.75667
-3.64	3.73813
-3.62	3.71962
-3.6	3.70113
-3.58	3.68266
-3.56	3.66421
-3.54	3.64578
-3.52	3.62737
-3.5	3.60898
-3.48	3.59062
-3.46	3.57228
-3.44	3.55396
-3.42	3.53566
-3.4	3.51739
-3.38	3.49914
-3.36	3.48091
-3.34	3.46271
-3.32	3.44453
-3.3	3.42638
-3.28	3.40825
-3.26	3.39014
-3.24	3.37206
-3.22	3.35401
-3.2	3.33598
-3.18	3.31798
-3.16	3.30001
-3.14	3.28206
-3.12	3.26413
-3.1	3.24624
-3.08	3.22837
-3.06	3.21053
-3.04	3.19272
-3.02	3.17494
-3	3.15719
-2.98	3.13946
-2.96	3.12177
-2.94	3.1041
-2.92	3.08646
-2.9	3.06886
-2.88	3.05128
-2.86	3.03374
-2.84	3.01622
-2.82	2.99874
-2.8	2.98129
-2.78	2.96387
-2.76	2.94649
-2.74	2.92914
-2.72	2.91182
-2.7	2.89453
-2.68	2.87728
-2.66	2.86006
-2.64	2.84287
-2.62	2.82572
-2.6	2.80861
-2.58	2.79153
-2.56	2.77448
-2.54	2.75747
-2.52	2.7405
-2.5	2.72356
-2.48	2.70666
-2.46	2.6898
-2.44	2.67298
-2.42	2.65619
-2.4	2.63945
-2.38	2.62274
-2.36	2.60607
-2.34	2.58943
-2.32	2.57284
-2.3	2.55629
-2.28	2.53978
-2.26	2.52331
-2.24	2.50688
-2.22	2.49049
-2.2	2.47414
-2.18	2.45784
-2.16	2.44157
-2.14	2.42535
-2.12	2.40918
-2.1	2.39304
-2.08	2.37695
-2.06	2.36091
-2.04	2.3449
-2.02	2.32895
-2	2.31304
-1.98	2.29717
-1.96	2.28135
-1.94	2.26557
-1.92	2.24984
-1.9	2.23416
-1.88	2.21852
-1.86	2.20294
-1.84	2.1874
-1.82	2.1719
-1.8	2.15646
-1.78	2.14107
-1.76	2.12572
-1.74	2.11042
-1.72	2.09517
-1.7	2.07998
-1.68	2.06483
-1.66	2.04973
-1.64	2.03469
-1.62	2.0197
-1.6	2.00475
-1.58	1.98986
-1.56	1.97502
-1.54	1.96024
-1.52	1.94551
-1.5	1.93083
-1.48	1.9162
-1.46	1.90163
-1.44	1.88711
-1.42	1.87264
-1.4	1.85824
-1.38	1.84388
-1.36	1.82958
-1.34	1.81534
-1.32	1.80115
-1.3	1.78702
-1.28	1.77294
-1.26	1.75893
-1.24	1.74497
-1.22	1.73106
-1.2	1.71722
-1.18	1.70343
-1.16	1.6897
-1.14	1.67602
-1.12	1.66241
-1.1	1.64886
-1.08	1.63536
-1.06	1.62193
-1.04	1.60855
-1.02	1.59523
-1	1.58198
-0.98	1.56878
-0.96	1.55565
-0.94	1.54257
-0.92	1.52956
-0.9	1.51661
-0.88	1.50372
-0.86	1.49089
-0.84	1.47812
-0.82	1.46542
-0.8	1.45277
-0.78	1.44019
-0.76	1.42768
-0.74	1.41522
-0.72	1.40283
-0.7	1.3905
-0.68	1.37824
-0.66	1.36604
-0.64	1.3539
-0.62	1.34183
-0.6	1.32982
-0.58	1.31788
-0.56	1.306
-0.54	1.29418
-0.52	1.28243
-0.5	1.27075
-0.48	1.25913
-0.46	1.24757
-0.44	1.23608
-0.42	1.22466
-0.4	1.2133
-0.38	1.202
-0.36	1.19078
-0.34	1.17961
-0.32	1.16852
-0.3	1.15749
-0.28	1.14652
-0.26	1.13563
-0.24	1.1248
-0.22	1.11403
-0.2	1.10333
-0.18	1.0927
-0.16	1.08213
-0.14	1.07163
-0.12	1.0612
-0.1	1.05083
-0.08	1.04053
-0.06	1.0303
-0.04	1.02013
-0.02	1.01003
0	1
0.02	0.990033
0.04	0.980133
0.06	0.9703
0.08	0.960533
0.1	0.950833
0.12	0.9412
0.14	0.931633
0.16	0.922132
0.18	0.912699
0.2	0.903331
0.22	0.89403
0.24	0.884795
0.26	0.875627
0.28	0.866525
0.3	0.857489
0.32	0.848519
0.34	0.839615
0.36	0.830777
0.38	0.822004
0.4	0.813298
0.42	0.804657
0.44	0.796082
0.46	0.787571
0.48	0.779127
0.5	0.770747
0.52	0.762432
0.54	0.754183
0.56	0.745998
0.58	0.737877
0.6	0.729822
0.62	0.72183
0.64	0.713903
0.66	0.706039
0.68	0.69824
0.7	0.690504
0.72	0.682831
0.74	0.675222
0.76	0.667676
0.78	0.660193
0.8	0.652773
0.82	0.645415
0.84	0.63812
0.86	0.630887
0.88	0.623715
0.9	0.616606
0.92	0.609558
0.94	0.602571
0.96	0.595646
0.98	0.588781
1	0.581977
1.02	0.575233
1.04	0.568549
1.06	0.561926
1.08	0.555361
1.1	0.548857
1.12	0.542411
1.14	0.536025
1.16	0.529697
1.18	0.523427
1.2	0.517215
1.22	0.511062
1.24	0.504965
1.26	0.498927
1.28	0.492945
1.3	0.48702
1.32	0.481151
1.34	0.475339
1.36	0.469582
1.38	0.463881
1.4	0.458235
1.42	0.452644
1.44	0.447108
1.46	0.441627
1.48	0.436199
1.5	0.430825
1.52	0.425505
1.54	0.420238
1.56	0.415024
1.58	0.409862
1.6	0.404753
1.62	0.399695
1.64	0.394689
1.66	0.389734
1.68	0.384831
1.7	0.379978
1.72	0.375175
1.74	0.370422
1.76	0.365719
1.78	0.361065
1.8	0.356461
1.82	0.351904
1.84	0.347397
1.86	0.342937
1.88	0.338525
1.9	0.33416
1.92	0.329843
1.94	0.325572
1.96	0.321347
1.98	0.317168
2	0.313035
2.02	0.308948
2.04	0.304905
2.06	0.300907
2.08	0.296953
2.1	0.293044
2.12	0.289177
2.14	0.285355
2.16	0.281575
2.18	0.277838
2.2	0.274143
2.22	0.27049
2.24	0.266879
2.26	0.263308
2.28	0.259779
2.3	0.256291
2.32	0.252842
2.34	0.249434
2.36	0.246065
2.38	0.242736
2.4	0.239445
2.42	0.236193
2.44	0.232979
2.46	0.229803
2.48	0.226665
2.5	0.223564
2.52	0.2205
2.54	0.217472
2.56	0.21448
2.58	0.211525
2.6	0.208605
2.62	0.205721
2.64	0.202871
2.66	0.200056
2.68	0.197275
2.7	0.194528
2.72	0.191815
2.74	0.189135
2.76	0.186488
2.78	0.183874
2.8	0.181293
2.82	0.178743
2.84	0.176225
2.86	0.173738
2.88	0.171283
2.9	0.168858
2.92	0.166464
2.94	0.164101
2.96	0.161767
2.98	0.159462
3	0.157187
3.02	0.154941
3.04	0.152724
3.06	0.150535
3.08	0.148374
3.1	0.146241
3.12	0.144135
3.14	0.142057
3.16	0.140005
3.18	0.13798
3.2	0.135982
3.22	0.13401
3.24	0.132063
3.26	0.130142
3.28	0.128246
3.3	0.126376
3.32	0.124529
3.34	0.122708
3.36	0.12091
3.38	0.119137
3.4	0.117387
3.42	0.11566
3.44	0.113956
3.46	0.112276
3.48	0.110618
3.5	0.108982
3.52	0.107368
3.54	0.105776
3.56	0.104206
3.58	0.102657
3.6	0.101129
3.62	0.0996214
3.64	0.0981348
3.66	0.0966685
3.68	0.0952223
3.7	0.093796
3.72	0.0923893
3.74	0.091002
3.76	0.0896339
3.78	0.0882847
3.8	0.0869542
3.82	0.0856421
3.84	0.0843484
3.86	0.0830727
3.88	0.0818147
3.9	0.0805744
3.92	0.0793515
3.94	0.0781458
3.96	0.076957
3.98	0.0757849
4	0.0746294
4.02	0.0734903
4.04	0.0723673
4.06	0.0712602
4.08	0.0701688
4.1	0.069093
4.12	0.0680326
4.14	0.0669872
4.16	0.0659569
4.18	0.0649413
4.2	0.0639402
4.22	0.0629536
4.24	0.0619812
4.26	0.0610228
4.28	0.0600782
4.3	0.0591473
4.32	0.0582299
4.34	0.0573259
4.36	0.0564349
4.38	0.0555569
4.4	0.0546918
4.42	0.0538392
4.44	0.0529991
4.46	0.0521714
4.48	0.0513557
4.5	0.0505521
4.52	0.0497602
4.54	0.04898
4.56	0.0482114
4.58	0.0474541
4.6	0.0467079
4.62	0.0459729
4.64	0.0452487
4.66	0.0445353
4.68	0.0438325
4.7	0.0431402
4.72	0.0424582
4.74	0.0417863
4.76	0.0411246
4.78	0.0404727
4.8	0.0398306
4.82	0.0391981
4.84	0.0385752
4.86	0.0379616
4.88	0.0373572
4.9	0.036762
4.92	0.0361758
4.94	0.0355984
4.96	0.0350298
4.98	0.0344698
5	0.0339183
5.02	0.0333752
5.04	0.0328403
5.06	0.0323136
5.08	0.0317949
5.1	0.0312841
5.12	0.0307812
5.14	0.0302859
5.16	0.0297983
5.18	0.0293181
5.2	0.0288453
5.22	0.0283797
5.24	0.0279213
5.26	0.02747
5.28	0.0270257
5.3	0.0265882
5.32	0.0261574
5.34	0.0257334
5.36	0.0253159
5.38	0.0249048
5.4	0.0245002
5.42	0.0241018
5.44	0.0237097
5.46	0.0233236
5.48	0.0229436
5.5	0.0225695
5.52	0.0222012
5.54	0.0218387
5.56	0.0214819
5.58	0.0211306
5.6	0.0207849
5.62	0.0204446
5.64	0.0201096
5.66	0.0197799
5.68	0.0194554
5.7	0.019136
5.72	0.0188217
5.74	0.0185123
5.76	0.0182078
5.78	0.0179081
5.8	0.0176131
5.82	0.0173229
5.84	0.0170372
5.86	0.0167561
5.88	0.0164794
5.9	0.0162071
5.92	0.0159392
5.94	0.0156755
5.96	0.015416
5.98	0.0151607
6	0.0149095
6.02	0.0146622
6.04	0.014419
6.06	0.0141796
6.08	0.013944
6.1	0.0137122
6.12	0.0134842
6.14	0.0132598
6.16	0.013039
6.18	0.0128218
6.2	0.0126081
6.22	0.0123978
6.24	0.0121909
6.26	0.0119873
6.28	0.011787
6.3	0.01159
6.32	0.0113962
6.34	0.0112054
6.36	0.0110178
6.38	0.0108332
6.4	0.0106517
6.42	0.010473
6.44	0.0102973
6.46	0.0101244
6.48	0.00995436
6.5	0.00978707
6.52	0.0096225
6.54	0.00946062
6.56	0.00930138
6.58	0.00914474
6.6	0.00899066
6.62	0.0088391
6.64	0.00869002
6.66	0.00854338
6.68	0.00839914
6.7	0.00825727
6.72	0.00811773
6.74	0.00798048
6.76	0.00784548
6.78	0.00771271
6.8	0.00758212
6.82	0.00745367
6.84	0.00732735
6.86	0.00720311
6.88	0.00708091
6.9	0.00696073
6.92	0.00684254
6.94	0.0067263
6.96	0.00661199
6.98	0.00649956
7	0.006389
7.02	0.00628027
7.04	0.00617334
7.06	0.00606818
7.08	0.00596477
7.1	0.00586308
7.12	0.00576308
7.14	0.00566474
7.16	0.00556804
7.18	0.00547294
7.2	0.00537943
7.22	0.00528748
7.24	0.00519707
7.26	0.00510816
7.28	0.00502073
7.3	0.00493477
7.32	0.00485024
7.34	0.00476712
7.36	0.0046854
7.38	0.00460505
7.4	0.00452604
7.42	0.00444835
7.44	0.00437197
7.46	0.00429687
7.48	0.00422303
7.5	0.00415043
7.52	0.00407905
7.54	0.00400887
7.56	0.00393987
7.58	0.00387203
7.6	0.00380534
7.62	0.00373976
7.64	0.0036753
7.66	0.00361192
7.68	0.00354961
7.7	0.00348835
7.72	0.00342813
7.74	0.00336892
7.76	0.00331071
7.78	0.00325349
7.8	0.00319724
7.82	0.00314194
7.84	0.00308758
7.86	0.00303414
7.88	0.0029816
7.9	0.00292996
7.92	0.00287919
7.94	0.00282929
7.96	0.00278023
7.98	0.00273201
8	0.0026846
8.02	0.002638
8.04	0.0025922
8.06	0.00254717
8.08	0.00250292
8.1	0.00245941
8.12	0.00241665
8.14	0.00237462
8.16	0.0023333
8.18	0.00229269
8.2	0.00225278
8.22	0.00221354
8.24	0.00217498
8.26	0.00213708
8.28	0.00209982
8.3	0.0020632
8.32	0.00202721
8.34	0.00199184
8.36	0.00195707
8.38	0.0019229
8.4	0.00188931
8.42	0.0018563
8.44	0.00182386
8.46	0.00179197
8.48	0.00176063
8.5	0.00172983
8.52	0.00169956
8.54	0.00166981
8.56	0.00164058
8.58	0.00161184
8.6	0.0015836
8.62	0.00155585
8.64	0.00152857
8.66	0.00150177
8.68	0.00147543
8.7	0.00144954
8.72	0.0014241
8.74	0.00139909
8.76	0.00137452
8.78	0.00135038
8.8	0.00132665
8.82	0.00130333
8.84	0.00128042
8.86	0.0012579
8.88	0.00123577
8.9	0.00121403
8.92	0.00119266
8.94	0.00117166
8.96	0.00115103
8.98	0.00113075
9	0.00111083
9.02	0.00109125
9.04	0.00107201
9.06	0.0010531
9.08	0.00103453
9.1	0.00101627
9.12	0.000998336
9.14	0.000980711
9.16	0.000963393
9.18	0.000946377
9.2	0.000929656
9.22	0.000913227
9.24	0.000897084
9.26	0.000881222
9.28	0.000865637
9.3	0.000850323
9.32	0.000835276
9.34	0.000820492
9.36	0.000805966
9.38	0.000791694
9.4	0.000777671
9.42	0.000763892
9.44	0.000750355
9.46	0.000737054
9.48	0.000723985
9.5	0.000711146
9.52	0.00069853
9.54	0.000686136
9.56	0.000673959
9.58	0.000661995
9.6	0.00065024
9.62	0.000638691
9.64	0.000627345
9.66	0.000616198
9.68	0.000605246
9.7	0.000594486
9.72	0.000583915
9.74	0.00057353
9.76	0.000563327
9.78	0.000553303
9.8	0.000543456
9.82	0.000533781
9.84	0.000524277
9.86	0.000514939
9.88	0.000505766
9.9	0.000496754
9.92	0.000487901
9.94	0.000479204
9.96	0.000470659
9.98	0.000462266
10	0.00045402
