0	0
0.001	7.69455e+09
0.002	2.22734e+10
0.003	3.18923e+10
0.004	3.51074e+10
0.005	3.53387e+10
0.006	3.4728e+10
0.007	3.40197e+10
0.008	3.32826e+10
0.009	3.25699e+10
0.01	3.18812e+10
0.011	3.11888e+10
0.012	3.0534e+10
0.013	2.98791e+10
0.014	2.92421e+10
0.015	2.86285e+10
0.016	2.80133e+10
0.017	2.74265e+10
0.018	2.68463e+10
0.019	2.62758e+10
0.02	2.57291e+10
0.021	2.51825e+10
0.022	2.46555e+10
0.023	2.41413e+10
0.024	2.36307e+10
0.025	2.31419e+10
0.026	2.2657e+10
0.027	2.21831e+10
0.028	2.17262e+10
0.029	2.12706e+10
0.03	2.08313e+10
0.031	2.04018e+10
0.032	1.99761e+10
0.033	1.95675e+10
0.034	1.91631e+10
0.035	1.8767e+10
0.036	1.83851e+10
0.037	1.8005e+10
0.038	1.76369e+10
0.039	1.72785e+10
0.04	1.69224e+10
0.041	1.65799e+10
0.042	1.62428e+10
0.043	1.59103e+10
0.044	1.55906e+10
0.045	1.52735e+10
0.046	1.49635e+10
0.047	1.46642e+10
0.048	1.43663e+10
0.049	1.40775e+10
0.05	1.37967e+10
0.051	1.35173e+10
0.052	1.3248e+10
0.053	1.2984e+10
0.054	1.27224e+10
0.055	1.24709e+10
0.056	1.22227e+10
0.057	1.1978e+10
0.058	1.17427e+10
0.059	1.15093e+10
0.06	1.12806e+10
0.061	1.10601e+10
0.062	1.08408e+10
0.063	1.0627e+10
0.064	1.04202e+10
0.065	1.02142e+10
0.066	1.00142e+10
0.067	9.82013e+09
0.068	9.62669e+09
0.069	9.43944e+09
0.07	9.25725e+09
0.071	9.07565e+09
0.072	8.90027e+09
0.073	8.72917e+09
0.074	8.55868e+09
0.075	8.3943e+09
0.076	8.2336e+09
0.077	8.07353e+09
0.078	7.91935e+09
0.079	7.76844e+09
0.08	7.61811e+09
0.081	7.4734e+09
0.082	7.33169e+09
0.083	7.19047e+09
0.084	7.05456e+09
0.085	6.92152e+09
0.086	6.78882e+09
0.087	6.66108e+09
0.088	6.53619e+09
0.089	6.41147e+09
0.09	6.2913e+09
0.091	6.17409e+09
0.092	6.05687e+09
0.093	5.94372e+09
0.094	5.83372e+09
0.095	5.72356e+09
0.096	5.61692e+09
0.097	5.51366e+09
0.098	5.41019e+09
0.099	5.30958e+09
0.1	5.21261e+09
0.101	5.11548e+09
0.102	5.02049e+09
0.103	4.92932e+09
0.104	4.83825e+09
0.105	4.74853e+09
0.106	4.66267e+09
0.107	4.57737e+09
0.108	4.49264e+09
0.109	4.4116e+09
0.11	4.33176e+09
0.111	4.25185e+09
0.112	4.17516e+09
0.113	4.10041e+09
0.114	4.02522e+09
0.115	3.95249e+09
0.116	3.88237e+09
0.117	3.81186e+09
0.118	3.7428e+09
0.119	3.67679e+09
0.12	3.61087e+09
0.121	3.54537e+09
0.122	3.48291e+09
0.123	3.42137e+09
0.124	3.35949e+09
0.125	3.30008e+09
0.126	3.24255e+09
0.127	3.18445e+09
0.128	3.12777e+09
0.129	3.07367e+09
0.13	3.01945e+09
0.131	2.96549e+09
0.132	2.91416e+09
0.133	2.86369e+09
0.134	2.8127e+09
0.135	2.76362e+09
0.136	2.71644e+09
0.137	2.66874e+09
0.138	2.62174e+09
0.139	2.57713e+09
0.14	2.53283e+09
0.141	2.48816e+09
0.142	2.44545e+09
0.143	2.40422e+09
0.144	2.36236e+09
0.145	2.32127e+09
0.146	2.28235e+09
0.147	2.24357e+09
0.148	2.2044e+09
0.149	2.16701e+09
0.15	2.13099e+09
0.151	2.09435e+09
0.152	2.05824e+09
0.153	2.02413e+09
0.154	1.99032e+09
0.155	1.95594e+09
0.156	1.92296e+09
0.157	1.8915e+09
0.158	1.85957e+09
0.159	1.82768e+09
0.16	1.79758e+09
0.161	1.76821e+09
0.162	1.73815e+09
0.163	1.70882e+09
0.164	1.68119e+09
0.165	1.65357e+09
0.166	1.62543e+09
0.167	1.59856e+09
0.168	1.573e+09
0.169	1.54696e+09
0.17	1.52081e+09
0.171	1.49618e+09
0.172	1.47236e+09
0.173	1.44786e+09
0.174	1.42366e+09
0.175	1.40101e+09
0.176	1.37872e+09
0.177	1.35574e+09
0.178	1.33338e+09
0.179	1.31246e+09
0.18	1.29157e+09
0.181	1.27007e+09
0.182	1.24941e+09
0.183	1.23003e+09
0.184	1.21046e+09
0.185	1.19038e+09
0.186	1.17125e+09
0.187	1.15327e+09
0.188	1.13496e+09
0.189	1.11621e+09
0.19	1.09846e+09
0.191	1.08175e+09
0.192	1.06465e+09
0.193	1.04715e+09
0.194	1.03062e+09
0.195	1.01508e+09
0.196	9.99153e+08
0.197	9.82807e+08
0.198	9.67365e+08
0.199	9.52903e+08
0.2	9.38114e+08
0.201	9.22844e+08
0.202	9.08357e+08
0.203	8.94884e+08
0.204	8.81195e+08
0.205	8.66946e+08
0.206	8.53298e+08
0.207	8.40708e+08
0.208	8.2808e+08
0.209	8.14821e+08
0.21	8.01919e+08
0.211	7.90089e+08
0.212	7.78465e+08
0.213	7.66198e+08
0.214	7.53984e+08
0.215	7.42775e+08
0.216	7.32062e+08
0.217	7.20805e+08
0.218	7.09278e+08
0.219	6.98557e+08
0.22	6.88609e+08
0.221	6.78365e+08
0.222	6.67592e+08
0.223	6.57272e+08
0.224	6.47887e+08
0.225	6.38598e+08
0.226	6.28694e+08
0.227	6.18785e+08
0.228	6.09745e+08
0.229	6.01243e+08
0.23	5.92309e+08
0.231	5.82949e+08
0.232	5.74111e+08
0.233	5.6611e+08
0.234	5.58126e+08
0.235	5.49545e+08
0.236	5.40944e+08
0.237	5.33137e+08
0.238	5.25872e+08
0.239	5.18247e+08
0.24	5.10139e+08
0.241	5.02376e+08
0.242	4.95428e+08
0.243	4.88684e+08
0.244	4.81409e+08
0.245	4.73867e+08
0.246	4.66896e+08
0.247	4.6063e+08
0.248	4.54305e+08
0.249	4.47419e+08
0.25	4.40465e+08
0.251	4.34183e+08
0.252	4.28467e+08
0.253	4.22535e+08
0.254	4.1607e+08
0.255	4.09667e+08
0.256	4.03959e+08
0.257	3.98716e+08
0.258	3.93183e+08
0.259	3.87151e+08
0.26	3.81231e+08
0.261	3.75994e+08
0.262	3.71178e+08
0.263	3.66064e+08
0.264	3.60462e+08
0.265	3.54952e+08
0.266	3.5009e+08
0.267	3.45664e+08
0.268	3.40991e+08
0.269	3.35821e+08
0.27	3.30655e+08
0.271	3.26076e+08
0.272	3.21995e+08
0.273	3.17777e+08
0.274	3.13059e+08
0.275	3.08199e+08
0.276	3.03815e+08
0.277	3.00003e+08
0.278	2.96231e+08
0.279	2.92004e+08
0.28	2.87465e+08
0.281	2.83207e+08
0.282	2.7955e+08
0.283	2.76163e+08
0.284	2.72468e+08
0.285	2.68326e+08
0.286	2.64189e+08
0.287	2.60559e+08
0.288	2.57412e+08
0.289	2.54233e+08
0.29	2.5061e+08
0.291	2.46697e+08
0.292	2.43024e+08
0.293	2.39905e+08
0.294	2.37094e+08
0.295	2.34064e+08
0.296	2.30586e+08
0.297	2.26965e+08
0.298	2.23704e+08
0.299	2.20965e+08
0.3	2.18407e+08
0.301	2.15552e+08
0.302	2.12278e+08
0.303	2.0894e+08
0.304	2.05994e+08
0.305	2.03535e+08
0.306	2.01211e+08
0.307	1.98581e+08
0.308	1.95548e+08
0.309	1.92449e+08
0.31	1.89713e+08
0.311	1.87453e+08
0.312	1.85362e+08
0.313	1.83012e+08
0.314	1.80256e+08
0.315	1.77358e+08
0.316	1.74738e+08
0.317	1.72589e+08
0.318	1.70706e+08
0.319	1.68678e+08
0.32	1.66258e+08
0.321	1.63572e+08
0.322	1.61005e+08
0.323	1.58856e+08
0.324	1.57092e+08
0.325	1.55378e+08
0.326	1.53368e+08
0.327	1.50989e+08
0.328	1.48495e+08
0.329	1.46253e+08
0.33	1.44441e+08
0.331	1.42916e+08
0.332	1.41329e+08
0.333	1.39406e+08
0.334	1.37157e+08
0.335	1.34859e+08
0.336	1.32842e+08
0.337	1.31237e+08
0.338	1.29885e+08
0.339	1.28463e+08
0.34	1.26717e+08
0.341	1.24649e+08
0.342	1.22505e+08
0.343	1.20594e+08
0.344	1.19076e+08
0.345	1.1785e+08
0.346	1.16634e+08
0.347	1.15157e+08
0.348	1.13338e+08
0.349	1.11338e+08
0.35	1.09442e+08
0.351	1.07879e+08
0.352	1.06672e+08
0.353	1.05634e+08
0.354	1.04488e+08
0.355	1.03037e+08
0.356	1.01283e+08
0.357	9.94192e+07
0.358	9.77103e+07
0.359	9.63358e+07
0.36	9.52896e+07
0.361	9.43887e+07
0.362	9.33805e+07
0.363	9.20849e+07
0.364	9.04896e+07
0.365	8.87521e+07
0.366	8.71101e+07
0.367	8.57551e+07
0.368	8.47343e+07
0.369	8.39312e+07
0.37	8.3129e+07
0.371	8.21209e+07
0.372	8.08107e+07
0.373	7.9255e+07
0.374	7.76318e+07
0.375	7.61528e+07
0.376	7.49657e+07
0.377	7.40888e+07
0.378	7.34075e+07
0.379	7.27287e+07
0.38	7.18668e+07
0.381	7.07217e+07
0.382	6.93179e+07
0.383	6.77899e+07
0.384	6.63236e+07
0.385	6.50811e+07
0.386	6.41383e+07
0.387	6.34585e+07
0.388	6.29109e+07
0.389	6.23219e+07
0.39	6.15395e+07
0.391	6.04865e+07
0.392	5.91846e+07
0.393	5.77429e+07
0.394	5.63176e+07
0.395	5.50591e+07
0.396	5.40635e+07
0.397	5.33446e+07
0.398	5.28327e+07
0.399	5.23996e+07
0.4	5.18985e+07
0.401	5.12073e+07
0.402	5.02619e+07
0.403	4.90712e+07
0.404	4.77114e+07
0.405	4.63028e+07
0.406	4.49765e+07
0.407	4.38415e+07
0.408	4.2959e+07
0.409	4.23299e+07
0.41	4.1898e+07
0.411	4.15649e+07
0.412	4.12144e+07
0.413	4.07372e+07
0.414	4.00536e+07
0.415	3.91271e+07
0.416	3.79694e+07
0.417	3.66352e+07
0.418	3.52096e+07
0.419	3.37911e+07
0.42	3.24745e+07
0.421	3.13353e+07
0.422	3.04191e+07
0.423	2.97366e+07
0.424	2.92648e+07
0.425	2.8952e+07
0.426	2.87271e+07
0.427	2.85099e+07
0.428	2.82213e+07
0.429	2.77927e+07
0.43	2.71718e+07
0.431	2.63269e+07
0.432	2.52479e+07
0.433	2.39445e+07
0.434	2.24436e+07
0.435	2.07845e+07
0.436	1.90145e+07
0.437	1.71841e+07
0.438	1.53427e+07
0.439	1.35358e+07
0.44	1.18022e+07
0.441	1.01729e+07
0.442	8.6704e+06
0.443	7.30914e+06
0.444	6.09599e+06
0.445	5.03142e+06
0.446	4.11076e+06
0.447	3.32547e+06
0.448	2.66436e+06
0.449	2.1147e+06
0.45	1.66312e+06
0.451	1.29633e+06
0.452	1.00166e+06
0.453	767410
0.454	583078
0.455	439442
0.456	328572
0.457	243776
0.458	179497
0.459	131190
0.46	95189.5
0.461	68578.2
0.462	49063.2
0.463	34862.4
0.464	24606.4
0.465	17253.9
0.466	12020.5
0.467	8321.7
0.468	5725.35
0.469	3915.08
0.47	2661.19
0.471	1798.25
0.472	1208.12
0.473	807.043
0.474	536.104
0.475	354.167
0.476	232.708
0.477	152.088
0.478	98.8773
0.479	63.9515
0.48	41.1519
0.481	26.3481
0.482	16.7864
0.483	10.6427
0.484	6.71512
0.485	4.21696
0.486	2.63582
0.487	1.63995
0.488	1.01571
0.489	0.626273
0.49	0.384446
0.491	0.234969
0.492	0.142992
0.493	0.0866501
0.494	0.0522879
0.495	0.0314219
0.496	0.0188056
0.497	0.0112094
0.498	0.00665498
0.499	0.00393547
0.5	0.00231821
0.501	0.00136031
0.502	0.00079519
0.503	0.000463095
0.504	0.000268693
0.505	0.000155327
0.506	8.94665e-05
0.507	5.1347e-05
0.508	2.93649e-05
0.509	1.67347e-05
0.51	9.50389e-06
0.511	5.37891e-06
0.512	3.03398e-06
0.513	1.70559e-06
0.514	9.5564e-07
0.515	5.33688e-07
0.516	2.97078e-07
0.517	1.64838e-07
0.518	9.11721e-08
0.519	5.02691e-08
0.52	2.76304e-08
0.521	1.51403e-08
0.522	8.27102e-09
0.523	4.50477e-09
0.524	2.44618e-09
0.525	1.3244e-09
0.526	7.14955e-10
0.527	3.8484e-10
0.528	2.06555e-10
0.529	1.1055e-10
0.53	5.90006e-11
0.531	3.14012e-11
0.532	1.66663e-11
0.533	8.82162e-12
0.534	4.65678e-12
0.535	2.45167e-12
0.536	1.28733e-12
0.537	6.74222e-13
0.538	3.52226e-13
0.539	1.83551e-13
0.54	9.54139e-14
0.541	4.94771e-14
0.542	2.55912e-14
0.543	1.32026e-14
0.544	6.79108e-15
0.545	3.48177e-15
0.546	1.779e-15
0.547	9.06319e-16
0.548	4.60148e-16
0.549	2.33195e-16
0.55	1.17886e-16
0.551	5.96484e-17
0.552	3.02735e-17
0.553	1.54421e-17
0.554	7.96104e-18
0.555	4.076e-18
0.556	2.15069e-18
0.557	1.07937e-18
0.558	6.2089e-19
0.559	3.42186e-19
0.56	2.43035e-19
0.561	2.09174e-19
0.562	1.30351e-19
0.563	1.8744e-19
0.564	1.11031e-19
0.565	1.10924e-19
0.566	1.26619e-19
0.567	2.23728e-19
0.568	2.31229e-19
0.569	1.74024e-19
0.57	2.16852e-19
0.571	2.23416e-19
0.572	2.09298e-19
0.573	2.6834e-19
0.574	2.34884e-19
0.575	2.74562e-19
0.576	2.82553e-19
0.577	2.51943e-19
0.578	2.73119e-19
0.579	2.31746e-19
0.58	2.0713e-19
0.581	2.3019e-19
0.582	1.78158e-19
0.583	2.47155e-19
0.584	1.7753e-19
0.585	2.03864e-19
0.586	1.89284e-19
0.587	1.51044e-19
0.588	1.96991e-19
0.589	1.30977e-19
0.59	1.36222e-19
0.591	1.33941e-19
0.592	1.13224e-19
0.593	8.70288e-20
0.594	6.2188e-20
0.595	4.96403e-20
0.596	5.00604e-20
0.597	7.26832e-20
0.598	7.78821e-20
0.599	8.60362e-20
0.6	1.03691e-19
0.601	1.00325e-19
0.602	9.97647e-20
0.603	8.46354e-20
0.604	8.88722e-20
0.605	9.86302e-20
0.606	1.10361e-19
0.607	8.89784e-20
0.608	7.33622e-20
0.609	8.08316e-20
0.61	5.99242e-20
0.611	9.63696e-20
0.612	9.01283e-20
0.613	9.42268e-20
0.614	1.2832e-19
0.615	8.8084e-20
0.616	1.49776e-19
0.617	1.17052e-19
0.618	4.88653e-20
0.619	7.61303e-20
0.62	4.64011e-20
0.621	8.79992e-20
0.622	7.88896e-20
0.623	4.92323e-20
0.624	1.9521e-19
0.625	1.0377e-19
0.626	1.13181e-19
0.627	1.92317e-19
0.628	1.03878e-19
0.629	1.67468e-19
0.63	1.3051e-19
0.631	2.07876e-19
0.632	1.44818e-19
0.633	2.02529e-19
0.634	3.47005e-19
0.635	1.81485e-19
0.636	3.08619e-19
0.637	1.78293e-19
0.638	1.94756e-19
0.639	3.152e-19
0.64	1.21933e-19
0.641	2.21709e-19
0.642	1.62706e-19
0.643	8.7569e-20
0.644	2.02151e-19
0.645	1.1137e-19
0.646	1.41156e-19
0.647	1.84439e-19
0.648	8.2751e-20
0.649	2.42291e-19
0.65	1.18308e-19
0.651	1.27688e-19
0.652	3.04742e-19
0.653	5.48603e-20
0.654	3.5707e-19
0.655	1.30504e-19
0.656	1.97312e-19
0.657	3.83999e-19
0.658	8.18109e-20
0.659	3.68256e-19
0.66	2.39579e-19
0.661	2.56414e-19
0.662	4.89286e-19
0.663	1.49165e-19
0.664	3.46653e-19
0.665	2.47473e-19
0.666	1.72849e-19
0.667	3.78541e-19
0.668	1.11757e-19
0.669	2.48075e-19
0.67	2.44548e-19
0.671	1.11228e-19
0.672	3.78811e-19
0.673	1.08961e-19
0.674	2.35742e-19
0.675	3.41427e-19
0.676	6.05876e-20
0.677	2.9897e-19
0.678	1.75001e-19
0.679	1.62752e-19
0.68	3.75244e-19
0.681	1.21908e-19
0.682	3.26004e-19
0.683	2.41836e-19
0.684	1.32894e-19
0.685	2.84707e-19
0.686	1.02067e-19
0.687	1.89265e-19
0.688	2.15427e-19
0.689	1.18846e-19
0.69	3.35918e-19
0.691	1.63354e-19
0.692	1.38042e-19
0.693	1.93249e-19
0.694	8.76664e-20
0.695	1.29208e-19
0.696	1.30652e-19
0.697	4.67672e-20
0.698	1.98468e-19
0.699	5.55738e-20
0.7	1.14025e-19
0.701	1.28708e-19
0.702	1.01354e-19
0.703	1.86376e-19
0.704	9.79848e-20
0.705	1.00798e-19
0.706	1.55157e-19
0.707	8.00098e-20
0.708	1.31696e-19
0.709	1.63302e-19
0.71	1.1351e-19
0.711	1.67211e-19
0.712	1.38076e-19
0.713	1.481e-19
0.714	1.63066e-19
0.715	9.59893e-20
0.716	1.45519e-19
0.717	8.63664e-20
0.718	5.57051e-20
0.719	1.01225e-19
0.72	4.64241e-20
0.721	7.85107e-20
0.722	8.4962e-20
0.723	5.64306e-20
0.724	8.50259e-20
0.725	6.90215e-20
0.726	5.58564e-20
0.727	9.23537e-20
0.728	4.03548e-20
0.729	8.02419e-20
0.73	8.54596e-20
0.731	7.83864e-20
0.732	9.6319e-20
0.733	7.81983e-20
0.734	8.43277e-20
0.735	7.22615e-20
0.736	5.7075e-20
0.737	4.69468e-20
0.738	8.05829e-20
0.739	5.37109e-20
0.74	4.78177e-20
0.741	4.82866e-20
0.742	5.99947e-20
0.743	4.93021e-20
0.744	5.26371e-20
0.745	4.96922e-20
0.746	5.66317e-20
0.747	5.51299e-20
0.748	4.23415e-20
0.749	6.10587e-20
0.75	5.20997e-20
0.751	4.48242e-20
0.752	6.7627e-20
0.753	6.77362e-20
0.754	5.5376e-20
0.755	4.63272e-20
0.756	4.20432e-20
0.757	4.46544e-20
0.758	4.07661e-20
0.759	4.40097e-20
0.76	4.9725e-20
0.761	4.58298e-20
0.762	5.24508e-20
0.763	8.05264e-20
0.764	7.76586e-20
0.765	8.02881e-20
0.766	7.40857e-20
0.767	8.83691e-20
0.768	6.16097e-20
0.769	6.20496e-20
0.77	7.53987e-20
0.771	5.88278e-20
0.772	8.55532e-20
0.773	3.93979e-20
0.774	7.81677e-20
0.775	6.77374e-20
0.776	8.11208e-20
0.777	1.01382e-19
0.778	6.34831e-20
0.779	5.15452e-20
0.78	5.3545e-20
0.781	4.59336e-20
0.782	3.72459e-20
0.783	4.57023e-20
0.784	3.40739e-20
0.785	4.3388e-20
0.786	4.41843e-20
0.787	4.27031e-20
0.788	2.73874e-20
0.789	4.16314e-20
0.79	2.92811e-20
0.791	4.39518e-20
0.792	5.60909e-20
0.793	4.5225e-20
0.794	4.03143e-20
0.795	1.00867e-19
0.796	3.19001e-20
0.797	6.66777e-20
0.798	1.04419e-19
0.799	8.62129e-20
0.8	1.2984e-19
0.801	7.22238e-20
0.802	1.87235e-19
0.803	1.22219e-19
0.804	5.62031e-20
0.805	1.97135e-19
0.806	5.24467e-20
0.807	1.00053e-19
0.808	1.15715e-19
0.809	7.26474e-20
0.81	7.67144e-20
0.811	7.60403e-20
0.812	9.27073e-20
0.813	1.09038e-19
0.814	5.41354e-20
0.815	1.49458e-19
0.816	9.99285e-20
0.817	4.91532e-20
0.818	9.19832e-20
0.819	5.33322e-20
0.82	6.76824e-20
0.821	1.19078e-19
0.822	5.66073e-20
0.823	1.10408e-19
0.824	1.52968e-19
0.825	3.59375e-20
0.826	1.38603e-19
0.827	8.80315e-20
0.828	5.3978e-20
0.829	1.43406e-19
0.83	5.48054e-20
0.831	1.11917e-19
0.832	1.5372e-19
0.833	7.25721e-20
0.834	1.69209e-19
0.835	5.46276e-20
0.836	1.60725e-19
0.837	1.07079e-19
0.838	3.20198e-20
0.839	1.77584e-19
0.84	9.81165e-20
0.841	8.03925e-20
0.842	2.06368e-19
0.843	5.44904e-20
0.844	1.07544e-19
0.845	1.53623e-19
0.846	2.90317e-20
0.847	1.392e-19
0.848	1.25771e-19
0.849	6.61898e-20
0.85	1.88701e-19
0.851	4.73819e-20
0.852	1.92254e-19
0.853	1.59336e-19
0.854	6.45266e-20
0.855	3.39284e-19
0.856	9.36619e-20
0.857	2.17596e-19
0.858	2.33226e-19
0.859	7.98812e-20
0.86	3.03927e-19
0.861	8.59366e-20
0.862	1.2932e-19
0.863	1.71145e-19
0.864	4.99601e-20
0.865	2.14003e-19
0.866	5.96138e-20
0.867	9.17672e-20
0.868	1.82936e-19
0.869	8.8651e-20
0.87	1.41759e-19
0.871	1.79416e-19
0.872	6.95602e-20
0.873	1.89013e-19
0.874	9.09542e-20
0.875	8.04196e-20
0.876	2.18609e-19
0.877	5.79725e-20
0.878	1.42889e-19
0.879	1.75674e-19
0.88	3.09835e-20
0.881	1.89831e-19
0.882	8.00213e-20
0.883	8.59877e-20
0.884	1.84518e-19
0.885	5.51993e-20
0.886	2.30537e-19
0.887	1.05482e-19
0.888	1.21348e-19
0.889	2.69954e-19
0.89	7.02262e-20
0.891	2.4911e-19
0.892	1.82307e-19
0.893	1.02712e-19
0.894	2.2298e-19
0.895	7.3853e-20
0.896	1.57743e-19
0.897	1.60791e-19
0.898	4.71006e-20
0.899	1.84537e-19
0.9	1.19092e-19
0.901	4.72352e-20
0.902	2.35704e-19
0.903	6.53725e-20
0.904	1.71412e-19
0.905	2.32842e-19
0.906	6.10072e-20
0.907	2.40205e-19
0.908	1.86249e-19
0.909	1.42981e-19
0.91	4.19985e-19
0.911	7.46731e-20
0.912	4.562e-19
0.913	2.63382e-19
0.914	7.88742e-20
0.915	5.33882e-19
0.916	1.0658e-19
0.917	2.41405e-19
0.918	3.67532e-19
0.919	7.00718e-20
0.92	4.09878e-19
0.921	1.07485e-19
0.922	2.60719e-19
0.923	3.27992e-19
0.924	6.84254e-20
0.925	3.35453e-19
0.926	2.0873e-19
0.927	1.28405e-19
0.928	4.14468e-19
0.929	4.57727e-20
0.93	2.36933e-19
0.931	3.06298e-19
0.932	4.12342e-20
0.933	2.61213e-19
0.934	1.59756e-19
0.935	1.29627e-19
0.936	2.34913e-19
0.937	3.83663e-20
0.938	2.61187e-19
0.939	1.05739e-19
0.94	4.71465e-20
0.941	3.13425e-19
0.942	5.92186e-20
0.943	1.59117e-19
0.944	2.68749e-19
0.945	5.63728e-20
0.946	2.25916e-19
0.947	2.18523e-19
0.948	6.75187e-20
0.949	2.80919e-19
0.95	9.89008e-20
0.951	1.46537e-19
0.952	1.9522e-19
0.953	8.91174e-20
0.954	2.0542e-19
0.955	1.7378e-19
0.956	9.61853e-20
0.957	2.10475e-19
0.958	7.46439e-20
0.959	1.82393e-19
0.96	1.30683e-19
0.961	8.84509e-20
0.962	2.15215e-19
0.963	9.88399e-20
0.964	9.99728e-20
0.965	2.29267e-19
0.966	6.64043e-20
0.967	1.20613e-19
0.968	1.68054e-19
0.969	1.08019e-19
0.97	1.66947e-19
0.971	1.25255e-19
0.972	9.01488e-20
0.973	1.18056e-19
0.974	6.92017e-20
0.975	1.53656e-19
0.976	1.35295e-19
0.977	7.81929e-20
0.978	1.33723e-19
0.979	1.12383e-19
0.98	8.55242e-20
0.981	1.19946e-19
0.982	7.61097e-20
0.983	7.7522e-20
0.984	8.39104e-20
0.985	6.13294e-20
0.986	8.68864e-20
0.987	5.85098e-20
0.988	1.04868e-19
0.989	8.28066e-20
0.99	4.40375e-20
0.991	7.45816e-20
0.992	4.73655e-20
0.993	6.19134e-20
0.994	9.33127e-20
0.995	4.41755e-20
0.996	6.22045e-20
0.997	4.38197e-20
0.998	3.3356e-20
0.999	5.4375e-20
1	0
