0	0
0.001	8.32876e+07
0.002	2.47561e+08
0.003	3.6125e+08
0.004	3.99043e+08
0.005	4.03456e+08
0.006	3.99072e+08
0.007	3.91797e+08
0.008	3.8552e+08
0.009	3.79321e+08
0.01	3.72423e+08
0.011	3.66425e+08
0.012	3.60488e+08
0.013	3.54071e+08
0.014	3.48338e+08
0.015	3.42711e+08
0.016	3.36703e+08
0.017	3.31222e+08
0.018	3.25908e+08
0.019	3.2027e+08
0.02	3.15028e+08
0.021	3.10014e+08
0.022	3.04719e+08
0.023	2.99705e+08
0.024	2.9497e+08
0.025	2.90003e+08
0.026	2.85206e+08
0.027	2.80724e+08
0.028	2.76071e+08
0.029	2.71486e+08
0.03	2.67228e+08
0.031	2.62877e+08
0.032	2.58503e+08
0.033	2.54441e+08
0.034	2.50374e+08
0.035	2.46218e+08
0.036	2.42324e+08
0.037	2.38518e+08
0.038	2.3459e+08
0.039	2.30846e+08
0.04	2.27269e+08
0.041	2.23578e+08
0.042	2.19977e+08
0.043	2.1659e+08
0.044	2.13141e+08
0.045	2.09689e+08
0.046	2.06455e+08
0.047	2.03237e+08
0.048	1.99951e+08
0.049	1.96838e+08
0.05	1.93828e+08
0.051	1.9073e+08
0.052	1.87724e+08
0.053	1.84882e+08
0.054	1.81988e+08
0.055	1.79095e+08
0.056	1.76377e+08
0.057	1.73683e+08
0.058	1.70928e+08
0.059	1.68302e+08
0.06	1.6578e+08
0.061	1.63192e+08
0.062	1.60648e+08
0.063	1.58253e+08
0.064	1.55846e+08
0.065	1.53405e+08
0.066	1.51093e+08
0.067	1.48851e+08
0.068	1.46548e+08
0.069	1.44301e+08
0.07	1.4218e+08
0.071	1.40038e+08
0.072	1.37873e+08
0.073	1.35825e+08
0.074	1.33834e+08
0.075	1.31789e+08
0.076	1.29792e+08
0.077	1.27909e+08
0.078	1.26011e+08
0.079	1.24086e+08
0.08	1.22259e+08
0.081	1.20496e+08
0.082	1.18685e+08
0.083	1.169e+08
0.084	1.1522e+08
0.085	1.13546e+08
0.086	1.11834e+08
0.087	1.10193e+08
0.088	1.0863e+08
0.089	1.07034e+08
0.09	1.05433e+08
0.091	1.03924e+08
0.092	1.02451e+08
0.093	1.00935e+08
0.094	9.94509e+07
0.095	9.80548e+07
0.096	9.66579e+07
0.097	9.52272e+07
0.098	9.38564e+07
0.099	9.25541e+07
0.1	9.12265e+07
0.101	8.98854e+07
0.102	8.86184e+07
0.103	8.73952e+07
0.104	8.61357e+07
0.105	8.48841e+07
0.106	8.37094e+07
0.107	8.25555e+07
0.108	8.13642e+07
0.109	8.01987e+07
0.11	7.91052e+07
0.111	7.80148e+07
0.112	7.68913e+07
0.113	7.5806e+07
0.114	7.47845e+07
0.115	7.37541e+07
0.116	7.26968e+07
0.117	7.16849e+07
0.118	7.07284e+07
0.119	6.97556e+07
0.12	6.87616e+07
0.121	6.78162e+07
0.122	6.69192e+07
0.123	6.60021e+07
0.124	6.50679e+07
0.125	6.41825e+07
0.126	6.33407e+07
0.127	6.24777e+07
0.128	6.15993e+07
0.129	6.0768e+07
0.13	5.99778e+07
0.131	5.91672e+07
0.132	5.83407e+07
0.133	5.75581e+07
0.134	5.68162e+07
0.135	5.60562e+07
0.136	5.52783e+07
0.137	5.45393e+07
0.138	5.38423e+07
0.139	5.31315e+07
0.14	5.23994e+07
0.141	5.16996e+07
0.142	5.10437e+07
0.143	5.03803e+07
0.144	4.96923e+07
0.145	4.90277e+07
0.146	4.84086e+07
0.147	4.77907e+07
0.148	4.7146e+07
0.149	4.65137e+07
0.15	4.59265e+07
0.151	4.53511e+07
0.152	4.47498e+07
0.153	4.41484e+07
0.154	4.3588e+07
0.155	4.30509e+07
0.156	4.24932e+07
0.157	4.19231e+07
0.158	4.13851e+07
0.159	4.08803e+07
0.16	4.03656e+07
0.161	3.98294e+07
0.162	3.93111e+07
0.163	3.88313e+07
0.164	3.83567e+07
0.165	3.7858e+07
0.166	3.73601e+07
0.167	3.68979e+07
0.168	3.64569e+07
0.169	3.59987e+07
0.17	3.55256e+07
0.171	3.5076e+07
0.172	3.46591e+07
0.173	3.42404e+07
0.174	3.37993e+07
0.175	3.33627e+07
0.176	3.29595e+07
0.177	3.25735e+07
0.178	3.21703e+07
0.179	3.17534e+07
0.18	3.13574e+07
0.181	3.09918e+07
0.182	3.06263e+07
0.183	3.02396e+07
0.184	2.98528e+07
0.185	2.9495e+07
0.186	2.91576e+07
0.187	2.88082e+07
0.188	2.84414e+07
0.189	2.80865e+07
0.19	2.77615e+07
0.191	2.74455e+07
0.192	2.71115e+07
0.193	2.67674e+07
0.194	2.64431e+07
0.195	2.61449e+07
0.196	2.58467e+07
0.197	2.55292e+07
0.198	2.52086e+07
0.199	2.49115e+07
0.2	2.46358e+07
0.201	2.43539e+07
0.202	2.40538e+07
0.203	2.37557e+07
0.204	2.34823e+07
0.205	2.32259e+07
0.206	2.29602e+07
0.207	2.26777e+07
0.208	2.24002e+07
0.209	2.21471e+07
0.21	2.19082e+07
0.211	2.16588e+07
0.212	2.13937e+07
0.213	2.11345e+07
0.214	2.08987e+07
0.215	2.06762e+07
0.216	2.04432e+07
0.217	2.0195e+07
0.218	1.99518e+07
0.219	1.97307e+07
0.22	1.95234e+07
0.221	1.93072e+07
0.222	1.90755e+07
0.223	1.88462e+07
0.224	1.86374e+07
0.225	1.84439e+07
0.226	1.82445e+07
0.227	1.80294e+07
0.228	1.78127e+07
0.229	1.76137e+07
0.23	1.74323e+07
0.231	1.72493e+07
0.232	1.70512e+07
0.233	1.68467e+07
0.234	1.66554e+07
0.235	1.64834e+07
0.236	1.63156e+07
0.237	1.61353e+07
0.238	1.59438e+07
0.239	1.57592e+07
0.24	1.55933e+07
0.241	1.54383e+07
0.242	1.52758e+07
0.243	1.50995e+07
0.244	1.49219e+07
0.245	1.47594e+07
0.246	1.46128e+07
0.247	1.44669e+07
0.248	1.43082e+07
0.249	1.41405e+07
0.25	1.39801e+07
0.251	1.3837e+07
0.252	1.37034e+07
0.253	1.35633e+07
0.254	1.34101e+07
0.255	1.32541e+07
0.256	1.31106e+07
0.257	1.29826e+07
0.258	1.28582e+07
0.259	1.27235e+07
0.26	1.25779e+07
0.261	1.24344e+07
0.262	1.23054e+07
0.263	1.21892e+07
0.264	1.20723e+07
0.265	1.19439e+07
0.266	1.18071e+07
0.267	1.16752e+07
0.268	1.1558e+07
0.269	1.14513e+07
0.27	1.13418e+07
0.271	1.12207e+07
0.272	1.10927e+07
0.273	1.09708e+07
0.274	1.0863e+07
0.275	1.07646e+07
0.276	1.06628e+07
0.277	1.05498e+07
0.278	1.04303e+07
0.279	1.03164e+07
0.28	1.02159e+07
0.281	1.01248e+07
0.282	1.00312e+07
0.283	9.92708e+06
0.284	9.81565e+06
0.285	9.70812e+06
0.286	9.61298e+06
0.287	9.52808e+06
0.288	9.44289e+06
0.289	9.34836e+06
0.29	9.2452e+06
0.291	9.14299e+06
0.292	9.05128e+06
0.293	8.97096e+06
0.294	8.89366e+06
0.295	8.80938e+06
0.296	8.71539e+06
0.297	8.61846e+06
0.298	8.52871e+06
0.299	8.45069e+06
0.3	8.37959e+06
0.301	8.30555e+06
0.302	8.22222e+06
0.303	8.13202e+06
0.304	8.04395e+06
0.305	7.96582e+06
0.306	7.89778e+06
0.307	7.83234e+06
0.308	7.76073e+06
0.309	7.68008e+06
0.31	7.59565e+06
0.311	7.51633e+06
0.312	7.44745e+06
0.313	7.38655e+06
0.314	7.3255e+06
0.315	7.25709e+06
0.316	7.18061e+06
0.317	7.10226e+06
0.318	7.03021e+06
0.319	6.96821e+06
0.32	6.91283e+06
0.321	6.85622e+06
0.322	6.79215e+06
0.323	6.72065e+06
0.324	6.64782e+06
0.325	6.58118e+06
0.326	6.52405e+06
0.327	6.47326e+06
0.328	6.42154e+06
0.329	6.36292e+06
0.33	6.29696e+06
0.331	6.22892e+06
0.332	6.16594e+06
0.333	6.11188e+06
0.334	6.06475e+06
0.335	6.0182e+06
0.336	5.96598e+06
0.337	5.9063e+06
0.338	5.84287e+06
0.339	5.78229e+06
0.34	5.72952e+06
0.341	5.68459e+06
0.342	5.64269e+06
0.343	5.59746e+06
0.344	5.54519e+06
0.345	5.48719e+06
0.346	5.4288e+06
0.347	5.37587e+06
0.348	5.33099e+06
0.349	5.29193e+06
0.35	5.25314e+06
0.351	5.20931e+06
0.352	5.15869e+06
0.353	5.10403e+06
0.354	5.05084e+06
0.355	5.00393e+06
0.356	4.96449e+06
0.357	4.92951e+06
0.358	4.8936e+06
0.359	4.85233e+06
0.36	4.80474e+06
0.361	4.75386e+06
0.362	4.70484e+06
0.363	4.66193e+06
0.364	4.62603e+06
0.365	4.59427e+06
0.366	4.56175e+06
0.367	4.52428e+06
0.368	4.48076e+06
0.369	4.43367e+06
0.37	4.38765e+06
0.371	4.34686e+06
0.372	4.3128e+06
0.373	4.2835e+06
0.374	4.25469e+06
0.375	4.2221e+06
0.376	4.18374e+06
0.377	4.14086e+06
0.378	4.09724e+06
0.379	4.05714e+06
0.38	4.02315e+06
0.381	3.99486e+06
0.382	3.96918e+06
0.383	3.9419e+06
0.384	3.90989e+06
0.385	3.87255e+06
0.386	3.83209e+06
0.387	3.79235e+06
0.388	3.75691e+06
0.389	3.72739e+06
0.39	3.70268e+06
0.391	3.67958e+06
0.392	3.65433e+06
0.393	3.62436e+06
0.394	3.5895e+06
0.395	3.55194e+06
0.396	3.51523e+06
0.397	3.48257e+06
0.398	3.45544e+06
0.399	3.43294e+06
0.4	3.41224e+06
0.401	3.38991e+06
0.402	3.36341e+06
0.403	3.33216e+06
0.404	3.29774e+06
0.405	3.2632e+06
0.406	3.23166e+06
0.407	3.20505e+06
0.408	3.18332e+06
0.409	3.1645e+06
0.41	3.14554e+06
0.411	3.12363e+06
0.412	3.09729e+06
0.413	3.06693e+06
0.414	3.03467e+06
0.415	3.00343e+06
0.416	2.97576e+06
0.417	2.95288e+06
0.418	2.93421e+06
0.419	2.91765e+06
0.42	2.90044e+06
0.421	2.88017e+06
0.422	2.85571e+06
0.423	2.8276e+06
0.424	2.79778e+06
0.425	2.76885e+06
0.426	2.74313e+06
0.427	2.72182e+06
0.428	2.70459e+06
0.429	2.68972e+06
0.43	2.67479e+06
0.431	2.65751e+06
0.432	2.63648e+06
0.433	2.61172e+06
0.434	2.58455e+06
0.435	2.55715e+06
0.436	2.53182e+06
0.437	2.51017e+06
0.438	2.49264e+06
0.439	2.47836e+06
0.44	2.46549e+06
0.441	2.45182e+06
0.442	2.43551e+06
0.443	2.4156e+06
0.444	2.39237e+06
0.445	2.36716e+06
0.446	2.34195e+06
0.447	2.31874e+06
0.448	2.29892e+06
0.449	2.28291e+06
0.45	2.27001e+06
0.451	2.25866e+06
0.452	2.24693e+06
0.453	2.23307e+06
0.454	2.21603e+06
0.455	2.19572e+06
0.456	2.17303e+06
0.457	2.14953e+06
0.458	2.12704e+06
0.459	2.10711e+06
0.46	2.09059e+06
0.461	2.07742e+06
0.462	2.0667e+06
0.463	2.0569e+06
0.464	2.04634e+06
0.465	2.03357e+06
0.466	2.01781e+06
0.467	1.99908e+06
0.468	1.97819e+06
0.469	1.95652e+06
0.47	1.93566e+06
0.471	1.91698e+06
0.472	1.90133e+06
0.473	1.88884e+06
0.474	1.87889e+06
0.475	1.8703e+06
0.476	1.8616e+06
0.477	1.85143e+06
0.478	1.83879e+06
0.479	1.82333e+06
0.48	1.80535e+06
0.481	1.78577e+06
0.482	1.76585e+06
0.483	1.74695e+06
0.484	1.73019e+06
0.485	1.71623e+06
0.486	1.70513e+06
0.487	1.69636e+06
0.488	1.68892e+06
0.489	1.68157e+06
0.49	1.67311e+06
0.491	1.6626e+06
0.492	1.64956e+06
0.493	1.63404e+06
0.494	1.61664e+06
0.495	1.59831e+06
0.496	1.5802e+06
0.497	1.56342e+06
0.498	1.54879e+06
0.499	1.53676e+06
0.5	1.52726e+06
0.501	1.5198e+06
0.502	1.51349e+06
0.503	1.5073e+06
0.504	1.5002e+06
0.505	1.49135e+06
0.506	1.48028e+06
0.507	1.4669e+06
0.508	1.45157e+06
0.509	1.43499e+06
0.51	1.41807e+06
0.511	1.40177e+06
0.512	1.38696e+06
0.513	1.37424e+06
0.514	1.36386e+06
0.515	1.35572e+06
0.516	1.34936e+06
0.517	1.34406e+06
0.518	1.33894e+06
0.519	1.33314e+06
0.52	1.32593e+06
0.521	1.31683e+06
0.522	1.30563e+06
0.523	1.2925e+06
0.524	1.27787e+06
0.525	1.2624e+06
0.526	1.24687e+06
0.527	1.23206e+06
0.528	1.21866e+06
0.529	1.20712e+06
0.53	1.19768e+06
0.531	1.19025e+06
0.532	1.1845e+06
0.533	1.17988e+06
0.534	1.17573e+06
0.535	1.17132e+06
0.536	1.16599e+06
0.537	1.15922e+06
0.538	1.15069e+06
0.539	1.14031e+06
0.54	1.12823e+06
0.541	1.11483e+06
0.542	1.10062e+06
0.543	1.08623e+06
0.544	1.07228e+06
0.545	1.05936e+06
0.546	1.04792e+06
0.547	1.03824e+06
0.548	1.03039e+06
0.549	1.02425e+06
0.55	1.01954e+06
0.551	1.01579e+06
0.552	1.01248e+06
0.553	1.00903e+06
0.554	1.00493e+06
0.555	999702
0.556	993042
0.557	984780
0.558	974920
0.559	963627
0.56	951208
0.561	938075
0.562	924704
0.563	911587
0.564	899187
0.565	887895
0.566	877998
0.567	869656
0.568	862892
0.569	857598
0.57	853543
0.571	850401
0.572	847780
0.573	845256
0.574	842410
0.575	838859
0.576	834289
0.577	828470
0.578	821279
0.579	812698
0.58	802817
0.581	791820
0.582	779969
0.583	767585
0.584	755019
0.585	742630
0.586	730759
0.587	719707
0.588	709715
0.589	700953
0.59	693512
0.591	687397
0.592	682535
0.593	678779
0.594	675922
0.595	673709
0.596	671857
0.597	670067
0.598	668048
0.599	665526
0.6	662264
0.601	658069
0.602	652802
0.603	646382
0.604	638790
0.605	630064
0.606	620296
0.607	609627
0.608	598236
0.609	586331
0.61	574140
0.611	561894
0.612	549826
0.613	538153
0.614	527073
0.615	516752
0.616	507325
0.617	498890
0.618	491502
0.619	485178
0.62	479897
0.621	475601
0.622	472199
0.623	469573
0.624	467582
0.625	466070
0.626	464867
0.627	463799
0.628	462695
0.629	461385
0.63	459713
0.631	457533
0.632	454720
0.633	451164
0.634	446779
0.635	441501
0.636	435286
0.637	428113
0.638	419982
0.639	410913
0.64	400942
0.641	390123
0.642	378522
0.643	366215
0.644	353290
0.645	339838
0.646	325957
0.647	311746
0.648	297302
0.649	282724
0.65	268106
0.651	253536
0.652	239099
0.653	224871
0.654	210922
0.655	197315
0.656	184105
0.657	171337
0.658	159051
0.659	147278
0.66	136042
0.661	125359
0.662	115240
0.663	105690
0.664	96708.8
0.665	88290
0.666	80424.4
0.667	73098.9
0.668	66297.4
0.669	60001
0.67	54189.2
0.671	48839.8
0.672	43929.5
0.673	39434.2
0.674	35329.5
0.675	31591.1
0.676	28194.7
0.677	25116.4
0.678	22333.1
0.679	19822.3
0.68	17562.3
0.681	15532.7
0.682	13713.9
0.683	12087.4
0.684	10636
0.685	9343.35
0.686	8194.44
0.687	7175.26
0.688	6272.91
0.689	5475.48
0.69	4772.07
0.691	4152.72
0.692	3608.36
0.693	3130.73
0.694	2712.38
0.695	2346.56
0.696	2027.21
0.697	1748.88
0.698	1506.69
0.699	1296.28
0.7	1113.76
0.701	955.67
0.702	818.952
0.703	700.89
0.704	599.086
0.705	511.427
0.706	436.053
0.707	371.334
0.708	315.839
0.709	268.317
0.71	227.677
0.711	192.968
0.712	163.363
0.713	138.143
0.714	116.685
0.715	98.4515
0.716	82.9763
0.717	69.8581
0.718	58.7511
0.719	49.3578
0.72	41.4232
0.721	34.7283
0.722	29.0858
0.723	24.3356
0.724	20.3409
0.725	16.9852
0.726	14.1694
0.727	11.8089
0.728	9.8324
0.729	8.17899
0.73	6.79729
0.731	5.64382
0.732	4.68183
0.733	3.88033
0.734	3.21317
0.735	2.65839
0.736	2.19748
0.737	1.81492
0.738	1.49769
0.739	1.23486
0.74	1.01731
0.741	0.837401
0.742	0.688744
0.743	0.56602
0.744	0.464792
0.745	0.381367
0.746	0.312671
0.747	0.256151
0.748	0.209687
0.749	0.171522
0.75	0.140198
0.751	0.114509
0.752	0.0934589
0.753	0.0762228
0.754	0.0621207
0.755	0.0505916
0.756	0.0411732
0.757	0.0334847
0.758	0.0272131
0.759	0.0221011
0.76	0.0179372
0.761	0.014548
0.762	0.0117913
0.763	0.00955074
0.764	0.00773086
0.765	0.00625373
0.766	0.00505559
0.767	0.00408442
0.768	0.00329774
0.769	0.00266093
0.77	0.00214576
0.771	0.00172928
0.772	0.0013928
0.773	0.00112112
0.774	0.000901898
0.775	0.000725117
0.776	0.000582649
0.777	0.000467902
0.778	0.00037554
0.779	0.000301239
0.78	0.000241504
0.781	0.000193506
0.782	0.000154963
0.783	0.000124029
0.784	9.92167e-05
0.785	7.93257e-05
0.786	6.33889e-05
0.787	5.06272e-05
0.788	4.04138e-05
0.789	3.22441e-05
0.79	2.57128e-05
0.791	2.04941e-05
0.792	1.63264e-05
0.793	1.29997e-05
0.794	1.03458e-05
0.795	8.22967e-06
0.796	6.5432e-06
0.797	5.19983e-06
0.798	4.1303e-06
0.799	3.2792e-06
0.8	2.60227e-06
0.801	2.06412e-06
0.802	1.6365e-06
0.803	1.29688e-06
0.804	1.02728e-06
0.805	8.1336e-07
0.806	6.437e-07
0.807	5.09205e-07
0.808	4.02635e-07
0.809	3.18231e-07
0.81	2.51413e-07
0.811	1.98539e-07
0.812	1.56719e-07
0.813	1.23656e-07
0.814	9.75281e-08
0.815	7.6889e-08
0.816	6.05929e-08
0.817	4.77312e-08
0.818	3.75845e-08
0.819	2.9583e-08
0.82	2.32757e-08
0.821	1.8306e-08
0.822	1.43918e-08
0.823	1.13102e-08
0.824	8.88503e-09
0.825	6.97721e-09
0.826	5.47698e-09
0.827	4.29772e-09
0.828	3.37112e-09
0.829	2.64332e-09
0.83	2.0719e-09
0.831	1.62341e-09
0.832	1.27155e-09
0.833	9.95598e-10
0.834	7.79258e-10
0.835	6.09714e-10
0.836	4.76892e-10
0.837	3.72876e-10
0.838	2.91447e-10
0.839	2.27724e-10
0.84	1.77873e-10
0.841	1.38889e-10
0.842	1.08413e-10
0.843	8.45958e-11
0.844	6.59896e-11
0.845	5.1459e-11
0.846	4.0115e-11
0.847	3.12617e-11
0.848	2.43545e-11
0.849	1.89675e-11
0.85	1.47674e-11
0.851	1.14938e-11
0.852	8.94316e-12
0.853	6.95642e-12
0.854	5.40941e-12
0.855	4.20516e-12
0.856	3.26803e-12
0.857	2.53898e-12
0.858	1.97198e-12
0.859	1.53114e-12
0.86	1.18849e-12
0.861	9.2224e-13
0.862	7.15419e-13
0.863	5.54815e-13
0.864	4.30136e-13
0.865	3.33379e-13
0.866	2.58314e-13
0.867	2.00098e-13
0.868	1.54958e-13
0.869	1.19968e-13
0.87	9.28526e-14
0.871	7.18446e-14
0.872	5.55722e-14
0.873	4.29725e-14
0.874	3.32184e-14
0.875	2.56703e-14
0.876	1.98311e-14
0.877	1.53152e-14
0.878	1.18238e-14
0.879	9.12527e-15
0.88	7.03989e-15
0.881	5.42895e-15
0.882	4.1846e-15
0.883	3.22382e-15
0.884	2.4821e-15
0.885	1.90986e-15
0.886	1.46845e-15
0.887	1.12841e-15
0.888	8.66535e-16
0.889	6.65288e-16
0.89	5.10501e-16
0.891	3.9171e-16
0.892	3.00575e-16
0.893	2.30715e-16
0.894	1.77085e-16
0.895	1.36038e-16
0.896	1.0449e-16
0.897	8.0302e-17
0.898	6.16864e-17
0.899	4.74132e-17
0.9	3.64239e-17
0.901	2.79846e-17
0.902	2.14656e-17
0.903	1.64628e-17
0.904	1.25924e-17
0.905	9.62737e-18
0.906	7.33304e-18
0.907	5.58004e-18
0.908	4.21686e-18
0.909	3.18195e-18
0.91	2.3823e-18
0.911	1.77937e-18
0.912	1.31754e-18
0.913	9.77122e-19
0.914	7.21218e-19
0.915	5.37269e-19
0.916	4.00749e-19
0.917	3.04289e-19
0.918	2.3502e-19
0.919	1.87378e-19
0.92	1.54968e-19
0.921	1.3299e-19
0.922	1.14877e-19
0.923	1.03823e-19
0.924	9.10777e-20
0.925	8.05547e-20
0.926	7.14535e-20
0.927	6.37414e-20
0.928	5.82981e-20
0.929	5.18829e-20
0.93	4.87255e-20
0.931	4.44288e-20
0.932	4.21816e-20
0.933	4.26928e-20
0.934	3.78212e-20
0.935	3.79667e-20
0.936	3.48834e-20
0.937	3.59266e-20
0.938	3.5745e-20
0.939	3.57311e-20
0.94	3.92538e-20
0.941	3.99768e-20
0.942	4.39944e-20
0.943	4.41569e-20
0.944	4.64953e-20
0.945	4.63378e-20
0.946	4.50127e-20
0.947	4.33655e-20
0.948	3.81096e-20
0.949	3.55298e-20
0.95	3.09298e-20
0.951	2.98607e-20
0.952	2.77225e-20
0.953	2.8397e-20
0.954	3.06759e-20
0.955	3.35493e-20
0.956	3.74345e-20
0.957	4.09651e-20
0.958	4.52654e-20
0.959	4.92535e-20
0.96	5.32637e-20
0.961	6.02183e-20
0.962	6.55766e-20
0.963	7.17484e-20
0.964	7.50942e-20
0.965	7.82355e-20
0.966	8.01472e-20
0.967	8.2622e-20
0.968	8.55712e-20
0.969	8.79358e-20
0.97	8.99393e-20
0.971	9.23489e-20
0.972	9.25008e-20
0.973	9.53994e-20
0.974	9.19686e-20
0.975	9.28235e-20
0.976	8.85474e-20
0.977	8.82774e-20
0.978	8.24175e-20
0.979	7.8022e-20
0.98	7.33071e-20
0.981	6.91478e-20
0.982	6.76968e-20
0.983	6.30408e-20
0.984	5.91713e-20
0.985	5.70578e-20
0.986	5.34637e-20
0.987	5.34505e-20
0.988	4.98619e-20
0.989	4.76322e-20
0.99	4.53836e-20
0.991	4.20558e-20
0.992	3.91867e-20
0.993	3.37404e-20
0.994	2.94942e-20
0.995	2.40201e-20
0.996	1.87969e-20
0.997	1.27967e-20
0.998	6.81937e-21
0.999	2.02405e-21
1	0
