0	0
0.001	8.72008e+08
0.002	2.54731e+09
0.003	3.6694e+09
0.004	4.04623e+09
0.005	4.08354e+09
0.006	4.0208e+09
0.007	3.94533e+09
0.008	3.87107e+09
0.009	3.79357e+09
0.01	3.72216e+09
0.011	3.65031e+09
0.012	3.57863e+09
0.013	3.51175e+09
0.014	3.44328e+09
0.015	3.37706e+09
0.016	3.31381e+09
0.017	3.24918e+09
0.018	3.18774e+09
0.019	3.12773e+09
0.02	3.0671e+09
0.021	3.0098e+09
0.022	2.95288e+09
0.023	2.89618e+09
0.024	2.8425e+09
0.025	2.78861e+09
0.026	2.73564e+09
0.027	2.68516e+09
0.028	2.63426e+09
0.029	2.58475e+09
0.03	2.5372e+09
0.031	2.48919e+09
0.032	2.44287e+09
0.033	2.39802e+09
0.034	2.35282e+09
0.035	2.30942e+09
0.036	2.26711e+09
0.037	2.22457e+09
0.038	2.18386e+09
0.039	2.14393e+09
0.04	2.10392e+09
0.041	2.06569e+09
0.042	2.02802e+09
0.043	1.99039e+09
0.044	1.95444e+09
0.045	1.91892e+09
0.046	1.88351e+09
0.047	1.84968e+09
0.048	1.81621e+09
0.049	1.78287e+09
0.05	1.75102e+09
0.051	1.71948e+09
0.052	1.68808e+09
0.053	1.65808e+09
0.054	1.62836e+09
0.055	1.59877e+09
0.056	1.57049e+09
0.057	1.54251e+09
0.058	1.51461e+09
0.059	1.48793e+09
0.06	1.46159e+09
0.061	1.43527e+09
0.062	1.41009e+09
0.063	1.38531e+09
0.064	1.36048e+09
0.065	1.33668e+09
0.066	1.31336e+09
0.067	1.28994e+09
0.068	1.26743e+09
0.069	1.2455e+09
0.07	1.22342e+09
0.071	1.20209e+09
0.072	1.18145e+09
0.073	1.16065e+09
0.074	1.14043e+09
0.075	1.12098e+09
0.076	1.10142e+09
0.077	1.08224e+09
0.078	1.06388e+09
0.079	1.0455e+09
0.08	1.02731e+09
0.081	1.00994e+09
0.082	9.92693e+08
0.083	9.75453e+08
0.084	9.58976e+08
0.085	9.42794e+08
0.086	9.26497e+08
0.087	9.10818e+08
0.088	8.95618e+08
0.089	8.80266e+08
0.09	8.65319e+08
0.091	8.50992e+08
0.092	8.36585e+08
0.093	8.22341e+08
0.094	8.08768e+08
0.095	7.95281e+08
0.096	7.81751e+08
0.097	7.68816e+08
0.098	7.56188e+08
0.099	7.43412e+08
0.1	7.31034e+08
0.101	7.19156e+08
0.102	7.07172e+08
0.103	6.95329e+08
0.104	6.84063e+08
0.105	6.72872e+08
0.106	6.61605e+08
0.107	6.50823e+08
0.108	6.40358e+08
0.109	6.29741e+08
0.11	6.19378e+08
0.111	6.09503e+08
0.112	5.99591e+08
0.113	5.89671e+08
0.114	5.80231e+08
0.115	5.70996e+08
0.116	5.61613e+08
0.117	5.52511e+08
0.118	5.43825e+08
0.119	5.35068e+08
0.12	5.26318e+08
0.121	5.1801e+08
0.122	5.09873e+08
0.123	5.01589e+08
0.124	4.93548e+08
0.125	4.85895e+08
0.126	4.78184e+08
0.127	4.70443e+08
0.128	4.6309e+08
0.129	4.55935e+08
0.13	4.48634e+08
0.131	4.41488e+08
0.132	4.34724e+08
0.133	4.27964e+08
0.134	4.21106e+08
0.135	4.14549e+08
0.136	4.0826e+08
0.137	4.01855e+08
0.138	3.95476e+08
0.139	3.89452e+08
0.14	3.83547e+08
0.141	3.77499e+08
0.142	3.71605e+08
0.143	3.66039e+08
0.144	3.60464e+08
0.145	3.54786e+08
0.146	3.49353e+08
0.147	3.44176e+08
0.148	3.38906e+08
0.149	3.33603e+08
0.15	3.28591e+08
0.151	3.23747e+08
0.152	3.18772e+08
0.153	3.13836e+08
0.154	3.092e+08
0.155	3.04653e+08
0.156	2.99968e+08
0.157	2.95381e+08
0.158	2.91078e+08
0.159	2.86804e+08
0.16	2.82402e+08
0.161	2.78136e+08
0.162	2.74132e+08
0.163	2.70116e+08
0.164	2.65985e+08
0.165	2.62014e+08
0.166	2.5828e+08
0.167	2.54509e+08
0.168	2.50636e+08
0.169	2.4693e+08
0.17	2.43444e+08
0.171	2.3991e+08
0.172	2.36279e+08
0.173	2.32811e+08
0.174	2.29553e+08
0.175	2.26248e+08
0.176	2.22844e+08
0.177	2.1959e+08
0.178	2.16542e+08
0.179	2.13457e+08
0.18	2.10267e+08
0.181	2.07204e+08
0.182	2.04347e+08
0.183	2.01476e+08
0.184	1.9849e+08
0.185	1.95597e+08
0.186	1.92913e+08
0.187	1.90246e+08
0.188	1.87459e+08
0.189	1.8472e+08
0.19	1.82186e+08
0.191	1.79712e+08
0.192	1.7712e+08
0.193	1.74527e+08
0.194	1.7212e+08
0.195	1.6982e+08
0.196	1.67425e+08
0.197	1.64975e+08
0.198	1.62674e+08
0.199	1.60524e+08
0.2	1.58323e+08
0.201	1.56025e+08
0.202	1.53815e+08
0.203	1.51782e+08
0.204	1.49764e+08
0.205	1.47634e+08
0.206	1.45514e+08
0.207	1.43562e+08
0.208	1.41701e+08
0.209	1.39754e+08
0.21	1.37742e+08
0.211	1.35845e+08
0.212	1.34098e+08
0.213	1.32332e+08
0.214	1.30461e+08
0.215	1.28617e+08
0.216	1.26932e+08
0.217	1.2532e+08
0.218	1.23621e+08
0.219	1.2186e+08
0.22	1.20202e+08
0.221	1.18685e+08
0.222	1.17161e+08
0.223	1.15535e+08
0.224	1.1391e+08
0.225	1.12425e+08
0.226	1.11032e+08
0.227	1.09579e+08
0.228	1.08041e+08
0.229	1.06559e+08
0.23	1.05219e+08
0.231	1.03921e+08
0.232	1.02536e+08
0.233	1.01098e+08
0.234	9.97498e+07
0.235	9.85288e+07
0.236	9.73119e+07
0.237	9.60002e+07
0.238	9.46629e+07
0.239	9.34324e+07
0.24	9.23109e+07
0.241	9.11693e+07
0.242	8.99346e+07
0.243	8.86927e+07
0.244	8.75624e+07
0.245	8.65273e+07
0.246	8.54607e+07
0.247	8.43046e+07
0.248	8.31483e+07
0.249	8.21019e+07
0.25	8.11441e+07
0.251	8.0154e+07
0.252	7.90766e+07
0.253	7.79957e+07
0.254	7.70179e+07
0.255	7.61298e+07
0.256	7.52177e+07
0.257	7.42197e+07
0.258	7.32053e+07
0.259	7.2282e+07
0.26	7.14545e+07
0.261	7.06206e+07
0.262	6.97044e+07
0.263	6.87519e+07
0.264	6.78703e+07
0.265	6.70911e+07
0.266	6.63321e+07
0.267	6.55018e+07
0.268	6.46129e+07
0.269	6.37639e+07
0.27	6.30169e+07
0.271	6.23224e+07
0.272	6.15815e+07
0.273	6.07653e+07
0.274	5.99479e+07
0.275	5.92162e+07
0.276	5.85665e+07
0.277	5.7911e+07
0.278	5.71816e+07
0.279	5.64079e+07
0.28	5.56814e+07
0.281	5.50487e+07
0.282	5.44601e+07
0.283	5.38268e+07
0.284	5.3122e+07
0.285	5.24087e+07
0.286	5.17682e+07
0.287	5.12098e+07
0.288	5.06623e+07
0.289	5.00526e+07
0.29	4.9385e+07
0.291	4.87343e+07
0.292	4.8165e+07
0.293	4.76623e+07
0.294	4.71502e+07
0.295	4.65712e+07
0.296	4.59462e+07
0.297	4.53508e+07
0.298	4.48365e+07
0.299	4.43788e+07
0.3	4.39036e+07
0.301	4.33625e+07
0.302	4.27802e+07
0.303	4.22287e+07
0.304	4.1755e+07
0.305	4.13358e+07
0.306	4.09017e+07
0.307	4.04046e+07
0.308	3.98636e+07
0.309	3.93449e+07
0.31	3.88984e+07
0.311	3.85113e+07
0.312	3.81212e+07
0.313	3.76748e+07
0.314	3.71764e+07
0.315	3.66829e+07
0.316	3.62506e+07
0.317	3.58851e+07
0.318	3.55373e+07
0.319	3.51478e+07
0.32	3.46993e+07
0.321	3.42307e+07
0.322	3.3802e+07
0.323	3.34423e+07
0.324	3.31257e+07
0.325	3.27945e+07
0.326	3.2408e+07
0.327	3.19762e+07
0.328	3.15501e+07
0.329	3.11791e+07
0.33	3.08705e+07
0.331	3.05849e+07
0.332	3.02686e+07
0.333	2.98964e+07
0.334	2.94911e+07
0.335	2.91041e+07
0.336	2.87752e+07
0.337	2.85019e+07
0.338	2.82423e+07
0.339	2.79478e+07
0.34	2.75999e+07
0.341	2.72228e+07
0.342	2.68648e+07
0.343	2.65621e+07
0.344	2.63129e+07
0.345	2.60794e+07
0.346	2.58158e+07
0.347	2.55007e+07
0.348	2.5152e+07
0.349	2.48128e+07
0.35	2.45213e+07
0.351	2.42849e+07
0.352	2.40755e+07
0.353	2.38495e+07
0.354	2.35772e+07
0.355	2.32621e+07
0.356	2.29378e+07
0.357	2.26451e+07
0.358	2.2406e+07
0.359	2.22096e+07
0.36	2.202e+07
0.361	2.17997e+07
0.362	2.15323e+07
0.363	2.12326e+07
0.364	2.09365e+07
0.365	2.06787e+07
0.366	2.04721e+07
0.367	2.03005e+07
0.368	2.0129e+07
0.369	1.99247e+07
0.37	1.96756e+07
0.371	1.93969e+07
0.372	1.91216e+07
0.373	1.88818e+07
0.374	1.86905e+07
0.375	1.85352e+07
0.376	1.83853e+07
0.377	1.82091e+07
0.378	1.79906e+07
0.379	1.77376e+07
0.38	1.74768e+07
0.381	1.72398e+07
0.382	1.70464e+07
0.383	1.68951e+07
0.384	1.67644e+07
0.385	1.6624e+07
0.386	1.64497e+07
0.387	1.62353e+07
0.388	1.59948e+07
0.389	1.57554e+07
0.39	1.5544e+07
0.391	1.53751e+07
0.392	1.52441e+07
0.393	1.51301e+07
0.394	1.50058e+07
0.395	1.48497e+07
0.396	1.46554e+07
0.397	1.4434e+07
0.398	1.42087e+07
0.399	1.40047e+07
0.4	1.38386e+07
0.401	1.37114e+07
0.402	1.3609e+07
0.403	1.3508e+07
0.404	1.33857e+07
0.405	1.32285e+07
0.406	1.30376e+07
0.407	1.28274e+07
0.408	1.26203e+07
0.409	1.24375e+07
0.41	1.22911e+07
0.411	1.21806e+07
0.412	1.20925e+07
0.413	1.20064e+07
0.414	1.19019e+07
0.415	1.17657e+07
0.416	1.15963e+07
0.417	1.14039e+07
0.418	1.12064e+07
0.419	1.10237e+07
0.42	1.08707e+07
0.421	1.0753e+07
0.422	1.06653e+07
0.423	1.05932e+07
0.424	1.05183e+07
0.425	1.04238e+07
0.426	1.02992e+07
0.427	1.01435e+07
0.428	9.96505e+06
0.429	9.77875e+06
0.43	9.60175e+06
0.431	9.44857e+06
0.432	9.32717e+06
0.433	9.23711e+06
0.434	9.1699e+06
0.435	9.11154e+06
0.436	9.04627e+06
0.437	8.96062e+06
0.438	8.84663e+06
0.439	8.70361e+06
0.44	8.53803e+06
0.441	8.3617e+06
0.442	8.18885e+06
0.443	8.03281e+06
0.444	7.90302e+06
0.445	7.80316e+06
0.446	7.73057e+06
0.447	7.67701e+06
0.448	7.63066e+06
0.449	7.5786e+06
0.45	7.50948e+06
0.451	7.41562e+06
0.452	7.29437e+06
0.453	7.14836e+06
0.454	6.98481e+06
0.455	6.81399e+06
0.456	6.64734e+06
0.457	6.49537e+06
0.458	6.36597e+06
0.459	6.26322e+06
0.46	6.18688e+06
0.461	6.13263e+06
0.462	6.09296e+06
0.463	6.05839e+06
0.464	6.019e+06
0.465	5.96582e+06
0.466	5.89206e+06
0.467	5.79391e+06
0.468	5.67088e+06
0.469	5.52569e+06
0.47	5.36376e+06
0.471	5.19237e+06
0.472	5.01974e+06
0.473	4.85401e+06
0.474	4.70231e+06
0.475	4.5701e+06
0.476	4.46064e+06
0.477	4.37483e+06
0.478	4.31125e+06
0.479	4.26644e+06
0.48	4.23534e+06
0.481	4.21183e+06
0.482	4.18933e+06
0.483	4.16136e+06
0.484	4.122e+06
0.485	4.06634e+06
0.486	3.9907e+06
0.487	3.89279e+06
0.488	3.77175e+06
0.489	3.62803e+06
0.49	3.4633e+06
0.491	3.28017e+06
0.492	3.08198e+06
0.493	2.87253e+06
0.494	2.65583e+06
0.495	2.4359e+06
0.496	2.21655e+06
0.497	2.00126e+06
0.498	1.79303e+06
0.499	1.5944e+06
0.5	1.40731e+06
0.501	1.23321e+06
0.502	1.07301e+06
0.503	927167
0.504	795731
0.505	678415
0.506	574658
0.507	483696
0.508	404618
0.509	336425
0.51	278073
0.511	228514
0.512	186727
0.513	151737
0.514	122636
0.515	98590
0.516	78847.4
0.517	62737.3
0.518	49669.8
0.519	39131.7
0.52	30681.6
0.521	23943
0.522	18598.1
0.523	14381
0.524	11070.6
0.525	8484.96
0.526	6475.34
0.527	4920.85
0.528	3724.05
0.529	2806.84
0.53	2107.06
0.531	1575.52
0.532	1173.5
0.533	870.733
0.534	643.659
0.535	474.046
0.536	347.86
0.537	254.35
0.538	185.322
0.539	134.559
0.54	97.3668
0.541	70.2174
0.542	50.4701
0.543	36.1578
0.544	25.8206
0.545	18.3802
0.546	13.0427
0.547	9.22664
0.548	6.50718
0.549	4.57546
0.55	3.20765
0.551	2.24216
0.552	1.56275
0.553	1.08611
0.554	0.752722
0.555	0.520222
0.556	0.358551
0.557	0.246454
0.558	0.16895
0.559	0.115514
0.56	0.0787733
0.561	0.0535801
0.562	0.0363515
0.563	0.0246008
0.564	0.0166073
0.565	0.0111836
0.566	0.00751297
0.567	0.00503502
0.568	0.00336638
0.569	0.00224547
0.57	0.00149434
0.571	0.000992193
0.572	0.000657299
0.573	0.000434469
0.574	0.000286547
0.575	0.000188575
0.576	0.000123833
0.577	8.11445e-05
0.578	5.30598e-05
0.579	3.46231e-05
0.58	2.25459e-05
0.581	1.46516e-05
0.582	9.50216e-06
0.583	6.15025e-06
0.584	3.97287e-06
0.585	2.56133e-06
0.586	1.64812e-06
0.587	1.05847e-06
0.588	6.78493e-07
0.589	4.34109e-07
0.59	2.77234e-07
0.591	1.76725e-07
0.592	1.1245e-07
0.593	7.14233e-08
0.594	4.52844e-08
0.595	2.86611e-08
0.596	1.81084e-08
0.597	1.14213e-08
0.598	7.19138e-09
0.599	4.52036e-09
0.6	2.83667e-09
0.601	1.77715e-09
0.602	1.11154e-09
0.603	6.94101e-10
0.604	4.32735e-10
0.605	2.69357e-10
0.606	1.67399e-10
0.607	1.03872e-10
0.608	6.4353e-11
0.609	3.98085e-11
0.61	2.4588e-11
0.611	1.51643e-11
0.612	9.33842e-12
0.613	5.74234e-12
0.614	3.52591e-12
0.615	2.16186e-12
0.616	1.32362e-12
0.617	8.09241e-13
0.618	4.94061e-13
0.619	3.0122e-13
0.62	1.83403e-13
0.621	1.1152e-13
0.622	6.77168e-14
0.623	4.10603e-14
0.624	2.4863e-14
0.625	1.50353e-14
0.626	9.08109e-15
0.627	5.4779e-15
0.628	3.30088e-15
0.629	1.9864e-15
0.63	1.19359e-15
0.631	7.15871e-16
0.632	4.28342e-16
0.633	2.55846e-16
0.634	1.52711e-16
0.635	9.10853e-17
0.636	5.43999e-17
0.637	3.25419e-17
0.638	1.95145e-17
0.639	1.16931e-17
0.64	7.03704e-18
0.641	4.25041e-18
0.642	2.58585e-18
0.643	1.5735e-18
0.644	9.5331e-19
0.645	5.92757e-19
0.646	3.52055e-19
0.647	2.26976e-19
0.648	1.38431e-19
0.649	1.0163e-19
0.65	8.44441e-20
0.651	8.09019e-20
0.652	9.76745e-20
0.653	8.59881e-20
0.654	9.26632e-20
0.655	9.70805e-20
0.656	9.98009e-20
0.657	1.29386e-19
0.658	1.08126e-19
0.659	1.22806e-19
0.66	1.20613e-19
0.661	1.20707e-19
0.662	1.3001e-19
0.663	1.07026e-19
0.664	1.1566e-19
0.665	8.96095e-20
0.666	8.45582e-20
0.667	8.37071e-20
0.668	5.86315e-20
0.669	6.66904e-20
0.67	5.14852e-20
0.671	5.74334e-20
0.672	6.30413e-20
0.673	4.9843e-20
0.674	5.20771e-20
0.675	4.05019e-20
0.676	3.54395e-20
0.677	3.43043e-20
0.678	3.09987e-20
0.679	3.80848e-20
0.68	3.55593e-20
0.681	4.54508e-20
0.682	4.84861e-20
0.683	5.71072e-20
0.684	6.15359e-20
0.685	6.1227e-20
0.686	5.76654e-20
0.687	5.16203e-20
0.688	4.74414e-20
0.689	3.95326e-20
0.69	3.785e-20
0.691	3.61316e-20
0.692	3.69846e-20
0.693	3.75006e-20
0.694	4.04348e-20
0.695	4.40099e-20
0.696	4.34448e-20
0.697	4.56028e-20
0.698	4.57351e-20
0.699	4.68773e-20
0.7	4.36434e-20
0.701	3.94023e-20
0.702	3.90356e-20
0.703	3.54552e-20
0.704	3.70495e-20
0.705	3.56458e-20
0.706	4.32513e-20
0.707	4.34884e-20
0.708	4.47213e-20
0.709	4.44042e-20
0.71	3.97807e-20
0.711	5.05348e-20
0.712	5.27534e-20
0.713	5.94625e-20
0.714	5.19031e-20
0.715	3.98284e-20
0.716	4.11236e-20
0.717	3.20456e-20
0.718	3.31371e-20
0.719	3.69105e-20
0.72	2.74307e-20
0.721	2.7885e-20
0.722	2.24726e-20
0.723	2.282e-20
0.724	2.68401e-20
0.725	3.2838e-20
0.726	3.61713e-20
0.727	3.48299e-20
0.728	2.91777e-20
0.729	2.73586e-20
0.73	3.02704e-20
0.731	3.36439e-20
0.732	3.65874e-20
0.733	3.87764e-20
0.734	3.57285e-20
0.735	3.71937e-20
0.736	3.05594e-20
0.737	3.04213e-20
0.738	2.65827e-20
0.739	2.97421e-20
0.74	2.93885e-20
0.741	2.74381e-20
0.742	2.4348e-20
0.743	2.25917e-20
0.744	1.95184e-20
0.745	1.89603e-20
0.746	1.78443e-20
0.747	2.15114e-20
0.748	2.24008e-20
0.749	2.2963e-20
0.75	1.85759e-20
0.751	1.43941e-20
0.752	1.4071e-20
0.753	1.59012e-20
0.754	2.07828e-20
0.755	2.21864e-20
0.756	2.36874e-20
0.757	2.47982e-20
0.758	2.98423e-20
0.759	2.88014e-20
0.76	2.67417e-20
0.761	2.54079e-20
0.762	2.85987e-20
0.763	3.73937e-20
0.764	4.70423e-20
0.765	5.88802e-20
0.766	5.12702e-20
0.767	4.2237e-20
0.768	3.74714e-20
0.769	2.83443e-20
0.77	2.73483e-20
0.771	2.61609e-20
0.772	2.72931e-20
0.773	2.90667e-20
0.774	3.3793e-20
0.775	4.09169e-20
0.776	4.33124e-20
0.777	3.89636e-20
0.778	3.33839e-20
0.779	2.36362e-20
0.78	1.78103e-20
0.781	1.3991e-20
0.782	1.22407e-20
0.783	1.75243e-20
0.784	2.11338e-20
0.785	2.31755e-20
0.786	2.59384e-20
0.787	2.44142e-20
0.788	2.33053e-20
0.789	1.90831e-20
0.79	2.00003e-20
0.791	2.0012e-20
0.792	2.19236e-20
0.793	2.13174e-20
0.794	2.21285e-20
0.795	2.76919e-20
0.796	2.01771e-20
0.797	2.12272e-20
0.798	2.4137e-20
0.799	2.10186e-20
0.8	2.12105e-20
0.801	2.47903e-20
0.802	3.08084e-20
0.803	3.86281e-20
0.804	4.45792e-20
0.805	4.64336e-20
0.806	4.30029e-20
0.807	3.65184e-20
0.808	3.80122e-20
0.809	3.67421e-20
0.81	3.98862e-20
0.811	3.60402e-20
0.812	3.72364e-20
0.813	3.79477e-20
0.814	3.80864e-20
0.815	3.94084e-20
0.816	3.07765e-20
0.817	2.76129e-20
0.818	3.08741e-20
0.819	2.46046e-20
0.82	2.40854e-20
0.821	2.12012e-20
0.822	1.83228e-20
0.823	1.97222e-20
0.824	1.97684e-20
0.825	2.04043e-20
0.826	1.92271e-20
0.827	1.81988e-20
0.828	1.60328e-20
0.829	1.59837e-20
0.83	1.85933e-20
0.831	2.11712e-20
0.832	2.16561e-20
0.833	2.08445e-20
0.834	1.56643e-20
0.835	1.49372e-20
0.836	1.38852e-20
0.837	1.43037e-20
0.838	1.67225e-20
0.839	1.9849e-20
0.84	2.35426e-20
0.841	2.4932e-20
0.842	2.47621e-20
0.843	2.30537e-20
0.844	1.91991e-20
0.845	2.46524e-20
0.846	2.11585e-20
0.847	2.10387e-20
0.848	2.92373e-20
0.849	1.58627e-20
0.85	2.43623e-20
0.851	1.84382e-20
0.852	2.33199e-20
0.853	2.90309e-20
0.854	1.99341e-20
0.855	2.7517e-20
0.856	2.01443e-20
0.857	2.54515e-20
0.858	2.90561e-20
0.859	2.2348e-20
0.86	2.48619e-20
0.861	1.58625e-20
0.862	1.74594e-20
0.863	2.03019e-20
0.864	1.3641e-20
0.865	3.00703e-20
0.866	2.15378e-20
0.867	1.95554e-20
0.868	1.97908e-20
0.869	1.36436e-20
0.87	2.40897e-20
0.871	1.60645e-20
0.872	1.98305e-20
0.873	1.97646e-20
0.874	2.04881e-20
0.875	2.31547e-20
0.876	1.5559e-20
0.877	1.88627e-20
0.878	1.45399e-20
0.879	1.33441e-20
0.88	1.07388e-20
0.881	8.63175e-21
0.882	8.69776e-21
0.883	8.37727e-21
0.884	1.26158e-20
0.885	1.63265e-20
0.886	2.17854e-20
0.887	2.30444e-20
0.888	2.26557e-20
0.889	2.21945e-20
0.89	2.5136e-20
0.891	2.32445e-20
0.892	2.1276e-20
0.893	2.12048e-20
0.894	1.86753e-20
0.895	2.3579e-20
0.896	2.10587e-20
0.897	2.32297e-20
0.898	2.30804e-20
0.899	1.90602e-20
0.9	2.8212e-20
0.901	2.35549e-20
0.902	3.64428e-20
0.903	2.73852e-20
0.904	2.04301e-20
0.905	3.07654e-20
0.906	1.74528e-20
0.907	3.05995e-20
0.908	2.2663e-20
0.909	1.43163e-20
0.91	2.38383e-20
0.911	1.29216e-20
0.912	2.57568e-20
0.913	3.22278e-20
0.914	1.79531e-20
0.915	3.69528e-20
0.916	2.63564e-20
0.917	2.60228e-20
0.918	3.48064e-20
0.919	2.02955e-20
0.92	3.08241e-20
0.921	2.32102e-20
0.922	2.85823e-20
0.923	3.45174e-20
0.924	2.07969e-20
0.925	3.16169e-20
0.926	2.59742e-20
0.927	3.1352e-20
0.928	3.59167e-20
0.929	2.97421e-20
0.93	3.56042e-20
0.931	3.16332e-20
0.932	3.63109e-20
0.933	3.3284e-20
0.934	3.06816e-20
0.935	3.79389e-20
0.936	3.53988e-20
0.937	3.69504e-20
0.938	3.65369e-20
0.939	2.21364e-20
0.94	2.1814e-20
0.941	1.55259e-20
0.942	2.22851e-20
0.943	2.0477e-20
0.944	1.666e-20
0.945	1.97588e-20
0.946	1.61204e-20
0.947	1.85369e-20
0.948	1.68083e-20
0.949	1.3688e-20
0.95	1.30646e-20
0.951	1.34357e-20
0.952	1.48068e-20
0.953	1.75254e-20
0.954	1.99278e-20
0.955	2.05411e-20
0.956	2.16465e-20
0.957	1.60008e-20
0.958	1.98581e-20
0.959	1.98673e-20
0.96	2.02839e-20
0.961	2.20577e-20
0.962	2.28112e-20
0.963	2.92224e-20
0.964	3.04607e-20
0.965	3.57656e-20
0.966	3.79478e-20
0.967	4.21925e-20
0.968	4.94583e-20
0.969	4.11962e-20
0.97	4.46382e-20
0.971	3.56882e-20
0.972	4.25889e-20
0.973	4.82962e-20
0.974	3.39548e-20
0.975	4.42889e-20
0.976	3.61047e-20
0.977	3.7063e-20
0.978	3.91324e-20
0.979	2.91982e-20
0.98	2.90916e-20
0.981	2.94891e-20
0.982	3.11201e-20
0.983	3.55413e-20
0.984	3.43933e-20
0.985	3.304e-20
0.986	3.17391e-20
0.987	2.91001e-20
0.988	2.28372e-20
0.989	2.07292e-20
0.99	1.65915e-20
0.991	1.57374e-20
0.992	1.81693e-20
0.993	1.43707e-20
0.994	1.36003e-20
0.995	1.47103e-20
0.996	1.47252e-20
0.997	1.66168e-20
0.998	9.3273e-21
0.999	4.47222e-21
1	0
