0	0
0.001	1.07465e+11
0.002	3.08926e+11
0.003	4.40365e+11
0.004	4.83667e+11
0.005	4.85548e+11
0.006	4.76278e+11
0.007	4.65362e+11
0.008	4.5421e+11
0.009	4.43572e+11
0.01	4.32978e+11
0.011	4.22786e+11
0.012	4.1282e+11
0.013	4.03033e+11
0.014	3.9363e+11
0.015	3.84299e+11
0.016	3.75338e+11
0.017	3.66525e+11
0.018	3.57929e+11
0.019	3.49618e+11
0.02	3.41401e+11
0.021	3.335e+11
0.022	3.25719e+11
0.023	3.18146e+11
0.024	3.10805e+11
0.025	3.03559e+11
0.026	2.96584e+11
0.027	2.89715e+11
0.028	2.83031e+11
0.029	2.76547e+11
0.03	2.7015e+11
0.031	2.63985e+11
0.032	2.57921e+11
0.033	2.5201e+11
0.034	2.46283e+11
0.035	2.40629e+11
0.036	2.35174e+11
0.037	2.29821e+11
0.038	2.24585e+11
0.039	2.19523e+11
0.04	2.14524e+11
0.041	2.09689e+11
0.042	2.04963e+11
0.043	2.0032e+11
0.044	1.95841e+11
0.045	1.91422e+11
0.046	1.87128e+11
0.047	1.82954e+11
0.048	1.78836e+11
0.049	1.74863e+11
0.05	1.7096e+11
0.051	1.6714e+11
0.052	1.63448e+11
0.053	1.59801e+11
0.054	1.56265e+11
0.055	1.52819e+11
0.056	1.49422e+11
0.057	1.46144e+11
0.058	1.42921e+11
0.059	1.39766e+11
0.06	1.36718e+11
0.061	1.33705e+11
0.062	1.3078e+11
0.063	1.27935e+11
0.064	1.25125e+11
0.065	1.22411e+11
0.066	1.19751e+11
0.067	1.17135e+11
0.068	1.14613e+11
0.069	1.12123e+11
0.07	1.09693e+11
0.071	1.07342e+11
0.072	1.05015e+11
0.073	1.02758e+11
0.074	1.00562e+11
0.075	9.83887e+10
0.076	9.62913e+10
0.077	9.42372e+10
0.078	9.22111e+10
0.079	9.02594e+10
0.08	8.8337e+10
0.081	8.64496e+10
0.082	8.46309e+10
0.083	8.28318e+10
0.084	8.10743e+10
0.085	7.93771e+10
0.086	7.76939e+10
0.087	7.60572e+10
0.088	7.44719e+10
0.089	7.28977e+10
0.09	7.13728e+10
0.091	6.98909e+10
0.092	6.84192e+10
0.093	6.69976e+10
0.094	6.56117e+10
0.095	6.42359e+10
0.096	6.29097e+10
0.097	6.16134e+10
0.098	6.03272e+10
0.099	5.90892e+10
0.1	5.78766e+10
0.101	5.6674e+10
0.102	5.55175e+10
0.103	5.43834e+10
0.104	5.32584e+10
0.105	5.21774e+10
0.106	5.11168e+10
0.107	5.00641e+10
0.108	4.9053e+10
0.109	4.80613e+10
0.11	4.70759e+10
0.111	4.61294e+10
0.112	4.52024e+10
0.113	4.42797e+10
0.114	4.3393e+10
0.115	4.25266e+10
0.116	4.16625e+10
0.117	4.08309e+10
0.118	4.00214e+10
0.119	3.92123e+10
0.12	3.84315e+10
0.121	3.7675e+10
0.122	3.69178e+10
0.123	3.61838e+10
0.124	3.54765e+10
0.125	3.47686e+10
0.126	3.40779e+10
0.127	3.34158e+10
0.128	3.27548e+10
0.129	3.21044e+10
0.13	3.14835e+10
0.131	3.08671e+10
0.132	3.02551e+10
0.133	2.9671e+10
0.134	2.90968e+10
0.135	2.85217e+10
0.136	2.79706e+10
0.137	2.74354e+10
0.138	2.68969e+10
0.139	2.63754e+10
0.14	2.58754e+10
0.141	2.5373e+10
0.142	2.48793e+10
0.143	2.44097e+10
0.144	2.39429e+10
0.145	2.34766e+10
0.146	2.30326e+10
0.147	2.25991e+10
0.148	2.21614e+10
0.149	2.17393e+10
0.15	2.13351e+10
0.151	2.09274e+10
0.152	2.05258e+10
0.153	2.01453e+10
0.154	1.97679e+10
0.155	1.93882e+10
0.156	1.90261e+10
0.157	1.86763e+10
0.158	1.83213e+10
0.159	1.79749e+10
0.16	1.7647e+10
0.161	1.7319e+10
0.162	1.69895e+10
0.163	1.66771e+10
0.164	1.63743e+10
0.165	1.60659e+10
0.166	1.57655e+10
0.167	1.54819e+10
0.168	1.51979e+10
0.169	1.49114e+10
0.17	1.46398e+10
0.171	1.43782e+10
0.172	1.41112e+10
0.173	1.38487e+10
0.174	1.36023e+10
0.175	1.33579e+10
0.176	1.31085e+10
0.177	1.28701e+10
0.178	1.26442e+10
0.179	1.24145e+10
0.18	1.2184e+10
0.181	1.19676e+10
0.182	1.17582e+10
0.183	1.15427e+10
0.184	1.13313e+10
0.185	1.11341e+10
0.186	1.09386e+10
0.187	1.07375e+10
0.188	1.05443e+10
0.189	1.03634e+10
0.19	1.01805e+10
0.191	9.99364e+09
0.192	9.81709e+09
0.193	9.65027e+09
0.194	9.47916e+09
0.195	9.3061e+09
0.196	9.14442e+09
0.197	8.99009e+09
0.198	8.83034e+09
0.199	8.67022e+09
0.2	8.52169e+09
0.201	8.37876e+09
0.202	8.22995e+09
0.203	8.08168e+09
0.204	7.94479e+09
0.205	7.81249e+09
0.206	7.67418e+09
0.207	7.5366e+09
0.208	7.40998e+09
0.209	7.28771e+09
0.21	7.1595e+09
0.211	7.0315e+09
0.212	6.91391e+09
0.213	6.80112e+09
0.214	6.68266e+09
0.215	6.56328e+09
0.216	6.45352e+09
0.217	6.34956e+09
0.218	6.24063e+09
0.219	6.12919e+09
0.22	6.02605e+09
0.221	5.93012e+09
0.222	5.83057e+09
0.223	5.72675e+09
0.224	5.62914e+09
0.225	5.54008e+09
0.226	5.44967e+09
0.227	5.35365e+09
0.228	5.26078e+09
0.229	5.17708e+09
0.23	5.09522e+09
0.231	5.00753e+09
0.232	4.91928e+09
0.233	4.83927e+09
0.234	4.76462e+09
0.235	4.68586e+09
0.236	4.60304e+09
0.237	4.52543e+09
0.238	4.45577e+09
0.239	4.3858e+09
0.24	4.31007e+09
0.241	4.23482e+09
0.242	4.16749e+09
0.243	4.10462e+09
0.244	4.03759e+09
0.245	3.96648e+09
0.246	3.89973e+09
0.247	3.84062e+09
0.248	3.78216e+09
0.249	3.7182e+09
0.25	3.65285e+09
0.251	3.59397e+09
0.252	3.54103e+09
0.253	3.48605e+09
0.254	3.42576e+09
0.255	3.36636e+09
0.256	3.31407e+09
0.257	3.26597e+09
0.258	3.21438e+09
0.259	3.15816e+09
0.26	3.10414e+09
0.261	3.05719e+09
0.262	3.01327e+09
0.263	2.96532e+09
0.264	2.91318e+09
0.265	2.86368e+09
0.266	2.82099e+09
0.267	2.78099e+09
0.268	2.73698e+09
0.269	2.6888e+09
0.27	2.64286e+09
0.271	2.60349e+09
0.272	2.56721e+09
0.273	2.52748e+09
0.274	2.48321e+09
0.275	2.44005e+09
0.276	2.40298e+09
0.277	2.37004e+09
0.278	2.33489e+09
0.279	2.29481e+09
0.28	2.25398e+09
0.281	2.21817e+09
0.282	2.18769e+09
0.283	2.15712e+09
0.284	2.12189e+09
0.285	2.08369e+09
0.286	2.04831e+09
0.287	2.01879e+09
0.288	1.99199e+09
0.289	1.9623e+09
0.29	1.92801e+09
0.291	1.89319e+09
0.292	1.86297e+09
0.293	1.83787e+09
0.294	1.81332e+09
0.295	1.78472e+09
0.296	1.75237e+09
0.297	1.721e+09
0.298	1.69473e+09
0.299	1.67272e+09
0.3	1.65023e+09
0.301	1.62345e+09
0.302	1.59342e+09
0.303	1.56477e+09
0.304	1.54111e+09
0.305	1.52147e+09
0.306	1.50137e+09
0.307	1.47717e+09
0.308	1.44955e+09
0.309	1.4227e+09
0.31	1.40038e+09
0.311	1.38242e+09
0.312	1.36502e+09
0.313	1.34421e+09
0.314	1.31941e+09
0.315	1.29383e+09
0.316	1.27158e+09
0.317	1.25412e+09
0.318	1.23906e+09
0.319	1.22229e+09
0.32	1.20142e+09
0.321	1.17768e+09
0.322	1.15484e+09
0.323	1.13609e+09
0.324	1.12158e+09
0.325	1.10834e+09
0.326	1.09268e+09
0.327	1.07298e+09
0.328	1.05088e+09
0.329	1.02994e+09
0.33	1.01298e+09
0.331	1.0001e+09
0.332	9.88647e+08
0.333	9.75173e+08
0.334	9.57838e+08
0.335	9.37603e+08
0.336	9.17501e+08
0.337	9.00563e+08
0.338	8.87843e+08
0.339	8.77799e+08
0.34	8.67347e+08
0.341	8.5383e+08
0.342	8.36624e+08
0.343	8.17452e+08
0.344	7.99275e+08
0.345	7.84527e+08
0.346	7.7373e+08
0.347	7.65265e+08
0.348	7.56338e+08
0.349	7.44546e+08
0.35	7.29144e+08
0.351	7.11378e+08
0.352	6.93766e+08
0.353	6.78776e+08
0.354	6.67597e+08
0.355	6.59607e+08
0.356	6.52736e+08
0.357	6.44491e+08
0.358	6.33117e+08
0.359	6.18352e+08
0.36	6.01483e+08
0.361	5.84727e+08
0.362	5.70256e+08
0.363	5.593e+08
0.364	5.51694e+08
0.365	5.46e+08
0.366	5.40114e+08
0.367	5.32083e+08
0.368	5.20812e+08
0.369	5.06411e+08
0.37	4.90099e+08
0.371	4.73735e+08
0.372	4.59176e+08
0.373	4.47684e+08
0.374	4.3956e+08
0.375	4.34106e+08
0.376	4.29881e+08
0.377	4.25145e+08
0.378	4.18357e+08
0.379	4.08563e+08
0.38	3.95607e+08
0.381	3.80119e+08
0.382	3.63312e+08
0.383	3.46668e+08
0.384	3.31587e+08
0.385	3.19103e+08
0.386	3.09695e+08
0.387	3.03236e+08
0.388	2.99059e+08
0.389	2.9612e+08
0.39	2.93198e+08
0.391	2.89104e+08
0.392	2.82851e+08
0.393	2.73774e+08
0.394	2.61579e+08
0.395	2.46341e+08
0.396	2.28443e+08
0.397	2.08496e+08
0.398	1.87245e+08
0.399	1.65471e+08
0.4	1.43915e+08
0.401	1.23219e+08
0.402	1.03894e+08
0.403	8.62979e+07
0.404	7.06448e+07
0.405	5.70169e+07
0.406	4.53882e+07
0.407	3.56506e+07
0.408	2.764e+07
0.409	2.11601e+07
0.41	1.60013e+07
0.411	1.19563e+07
0.412	8.83037e+06
0.413	6.44817e+06
0.414	4.65687e+06
0.415	3.32715e+06
0.416	2.35225e+06
0.417	1.64604e+06
0.418	1.14036e+06
0.419	782328
0.42	531589
0.421	357844
0.422	238687
0.423	157783
0.424	103388
0.425	67163.6
0.426	43263.6
0.427	27638
0.428	17512.7
0.429	11008.4
0.43	6865.71
0.431	4249.07
0.432	2609.8
0.433	1591.04
0.434	962.871
0.435	578.524
0.436	345.135
0.437	204.466
0.438	120.299
0.439	70.301
0.44	40.8092
0.441	23.5341
0.442	13.484
0.443	7.67651
0.444	4.34281
0.445	2.44162
0.446	1.36434
0.447	0.757769
0.448	0.41837
0.449	0.229628
0.45	0.125303
0.451	0.067984
0.452	0.0366766
0.453	0.0196761
0.454	0.0104975
0.455	0.00557011
0.456	0.00293965
0.457	0.00154316
0.458	0.00080582
0.459	0.000418603
0.46	0.000216337
0.461	0.000111237
0.462	5.69088e-05
0.463	2.89701e-05
0.464	1.46751e-05
0.465	7.39777e-06
0.466	3.71132e-06
0.467	1.85305e-06
0.468	9.20874e-07
0.469	4.555e-07
0.47	2.24271e-07
0.471	1.09919e-07
0.472	5.36307e-08
0.473	2.60502e-08
0.474	1.25976e-08
0.475	6.06539e-09
0.476	2.90768e-09
0.477	1.38794e-09
0.478	6.597e-10
0.479	3.12244e-10
0.48	1.47174e-10
0.481	6.90839e-11
0.482	3.2296e-11
0.483	1.50371e-11
0.484	6.97339e-12
0.485	3.22099e-12
0.486	1.48189e-12
0.487	6.79128e-13
0.488	3.10037e-13
0.489	1.41002e-13
0.49	6.38738e-14
0.491	2.88362e-14
0.492	1.29702e-14
0.493	5.8171e-15
0.494	2.60158e-15
0.495	1.16218e-15
0.496	5.19145e-16
0.497	2.31304e-16
0.498	1.03291e-16
0.499	4.60493e-17
0.5	2.07525e-17
0.501	9.56808e-18
0.502	4.77829e-18
0.503	2.59491e-18
0.504	1.67771e-18
0.505	1.14721e-18
0.506	1.06819e-18
0.507	8.30724e-19
0.508	7.58859e-19
0.509	7.01635e-19
0.51	8.64778e-19
0.511	9.27012e-19
0.512	9.3574e-19
0.513	9.12369e-19
0.514	8.19831e-19
0.515	7.97717e-19
0.516	6.80322e-19
0.517	7.0621e-19
0.518	4.70372e-19
0.519	3.68509e-19
0.52	3.60841e-19
0.521	4.13696e-19
0.522	5.88378e-19
0.523	5.64586e-19
0.524	6.05616e-19
0.525	5.78925e-19
0.526	4.90292e-19
0.527	5.63514e-19
0.528	5.65251e-19
0.529	4.42848e-19
0.53	4.7882e-19
0.531	5.65801e-19
0.532	4.70669e-19
0.533	4.41927e-19
0.534	4.59296e-19
0.535	4.74674e-19
0.536	3.95999e-19
0.537	5.15838e-19
0.538	5.65538e-19
0.539	5.6166e-19
0.54	5.9774e-19
0.541	5.91951e-19
0.542	5.50794e-19
0.543	4.46743e-19
0.544	4.45e-19
0.545	4.43808e-19
0.546	4.14333e-19
0.547	5.60758e-19
0.548	6.08382e-19
0.549	6.54723e-19
0.55	6.15123e-19
0.551	6.59326e-19
0.552	6.14217e-19
0.553	5.27221e-19
0.554	4.76938e-19
0.555	4.05077e-19
0.556	5.30903e-19
0.557	2.92091e-19
0.558	4.59364e-19
0.559	6.56132e-19
0.56	4.30963e-19
0.561	6.07165e-19
0.562	5.31358e-19
0.563	6.41262e-19
0.564	6.66963e-19
0.565	6.55055e-19
0.566	7.31197e-19
0.567	8.3211e-19
0.568	9.57606e-19
0.569	1.04058e-18
0.57	1.0809e-18
0.571	9.80718e-19
0.572	7.52041e-19
0.573	8.1416e-19
0.574	7.38626e-19
0.575	6.27872e-19
0.576	6.5543e-19
0.577	7.29675e-19
0.578	7.50831e-19
0.579	9.16872e-19
0.58	1.01211e-18
0.581	8.7489e-19
0.582	9.78684e-19
0.583	7.58743e-19
0.584	7.38258e-19
0.585	6.89062e-19
0.586	4.78429e-19
0.587	6.15328e-19
0.588	3.70275e-19
0.589	3.67468e-19
0.59	4.34246e-19
0.591	3.18071e-19
0.592	3.24713e-19
0.593	2.48206e-19
0.594	3.26243e-19
0.595	2.82147e-19
0.596	4.03693e-19
0.597	6.70226e-19
0.598	4.31734e-19
0.599	4.97546e-19
0.6	6.86355e-19
0.601	5.03757e-19
0.602	6.28233e-19
0.603	6.66769e-19
0.604	5.33244e-19
0.605	4.4278e-19
0.606	4.18773e-19
0.607	4.50754e-19
0.608	3.93995e-19
0.609	3.91057e-19
0.61	3.59119e-19
0.611	4.4149e-19
0.612	5.98613e-19
0.613	4.3533e-19
0.614	3.61895e-19
0.615	4.00108e-19
0.616	3.30554e-19
0.617	2.78952e-19
0.618	3.35232e-19
0.619	3.10676e-19
0.62	2.98897e-19
0.621	3.12053e-19
0.622	2.58502e-19
0.623	2.2127e-19
0.624	2.63477e-19
0.625	2.39061e-19
0.626	2.63331e-19
0.627	2.83235e-19
0.628	4.35441e-19
0.629	3.30882e-19
0.63	2.63033e-19
0.631	2.61587e-19
0.632	2.96565e-19
0.633	3.68219e-19
0.634	3.57682e-19
0.635	3.35592e-19
0.636	3.37287e-19
0.637	3.14976e-19
0.638	3.39994e-19
0.639	4.94333e-19
0.64	4.49982e-19
0.641	4.88749e-19
0.642	4.00239e-19
0.643	3.51492e-19
0.644	3.73285e-19
0.645	2.86938e-19
0.646	3.36855e-19
0.647	4.91813e-19
0.648	4.46457e-19
0.649	4.38672e-19
0.65	5.96575e-19
0.651	2.57862e-19
0.652	4.53276e-19
0.653	6.05995e-19
0.654	4.02506e-19
0.655	5.27602e-19
0.656	5.82394e-19
0.657	4.04738e-19
0.658	4.04959e-19
0.659	4.7789e-19
0.66	4.06994e-19
0.661	4.95001e-19
0.662	5.51839e-19
0.663	4.82155e-19
0.664	4.0669e-19
0.665	3.7942e-19
0.666	4.17911e-19
0.667	4.21372e-19
0.668	2.4466e-19
0.669	2.52157e-19
0.67	2.50757e-19
0.671	2.6593e-19
0.672	3.4325e-19
0.673	3.64989e-19
0.674	3.51192e-19
0.675	4.36006e-19
0.676	3.40655e-19
0.677	2.77527e-19
0.678	3.29168e-19
0.679	3.0333e-19
0.68	3.0549e-19
0.681	3.75389e-19
0.682	4.08239e-19
0.683	4.16657e-19
0.684	3.5217e-19
0.685	3.24663e-19
0.686	2.46796e-19
0.687	2.32446e-19
0.688	2.53727e-19
0.689	2.92775e-19
0.69	3.53323e-19
0.691	2.96594e-19
0.692	2.84756e-19
0.693	2.80357e-19
0.694	2.49437e-19
0.695	2.19066e-19
0.696	1.84129e-19
0.697	1.98418e-19
0.698	1.85327e-19
0.699	2.56065e-19
0.7	2.25082e-19
0.701	2.9572e-19
0.702	2.73021e-19
0.703	2.35998e-19
0.704	2.23668e-19
0.705	1.75378e-19
0.706	2.00314e-19
0.707	3.49853e-19
0.708	3.16481e-19
0.709	3.66489e-19
0.71	3.70747e-19
0.711	4.48937e-19
0.712	5.10956e-19
0.713	2.75846e-19
0.714	3.42915e-19
0.715	4.1012e-19
0.716	1.98974e-19
0.717	3.23821e-19
0.718	2.67543e-19
0.719	2.38707e-19
0.72	2.99635e-19
0.721	1.89615e-19
0.722	2.54071e-19
0.723	3.94294e-19
0.724	2.79137e-19
0.725	2.34151e-19
0.726	3.24199e-19
0.727	2.55706e-19
0.728	2.47245e-19
0.729	2.84891e-19
0.73	2.11074e-19
0.731	2.3953e-19
0.732	2.79187e-19
0.733	2.33113e-19
0.734	3.53247e-19
0.735	2.97983e-19
0.736	3.2805e-19
0.737	4.22266e-19
0.738	2.67427e-19
0.739	2.75807e-19
0.74	2.30507e-19
0.741	2.09123e-19
0.742	2.45438e-19
0.743	1.50475e-19
0.744	2.36048e-19
0.745	2.07324e-19
0.746	1.34539e-19
0.747	1.76445e-19
0.748	1.88123e-19
0.749	2.54736e-19
0.75	2.27844e-19
0.751	1.74981e-19
0.752	1.21637e-19
0.753	1.66606e-19
0.754	1.83939e-19
0.755	1.51418e-19
0.756	2.4269e-19
0.757	1.74599e-19
0.758	2.60466e-19
0.759	2.34997e-19
0.76	3.04024e-19
0.761	2.79721e-19
0.762	3.04499e-19
0.763	3.52714e-19
0.764	4.3014e-19
0.765	4.64467e-19
0.766	3.82045e-19
0.767	3.11906e-19
0.768	4.08833e-19
0.769	3.24257e-19
0.77	2.16434e-19
0.771	2.82952e-19
0.772	4.01316e-19
0.773	2.53161e-19
0.774	3.34699e-19
0.775	4.16815e-19
0.776	3.19017e-19
0.777	2.51273e-19
0.778	2.66672e-19
0.779	3.17727e-19
0.78	1.75921e-19
0.781	3.52808e-19
0.782	2.92705e-19
0.783	2.73863e-19
0.784	3.25553e-19
0.785	2.2984e-19
0.786	3.02053e-19
0.787	2.75825e-19
0.788	1.35184e-19
0.789	1.89856e-19
0.79	2.1311e-19
0.791	2.29475e-19
0.792	2.11355e-19
0.793	3.55633e-19
0.794	4.28391e-19
0.795	2.4247e-19
0.796	3.03456e-19
0.797	2.98956e-19
0.798	3.13302e-19
0.799	3.04008e-19
0.8	3.13812e-19
0.801	4.15477e-19
0.802	4.43341e-19
0.803	3.27159e-19
0.804	4.01173e-19
0.805	3.28014e-19
0.806	3.06174e-19
0.807	3.0334e-19
0.808	2.94401e-19
0.809	3.18363e-19
0.81	3.00434e-19
0.811	3.09143e-19
0.812	4.64123e-19
0.813	3.55171e-19
0.814	5.83714e-19
0.815	3.75237e-19
0.816	2.69076e-19
0.817	4.51029e-19
0.818	4.02897e-19
0.819	2.98089e-19
0.82	3.78344e-19
0.821	2.54492e-19
0.822	2.5323e-19
0.823	3.25159e-19
0.824	2.43178e-19
0.825	2.35973e-19
0.826	2.35591e-19
0.827	2.18945e-19
0.828	1.29719e-19
0.829	1.87914e-19
0.83	1.22776e-19
0.831	1.87361e-19
0.832	2.24988e-19
0.833	2.44501e-19
0.834	1.86636e-19
0.835	1.95743e-19
0.836	1.24237e-19
0.837	1.28823e-19
0.838	1.39248e-19
0.839	1.7785e-19
0.84	1.65271e-19
0.841	2.19274e-19
0.842	1.63464e-19
0.843	1.46217e-19
0.844	2.44942e-19
0.845	2.57278e-19
0.846	2.85444e-19
0.847	1.31267e-19
0.848	1.50598e-19
0.849	1.94371e-19
0.85	1.92091e-19
0.851	2.12451e-19
0.852	1.95968e-19
0.853	1.86792e-19
0.854	2.26067e-19
0.855	1.97786e-19
0.856	1.69815e-19
0.857	2.67439e-19
0.858	2.69891e-19
0.859	3.55296e-19
0.86	4.25063e-19
0.861	2.45612e-19
0.862	3.9246e-19
0.863	3.44521e-19
0.864	1.91753e-19
0.865	3.41721e-19
0.866	2.43522e-19
0.867	2.4831e-19
0.868	2.96819e-19
0.869	2.89202e-19
0.87	4.86664e-19
0.871	3.04434e-19
0.872	2.43968e-19
0.873	3.76461e-19
0.874	2.1418e-19
0.875	2.05054e-19
0.876	1.52376e-19
0.877	1.31559e-19
0.878	1.58564e-19
0.879	1.47745e-19
0.88	1.7253e-19
0.881	2.14862e-19
0.882	2.27182e-19
0.883	1.50787e-19
0.884	3.82888e-19
0.885	2.27898e-19
0.886	2.36792e-19
0.887	3.90204e-19
0.888	4.48514e-19
0.889	2.65731e-19
0.89	2.95314e-19
0.891	2.20511e-19
0.892	2.6269e-19
0.893	1.60274e-19
0.894	2.1602e-19
0.895	1.42399e-19
0.896	1.81745e-19
0.897	2.47938e-19
0.898	2.23201e-19
0.899	2.37937e-19
0.9	2.3235e-19
0.901	1.93338e-19
0.902	2.84523e-19
0.903	2.22333e-19
0.904	1.3876e-19
0.905	2.45051e-19
0.906	1.94434e-19
0.907	2.49215e-19
0.908	1.97497e-19
0.909	2.48878e-19
0.91	3.3123e-19
0.911	2.89476e-19
0.912	1.82311e-19
0.913	3.45765e-19
0.914	3.62778e-19
0.915	2.36873e-19
0.916	5.14654e-19
0.917	2.98913e-19
0.918	1.90826e-19
0.919	4.2019e-19
0.92	4.77346e-19
0.921	2.63041e-19
0.922	3.15296e-19
0.923	3.57946e-19
0.924	3.06154e-19
0.925	2.94494e-19
0.926	3.00248e-19
0.927	3.10799e-19
0.928	3.69611e-19
0.929	2.62373e-19
0.93	4.10899e-19
0.931	3.88713e-19
0.932	2.67975e-19
0.933	6.4299e-19
0.934	3.14882e-19
0.935	3.46751e-19
0.936	4.90747e-19
0.937	2.24523e-19
0.938	3.23786e-19
0.939	4.37988e-19
0.94	2.17161e-19
0.941	3.09184e-19
0.942	5.08292e-19
0.943	2.31365e-19
0.944	2.96736e-19
0.945	3.45909e-19
0.946	2.85773e-19
0.947	1.83024e-19
0.948	2.8632e-19
0.949	2.78749e-19
0.95	2.72401e-19
0.951	2.33286e-19
0.952	3.10294e-19
0.953	2.58145e-19
0.954	1.85536e-19
0.955	3.59134e-19
0.956	4.22982e-19
0.957	1.86898e-19
0.958	1.89873e-19
0.959	3.68139e-19
0.96	3.23354e-19
0.961	1.62577e-19
0.962	3.86796e-19
0.963	4.07649e-19
0.964	3.12238e-19
0.965	4.12934e-19
0.966	3.04282e-19
0.967	3.00036e-19
0.968	4.87464e-19
0.969	3.401e-19
0.97	4.21455e-19
0.971	3.6742e-19
0.972	3.67216e-19
0.973	5.41795e-19
0.974	5.29931e-19
0.975	5.0638e-19
0.976	6.66972e-19
0.977	5.84294e-19
0.978	5.4429e-19
0.979	1.09389e-18
0.98	5.50728e-19
0.981	7.95818e-19
0.982	1.35881e-18
0.983	5.88217e-19
0.984	7.06614e-19
0.985	8.81896e-19
0.986	3.29922e-19
0.987	7.26701e-19
0.988	7.26912e-19
0.989	3.44098e-19
0.99	5.62693e-19
0.991	4.19719e-19
0.992	1.60566e-19
0.993	3.71644e-19
0.994	3.07255e-19
0.995	2.00861e-19
0.996	4.4004e-19
0.997	3.04653e-19
0.998	2.58787e-19
0.999	3.03933e-19
1	0
