0	0
0.001	1.22586e+10
0.002	3.54327e+10
0.003	5.06867e+10
0.004	5.57745e+10
0.005	5.6113e+10
0.006	5.51247e+10
0.007	5.39764e+10
0.008	5.27812e+10
0.009	5.16346e+10
0.01	5.05148e+10
0.011	4.94004e+10
0.012	4.83426e+10
0.013	4.72815e+10
0.014	4.62597e+10
0.015	4.52643e+10
0.016	4.42749e+10
0.017	4.3331e+10
0.018	4.23909e+10
0.019	4.14783e+10
0.02	4.05945e+10
0.021	3.97144e+10
0.022	3.88714e+10
0.023	3.80386e+10
0.024	3.72224e+10
0.025	3.64367e+10
0.026	3.56543e+10
0.027	3.48996e+10
0.028	3.41617e+10
0.029	3.34319e+10
0.03	3.27312e+10
0.031	3.2037e+10
0.032	3.13598e+10
0.033	3.0705e+10
0.034	3.00539e+10
0.035	2.9426e+10
0.036	2.88111e+10
0.037	2.82035e+10
0.038	2.76195e+10
0.039	2.70413e+10
0.04	2.64764e+10
0.041	2.59305e+10
0.042	2.5388e+10
0.043	2.48632e+10
0.044	2.43511e+10
0.045	2.38437e+10
0.046	2.33553e+10
0.047	2.28741e+10
0.048	2.24008e+10
0.049	2.1945e+10
0.05	2.14929e+10
0.051	2.10521e+10
0.052	2.06254e+10
0.053	2.02013e+10
0.054	1.97907e+10
0.055	1.93905e+10
0.056	1.89933e+10
0.057	1.86105e+10
0.058	1.82346e+10
0.059	1.78632e+10
0.06	1.75058e+10
0.061	1.71526e+10
0.062	1.68056e+10
0.063	1.64713e+10
0.064	1.61396e+10
0.065	1.58154e+10
0.066	1.55024e+10
0.067	1.5191e+10
0.068	1.48881e+10
0.069	1.45946e+10
0.07	1.43024e+10
0.071	1.40193e+10
0.072	1.3744e+10
0.073	1.34699e+10
0.074	1.32051e+10
0.075	1.29467e+10
0.076	1.26896e+10
0.077	1.24418e+10
0.078	1.21992e+10
0.079	1.19581e+10
0.08	1.1726e+10
0.081	1.14983e+10
0.082	1.12721e+10
0.083	1.10545e+10
0.084	1.08408e+10
0.085	1.06286e+10
0.086	1.04245e+10
0.087	1.0224e+10
0.088	1.00247e+10
0.089	9.83321e+09
0.09	9.6451e+09
0.091	9.45795e+09
0.092	9.27809e+09
0.093	9.10165e+09
0.094	8.92585e+09
0.095	8.7568e+09
0.096	8.59133e+09
0.097	8.42616e+09
0.098	8.26713e+09
0.099	8.11198e+09
0.1	7.9568e+09
0.101	7.80704e+09
0.102	7.66156e+09
0.103	7.51582e+09
0.104	7.37464e+09
0.105	7.23818e+09
0.106	7.10141e+09
0.107	6.96818e+09
0.108	6.84006e+09
0.109	6.71186e+09
0.11	6.58605e+09
0.111	6.46557e+09
0.112	6.34554e+09
0.113	6.22674e+09
0.114	6.11319e+09
0.115	6.00093e+09
0.116	5.88886e+09
0.117	5.78154e+09
0.118	5.67656e+09
0.119	5.57108e+09
0.12	5.46938e+09
0.121	5.37108e+09
0.122	5.27213e+09
0.123	5.17559e+09
0.124	5.08322e+09
0.125	4.99074e+09
0.126	4.89915e+09
0.127	4.81189e+09
0.128	4.72565e+09
0.129	4.63908e+09
0.13	4.55617e+09
0.131	4.47567e+09
0.132	4.39435e+09
0.133	4.31529e+09
0.134	4.23974e+09
0.135	4.16386e+09
0.136	4.08856e+09
0.137	4.017e+09
0.138	3.94646e+09
0.139	3.87526e+09
0.14	3.80688e+09
0.141	3.74106e+09
0.142	3.67445e+09
0.143	3.60896e+09
0.144	3.54684e+09
0.145	3.48504e+09
0.146	3.42277e+09
0.147	3.36333e+09
0.148	3.3059e+09
0.149	3.24756e+09
0.15	3.19037e+09
0.151	3.13623e+09
0.152	3.08224e+09
0.153	3.02771e+09
0.154	2.97572e+09
0.155	2.92565e+09
0.156	2.87469e+09
0.157	2.82446e+09
0.158	2.77708e+09
0.159	2.73012e+09
0.16	2.68234e+09
0.161	2.63649e+09
0.162	2.59284e+09
0.163	2.54855e+09
0.164	2.50423e+09
0.165	2.46243e+09
0.166	2.42174e+09
0.167	2.38005e+09
0.168	2.33928e+09
0.169	2.30097e+09
0.17	2.26277e+09
0.171	2.22376e+09
0.172	2.18641e+09
0.173	2.15104e+09
0.174	2.11508e+09
0.175	2.07879e+09
0.176	2.04457e+09
0.177	2.01169e+09
0.178	1.97789e+09
0.179	1.94427e+09
0.18	1.91284e+09
0.181	1.88215e+09
0.182	1.85044e+09
0.183	1.81936e+09
0.184	1.79038e+09
0.185	1.76169e+09
0.186	1.73203e+09
0.187	1.70327e+09
0.188	1.67648e+09
0.189	1.64967e+09
0.19	1.62196e+09
0.191	1.59531e+09
0.192	1.57048e+09
0.193	1.54546e+09
0.194	1.5196e+09
0.195	1.49484e+09
0.196	1.47179e+09
0.197	1.4485e+09
0.198	1.42437e+09
0.199	1.40129e+09
0.2	1.37986e+09
0.201	1.35823e+09
0.202	1.33573e+09
0.203	1.31413e+09
0.204	1.29418e+09
0.205	1.27415e+09
0.206	1.2532e+09
0.207	1.23292e+09
0.208	1.21427e+09
0.209	1.19578e+09
0.21	1.17633e+09
0.211	1.15722e+09
0.212	1.1397e+09
0.213	1.12266e+09
0.214	1.1047e+09
0.215	1.08667e+09
0.216	1.0701e+09
0.217	1.05437e+09
0.218	1.03791e+09
0.219	1.02095e+09
0.22	1.00513e+09
0.221	9.9051e+08
0.222	9.75527e+08
0.223	9.59726e+08
0.224	9.44536e+08
0.225	9.30746e+08
0.226	9.17152e+08
0.227	9.02649e+08
0.228	8.88104e+08
0.229	8.74842e+08
0.23	8.62396e+08
0.231	8.4932e+08
0.232	8.35606e+08
0.233	8.22667e+08
0.234	8.1097e+08
0.235	7.99288e+08
0.236	7.86721e+08
0.237	7.74144e+08
0.238	7.62756e+08
0.239	7.52149e+08
0.24	7.40982e+08
0.241	7.29117e+08
0.242	7.17807e+08
0.243	7.07703e+08
0.244	6.97849e+08
0.245	6.87187e+08
0.246	6.76178e+08
0.247	6.66065e+08
0.248	6.56964e+08
0.249	6.47709e+08
0.25	6.3762e+08
0.251	6.27504e+08
0.252	6.18423e+08
0.253	6.10126e+08
0.254	6.01433e+08
0.255	5.91971e+08
0.256	5.82688e+08
0.257	5.74464e+08
0.258	5.66854e+08
0.259	5.58742e+08
0.26	5.49921e+08
0.261	5.41362e+08
0.262	5.33837e+08
0.263	5.26855e+08
0.264	5.19356e+08
0.265	5.11167e+08
0.266	5.03212e+08
0.267	4.96246e+08
0.268	4.89847e+08
0.269	4.82999e+08
0.27	4.75437e+08
0.271	4.67977e+08
0.272	4.61432e+08
0.273	4.55558e+08
0.274	4.49391e+08
0.275	4.4248e+08
0.276	4.35449e+08
0.277	4.29186e+08
0.278	4.23731e+08
0.279	4.18243e+08
0.28	4.12048e+08
0.281	4.05454e+08
0.282	3.99358e+08
0.283	3.94151e+08
0.284	3.89265e+08
0.285	3.83862e+08
0.286	3.7782e+08
0.287	3.71861e+08
0.288	3.66693e+08
0.289	3.622e+08
0.29	3.57589e+08
0.291	3.52297e+08
0.292	3.4662e+08
0.293	3.41358e+08
0.294	3.36924e+08
0.295	3.32899e+08
0.296	3.28501e+08
0.297	3.23437e+08
0.298	3.18204e+08
0.299	3.13538e+08
0.3	3.09643e+08
0.301	3.05981e+08
0.302	3.0185e+08
0.303	2.97101e+08
0.304	2.92279e+08
0.305	2.88055e+08
0.306	2.84552e+08
0.307	2.81238e+08
0.308	2.77458e+08
0.309	2.73076e+08
0.31	2.68591e+08
0.311	2.64647e+08
0.312	2.61416e+08
0.313	2.58449e+08
0.314	2.55106e+08
0.315	2.51152e+08
0.316	2.46956e+08
0.317	2.43149e+08
0.318	2.40044e+08
0.319	2.37371e+08
0.32	2.34526e+08
0.321	2.31103e+08
0.322	2.2724e+08
0.323	2.23487e+08
0.324	2.20329e+08
0.325	2.17784e+08
0.326	2.15394e+08
0.327	2.12617e+08
0.328	2.09268e+08
0.329	2.05655e+08
0.33	2.02323e+08
0.331	1.9962e+08
0.332	1.97426e+08
0.333	1.95263e+08
0.334	1.92662e+08
0.335	1.89521e+08
0.336	1.86169e+08
0.337	1.83111e+08
0.338	1.80655e+08
0.339	1.78695e+08
0.34	1.76796e+08
0.341	1.7451e+08
0.342	1.7169e+08
0.343	1.6858e+08
0.344	1.65639e+08
0.345	1.63226e+08
0.346	1.61363e+08
0.347	1.5973e+08
0.348	1.57882e+08
0.349	1.55536e+08
0.35	1.5275e+08
0.351	1.4987e+08
0.352	1.47314e+08
0.353	1.45309e+08
0.354	1.43766e+08
0.355	1.42335e+08
0.356	1.40624e+08
0.357	1.38423e+08
0.358	1.35818e+08
0.359	1.33135e+08
0.36	1.30751e+08
0.361	1.28886e+08
0.362	1.27487e+08
0.363	1.26268e+08
0.364	1.24864e+08
0.365	1.23023e+08
0.366	1.20731e+08
0.367	1.1821e+08
0.368	1.15802e+08
0.369	1.13796e+08
0.37	1.12294e+08
0.371	1.11168e+08
0.372	1.10127e+08
0.373	1.08854e+08
0.374	1.07151e+08
0.375	1.0502e+08
0.376	1.02657e+08
0.377	1.00359e+08
0.378	9.83976e+07
0.379	9.69071e+07
0.38	9.58362e+07
0.381	9.49742e+07
0.382	9.40391e+07
0.383	9.2788e+07
0.384	9.11063e+07
0.385	8.9045e+07
0.386	8.6795e+07
0.387	8.46149e+07
0.388	8.27381e+07
0.389	8.12946e+07
0.39	8.02728e+07
0.391	7.95282e+07
0.392	7.88354e+07
0.393	7.79613e+07
0.394	7.67357e+07
0.395	7.50988e+07
0.396	7.31136e+07
0.397	7.09422e+07
0.398	6.87963e+07
0.399	6.68782e+07
0.4	6.53282e+07
0.401	6.4192e+07
0.402	6.3414e+07
0.403	6.28556e+07
0.404	6.23321e+07
0.405	6.16568e+07
0.406	6.06818e+07
0.407	5.93279e+07
0.408	5.75959e+07
0.409	5.55626e+07
0.41	5.33607e+07
0.411	5.11505e+07
0.412	4.90893e+07
0.413	4.73044e+07
0.414	4.58733e+07
0.415	4.48151e+07
0.416	4.4091e+07
0.417	4.36147e+07
0.418	4.32676e+07
0.419	4.29172e+07
0.42	4.2435e+07
0.421	4.17116e+07
0.422	4.06673e+07
0.423	3.9258e+07
0.424	3.74756e+07
0.425	3.53449e+07
0.426	3.29175e+07
0.427	3.02638e+07
0.428	2.74645e+07
0.429	2.4603e+07
0.43	2.17587e+07
0.431	1.90017e+07
0.432	1.63899e+07
0.433	1.39669e+07
0.434	1.17623e+07
0.435	9.79217e+06
0.436	8.06103e+06
0.437	6.56379e+06
0.438	5.28805e+06
0.439	4.21633e+06
0.44	3.32805e+06
0.441	2.60119e+06
0.442	2.01369e+06
0.443	1.54438e+06
0.444	1.1737e+06
0.445	884086
0.446	660178
0.447	488813
0.448	358942
0.449	261448
0.45	188931
0.451	135472
0.452	96404.6
0.453	68094.9
0.454	47749.1
0.455	33243.9
0.456	22983.4
0.457	15780.9
0.458	10762.6
0.459	7291.69
0.46	4908.11
0.461	3282.65
0.462	2181.77
0.463	1441.16
0.464	946.198
0.465	617.532
0.466	400.67
0.467	258.468
0.468	165.789
0.469	105.749
0.47	67.0813
0.471	42.3224
0.472	26.5592
0.473	16.5796
0.474	10.2962
0.475	6.36144
0.476	3.9106
0.477	2.39205
0.478	1.45601
0.479	0.881981
0.48	0.531714
0.481	0.319044
0.482	0.190548
0.483	0.113283
0.484	0.0670434
0.485	0.0395008
0.486	0.0231706
0.487	0.0135324
0.488	0.00786937
0.489	0.00455678
0.49	0.00262755
0.491	0.00150883
0.492	0.000862871
0.493	0.000491463
0.494	0.000278802
0.495	0.000157536
0.496	8.86673e-05
0.497	4.97125e-05
0.498	2.77655e-05
0.499	1.54491e-05
0.5	8.56392e-06
0.501	4.72973e-06
0.502	2.60262e-06
0.503	1.42696e-06
0.504	7.79576e-07
0.505	4.24391e-07
0.506	2.30224e-07
0.507	1.2446e-07
0.508	6.70532e-08
0.509	3.60026e-08
0.51	1.92659e-08
0.511	1.02754e-08
0.512	5.46237e-09
0.513	2.89433e-09
0.514	1.52867e-09
0.515	8.04808e-10
0.516	4.22376e-10
0.517	2.20976e-10
0.518	1.15252e-10
0.519	5.99259e-11
0.52	3.10644e-11
0.521	1.60548e-11
0.522	8.27282e-12
0.523	4.25036e-12
0.524	2.17733e-12
0.525	1.11214e-12
0.526	5.66418e-13
0.527	2.87645e-13
0.528	1.45679e-13
0.529	7.35802e-14
0.53	3.70675e-14
0.531	1.86208e-14
0.532	9.32395e-15
0.533	4.65202e-15
0.534	2.31268e-15
0.535	1.14563e-15
0.536	5.65607e-16
0.537	2.78435e-16
0.538	1.36926e-16
0.539	6.73139e-17
0.54	3.31502e-17
0.541	1.63667e-17
0.542	8.03135e-18
0.543	3.9078e-18
0.544	1.8745e-18
0.545	9.30662e-19
0.546	5.06165e-19
0.547	3.42959e-19
0.548	2.36843e-19
0.549	1.62474e-19
0.55	1.52307e-19
0.551	1.3336e-19
0.552	1.5496e-19
0.553	1.58219e-19
0.554	1.34327e-19
0.555	1.09359e-19
0.556	9.02754e-20
0.557	8.78722e-20
0.558	9.93129e-20
0.559	1.14547e-19
0.56	1.22726e-19
0.561	1.3714e-19
0.562	1.36663e-19
0.563	1.37009e-19
0.564	1.40667e-19
0.565	1.55248e-19
0.566	1.89167e-19
0.567	2.02695e-19
0.568	2.11517e-19
0.569	2.38951e-19
0.57	2.35145e-19
0.571	2.12891e-19
0.572	1.97584e-19
0.573	1.73878e-19
0.574	1.56856e-19
0.575	1.49895e-19
0.576	1.43449e-19
0.577	1.76443e-19
0.578	1.93714e-19
0.579	1.89976e-19
0.58	1.92492e-19
0.581	2.02013e-19
0.582	2.26535e-19
0.583	2.32899e-19
0.584	2.03349e-19
0.585	1.91805e-19
0.586	1.7386e-19
0.587	1.70556e-19
0.588	1.75435e-19
0.589	1.78926e-19
0.59	1.61621e-19
0.591	1.41868e-19
0.592	9.80372e-20
0.593	7.8354e-20
0.594	6.44252e-20
0.595	7.02708e-20
0.596	7.63421e-20
0.597	8.76883e-20
0.598	1.03483e-19
0.599	1.43657e-19
0.6	1.87243e-19
0.601	2.08543e-19
0.602	2.25079e-19
0.603	2.13166e-19
0.604	2.19059e-19
0.605	1.99677e-19
0.606	2.00191e-19
0.607	1.74302e-19
0.608	1.50945e-19
0.609	1.291e-19
0.61	1.04144e-19
0.611	9.83262e-20
0.612	1.03679e-19
0.613	1.22064e-19
0.614	1.42162e-19
0.615	1.53938e-19
0.616	1.24763e-19
0.617	1.16999e-19
0.618	8.78846e-20
0.619	1.02715e-19
0.62	9.6923e-20
0.621	1.09231e-19
0.622	1.17554e-19
0.623	1.0727e-19
0.624	8.9864e-20
0.625	8.50492e-20
0.626	7.20716e-20
0.627	8.61622e-20
0.628	1.14717e-19
0.629	1.16986e-19
0.63	1.129e-19
0.631	1.24657e-19
0.632	1.36754e-19
0.633	1.61234e-19
0.634	1.58456e-19
0.635	1.72361e-19
0.636	1.75714e-19
0.637	1.91787e-19
0.638	1.98415e-19
0.639	2.05135e-19
0.64	1.82497e-19
0.641	1.41889e-19
0.642	1.29908e-19
0.643	1.09974e-19
0.644	1.04947e-19
0.645	1.02703e-19
0.646	8.2735e-20
0.647	8.63838e-20
0.648	7.64261e-20
0.649	7.6493e-20
0.65	8.77338e-20
0.651	7.35474e-20
0.652	1.11181e-19
0.653	1.00012e-19
0.654	1.26128e-19
0.655	1.09079e-19
0.656	9.59478e-20
0.657	1.29068e-19
0.658	9.52937e-20
0.659	1.13978e-19
0.66	1.31652e-19
0.661	1.64075e-19
0.662	1.9634e-19
0.663	1.93696e-19
0.664	1.62816e-19
0.665	1.36471e-19
0.666	1.13723e-19
0.667	9.7168e-20
0.668	8.37584e-20
0.669	9.09001e-20
0.67	8.27555e-20
0.671	8.28093e-20
0.672	7.22428e-20
0.673	7.49493e-20
0.674	7.05929e-20
0.675	6.2611e-20
0.676	5.49045e-20
0.677	7.56905e-20
0.678	8.25527e-20
0.679	9.14873e-20
0.68	9.3731e-20
0.681	1.01001e-19
0.682	1.10245e-19
0.683	1.07714e-19
0.684	1.14714e-19
0.685	9.81664e-20
0.686	7.72838e-20
0.687	6.13385e-20
0.688	6.78081e-20
0.689	8.61004e-20
0.69	1.0399e-19
0.691	1.14574e-19
0.692	1.13509e-19
0.693	1.23564e-19
0.694	1.00437e-19
0.695	7.93528e-20
0.696	6.26755e-20
0.697	5.23069e-20
0.698	5.67802e-20
0.699	7.0605e-20
0.7	6.63417e-20
0.701	7.63745e-20
0.702	8.60257e-20
0.703	7.26876e-20
0.704	6.00381e-20
0.705	6.91731e-20
0.706	7.56643e-20
0.707	1.07823e-19
0.708	9.04247e-20
0.709	8.30299e-20
0.71	9.43411e-20
0.711	1.04053e-19
0.712	1.2777e-19
0.713	1.00761e-19
0.714	1.0176e-19
0.715	8.46906e-20
0.716	6.80957e-20
0.717	5.49559e-20
0.718	4.81297e-20
0.719	5.87095e-20
0.72	5.50597e-20
0.721	6.36221e-20
0.722	6.25888e-20
0.723	8.55019e-20
0.724	7.7247e-20
0.725	7.42254e-20
0.726	7.85108e-20
0.727	5.74894e-20
0.728	7.99765e-20
0.729	7.37732e-20
0.73	8.98145e-20
0.731	9.35219e-20
0.732	9.98065e-20
0.733	1.07241e-19
0.734	9.65619e-20
0.735	9.09208e-20
0.736	1.07961e-19
0.737	1.10787e-19
0.738	1.00889e-19
0.739	8.46063e-20
0.74	8.85579e-20
0.741	7.58064e-20
0.742	9.37526e-20
0.743	7.63103e-20
0.744	7.78483e-20
0.745	6.61325e-20
0.746	4.72267e-20
0.747	3.84377e-20
0.748	4.18104e-20
0.749	4.84761e-20
0.75	3.40857e-20
0.751	3.88427e-20
0.752	5.25704e-20
0.753	4.09247e-20
0.754	5.47034e-20
0.755	5.51823e-20
0.756	5.81658e-20
0.757	7.80586e-20
0.758	7.15986e-20
0.759	6.49649e-20
0.76	6.61313e-20
0.761	7.12485e-20
0.762	6.9048e-20
0.763	8.53491e-20
0.764	9.95144e-20
0.765	1.12847e-19
0.766	1.25178e-19
0.767	1.07673e-19
0.768	9.53627e-20
0.769	9.50801e-20
0.77	7.76477e-20
0.771	7.44922e-20
0.772	6.64032e-20
0.773	8.40466e-20
0.774	7.48564e-20
0.775	8.83751e-20
0.776	8.22354e-20
0.777	8.25874e-20
0.778	6.72312e-20
0.779	5.64415e-20
0.78	4.31257e-20
0.781	4.38234e-20
0.782	3.81032e-20
0.783	3.82289e-20
0.784	3.96894e-20
0.785	4.87664e-20
0.786	5.50402e-20
0.787	6.32489e-20
0.788	4.38818e-20
0.789	4.17456e-20
0.79	3.94679e-20
0.791	4.16922e-20
0.792	5.84582e-20
0.793	5.2462e-20
0.794	5.27592e-20
0.795	7.28936e-20
0.796	6.35891e-20
0.797	8.34089e-20
0.798	9.49706e-20
0.799	1.06683e-19
0.8	1.18163e-19
0.801	1.18748e-19
0.802	1.23454e-19
0.803	9.4344e-20
0.804	8.54674e-20
0.805	9.56368e-20
0.806	8.91565e-20
0.807	7.268e-20
0.808	6.96495e-20
0.809	5.89808e-20
0.81	7.80927e-20
0.811	8.70008e-20
0.812	1.008e-19
0.813	9.5136e-20
0.814	1.01827e-19
0.815	8.82704e-20
0.816	9.11125e-20
0.817	6.84615e-20
0.818	6.31509e-20
0.819	5.00996e-20
0.82	4.8602e-20
0.821	4.59691e-20
0.822	4.91277e-20
0.823	5.70755e-20
0.824	5.21347e-20
0.825	6.92569e-20
0.826	7.55364e-20
0.827	8.42882e-20
0.828	7.34782e-20
0.829	6.40707e-20
0.83	5.18097e-20
0.831	5.64215e-20
0.832	6.70536e-20
0.833	8.77155e-20
0.834	7.33605e-20
0.835	5.90705e-20
0.836	5.94615e-20
0.837	6.12573e-20
0.838	5.50847e-20
0.839	5.54267e-20
0.84	7.07108e-20
0.841	6.08888e-20
0.842	6.87417e-20
0.843	6.08055e-20
0.844	6.6896e-20
0.845	4.93213e-20
0.846	4.63385e-20
0.847	4.84471e-20
0.848	4.91947e-20
0.849	6.80205e-20
0.85	7.95219e-20
0.851	5.81631e-20
0.852	4.1975e-20
0.853	4.54071e-20
0.854	5.06493e-20
0.855	6.97781e-20
0.856	5.11465e-20
0.857	6.30281e-20
0.858	5.6304e-20
0.859	5.72562e-20
0.86	6.47764e-20
0.861	5.01903e-20
0.862	5.34993e-20
0.863	3.49509e-20
0.864	2.74849e-20
0.865	4.06025e-20
0.866	4.76376e-20
0.867	5.76126e-20
0.868	6.39476e-20
0.869	6.11762e-20
0.87	6.87371e-20
0.871	5.27741e-20
0.872	6.27284e-20
0.873	7.28635e-20
0.874	5.19441e-20
0.875	5.23789e-20
0.876	5.88542e-20
0.877	5.55376e-20
0.878	6.27869e-20
0.879	4.61468e-20
0.88	3.96536e-20
0.881	3.47017e-20
0.882	3.23606e-20
0.883	3.88613e-20
0.884	3.96991e-20
0.885	4.48556e-20
0.886	5.59138e-20
0.887	6.46467e-20
0.888	5.39905e-20
0.889	4.32307e-20
0.89	4.24306e-20
0.891	6.2057e-20
0.892	7.62376e-20
0.893	7.38675e-20
0.894	7.61565e-20
0.895	6.83114e-20
0.896	5.74373e-20
0.897	7.25468e-20
0.898	5.81568e-20
0.899	3.84176e-20
0.9	3.29883e-20
0.901	3.25849e-20
0.902	3.49652e-20
0.903	4.20191e-20
0.904	4.67766e-20
0.905	5.48674e-20
0.906	6.09579e-20
0.907	6.54307e-20
0.908	7.1488e-20
0.909	6.45931e-20
0.91	8.46863e-20
0.911	6.68131e-20
0.912	7.35764e-20
0.913	9.00794e-20
0.914	6.20448e-20
0.915	8.35317e-20
0.916	7.07829e-20
0.917	6.77863e-20
0.918	7.32179e-20
0.919	7.31957e-20
0.92	9.37153e-20
0.921	7.06059e-20
0.922	8.02267e-20
0.923	8.78799e-20
0.924	8.60952e-20
0.925	9.15452e-20
0.926	7.14506e-20
0.927	9.12611e-20
0.928	1.15116e-19
0.929	9.98645e-20
0.93	1.14097e-19
0.931	9.41574e-20
0.932	8.19621e-20
0.933	8.40636e-20
0.934	6.90794e-20
0.935	7.88261e-20
0.936	9.11444e-20
0.937	7.48756e-20
0.938	6.85175e-20
0.939	7.12781e-20
0.94	6.15447e-20
0.941	7.19518e-20
0.942	6.23151e-20
0.943	6.37135e-20
0.944	4.27046e-20
0.945	4.4308e-20
0.946	4.84897e-20
0.947	4.38311e-20
0.948	4.91445e-20
0.949	4.26651e-20
0.95	3.23523e-20
0.951	4.45129e-20
0.952	3.15595e-20
0.953	4.73683e-20
0.954	5.32124e-20
0.955	6.00793e-20
0.956	5.08609e-20
0.957	5.33102e-20
0.958	6.29528e-20
0.959	4.63249e-20
0.96	5.59024e-20
0.961	8.19135e-20
0.962	8.51158e-20
0.963	6.90022e-20
0.964	7.87441e-20
0.965	8.19107e-20
0.966	7.57079e-20
0.967	7.58065e-20
0.968	5.97054e-20
0.969	6.79291e-20
0.97	7.28603e-20
0.971	8.07701e-20
0.972	9.60601e-20
0.973	1.09612e-19
0.974	1.04737e-19
0.975	1.27069e-19
0.976	1.05253e-19
0.977	1.01399e-19
0.978	9.39598e-20
0.979	1.21916e-19
0.98	1.00845e-19
0.981	1.20129e-19
0.982	1.13485e-19
0.983	9.84717e-20
0.984	7.74911e-20
0.985	9.28373e-20
0.986	9.10474e-20
0.987	8.29285e-20
0.988	9.79108e-20
0.989	6.63437e-20
0.99	6.86553e-20
0.991	8.72428e-20
0.992	6.16122e-20
0.993	4.64834e-20
0.994	4.13142e-20
0.995	3.88244e-20
0.996	4.3051e-20
0.997	4.27599e-20
0.998	3.03166e-20
0.999	1.47412e-20
1	0
