0	0
0.001	7.88241e+10
0.002	2.26745e+11
0.003	3.23359e+11
0.004	3.5525e+11
0.005	3.56734e+11
0.006	3.49998e+11
0.007	3.42079e+11
0.008	3.33962e+11
0.009	3.26227e+11
0.01	3.18526e+11
0.011	3.11098e+11
0.012	3.03859e+11
0.013	2.96721e+11
0.014	2.8988e+11
0.015	2.83085e+11
0.016	2.76547e+11
0.017	2.70139e+11
0.018	2.63858e+11
0.019	2.57808e+11
0.02	2.51813e+11
0.021	2.46043e+11
0.022	2.40378e+11
0.023	2.34836e+11
0.024	2.29487e+11
0.025	2.24194e+11
0.026	2.19092e+11
0.027	2.14087e+11
0.028	2.09187e+11
0.029	2.04457e+11
0.03	1.99779e+11
0.031	1.95262e+11
0.032	1.9084e+11
0.033	1.86501e+11
0.034	1.82316e+11
0.035	1.7818e+11
0.036	1.74174e+11
0.037	1.70267e+11
0.038	1.66421e+11
0.039	1.62713e+11
0.04	1.59057e+11
0.041	1.55498e+11
0.042	1.52045e+11
0.043	1.48634e+11
0.044	1.45342e+11
0.045	1.42112e+11
0.046	1.38946e+11
0.047	1.35888e+11
0.048	1.32867e+11
0.049	1.29936e+11
0.05	1.27082e+11
0.051	1.24266e+11
0.052	1.2155e+11
0.053	1.18879e+11
0.054	1.16264e+11
0.055	1.13737e+11
0.056	1.11239e+11
0.057	1.08815e+11
0.058	1.06455e+11
0.059	1.04124e+11
0.06	1.01875e+11
0.061	9.96673e+10
0.062	9.74988e+10
0.063	9.5407e+10
0.064	9.33401e+10
0.065	9.1326e+10
0.066	8.93746e+10
0.067	8.74423e+10
0.068	8.5572e+10
0.069	8.37474e+10
0.07	8.19441e+10
0.071	8.02054e+10
0.072	7.84973e+10
0.073	7.68171e+10
0.074	7.5198e+10
0.075	7.35985e+10
0.076	7.20344e+10
0.077	7.05239e+10
0.078	6.90269e+10
0.079	6.75711e+10
0.08	6.61598e+10
0.081	6.47596e+10
0.082	6.34042e+10
0.083	6.20842e+10
0.084	6.07753e+10
0.085	5.95125e+10
0.086	5.82772e+10
0.087	5.70542e+10
0.088	5.58767e+10
0.089	5.47202e+10
0.09	5.35777e+10
0.091	5.24789e+10
0.092	5.13961e+10
0.093	5.03287e+10
0.094	4.93025e+10
0.095	4.82888e+10
0.096	4.72912e+10
0.097	4.63323e+10
0.098	4.53834e+10
0.099	4.44506e+10
0.1	4.35542e+10
0.101	4.2666e+10
0.102	4.17933e+10
0.103	4.0955e+10
0.104	4.01237e+10
0.105	3.93067e+10
0.106	3.85224e+10
0.107	3.77446e+10
0.108	3.69792e+10
0.109	3.6245e+10
0.11	3.55175e+10
0.111	3.48e+10
0.112	3.41124e+10
0.113	3.34322e+10
0.114	3.27592e+10
0.115	3.21147e+10
0.116	3.14789e+10
0.117	3.08476e+10
0.118	3.02428e+10
0.119	2.96487e+10
0.12	2.90565e+10
0.121	2.84881e+10
0.122	2.79333e+10
0.123	2.7378e+10
0.124	2.68431e+10
0.125	2.63247e+10
0.126	2.58047e+10
0.127	2.53005e+10
0.128	2.48155e+10
0.129	2.43295e+10
0.13	2.38538e+10
0.131	2.33992e+10
0.132	2.29458e+10
0.133	2.24971e+10
0.134	2.20694e+10
0.135	2.16472e+10
0.136	2.12247e+10
0.137	2.08208e+10
0.138	2.04274e+10
0.139	2.00313e+10
0.14	1.96484e+10
0.141	1.9281e+10
0.142	1.89113e+10
0.143	1.85482e+10
0.144	1.82029e+10
0.145	1.78594e+10
0.146	1.7516e+10
0.147	1.7189e+10
0.148	1.68701e+10
0.149	1.65477e+10
0.15	1.62362e+10
0.151	1.59385e+10
0.152	1.56385e+10
0.153	1.53418e+10
0.154	1.50608e+10
0.155	1.47834e+10
0.156	1.4503e+10
0.157	1.42347e+10
0.158	1.39771e+10
0.159	1.37158e+10
0.16	1.34588e+10
0.161	1.32161e+10
0.162	1.29752e+10
0.163	1.27314e+10
0.164	1.24989e+10
0.165	1.22758e+10
0.166	1.20489e+10
0.167	1.18251e+10
0.168	1.16145e+10
0.169	1.14061e+10
0.17	1.1194e+10
0.171	1.09908e+10
0.172	1.07978e+10
0.173	1.06017e+10
0.174	1.04058e+10
0.175	1.02216e+10
0.176	1.00422e+10
0.177	9.85827e+09
0.178	9.67901e+09
0.179	9.511e+09
0.18	9.34305e+09
0.181	9.17158e+09
0.182	9.00832e+09
0.183	8.85374e+09
0.184	8.69607e+09
0.185	8.53735e+09
0.186	8.38858e+09
0.187	8.24532e+09
0.188	8.09753e+09
0.189	7.9513e+09
0.19	7.81527e+09
0.191	7.68193e+09
0.192	7.54383e+09
0.193	7.40931e+09
0.194	7.28444e+09
0.195	7.16017e+09
0.196	7.03145e+09
0.197	6.90763e+09
0.198	6.79263e+09
0.199	6.67688e+09
0.2	6.55712e+09
0.201	6.44287e+09
0.202	6.33672e+09
0.203	6.22913e+09
0.204	6.11778e+09
0.205	6.01202e+09
0.206	5.91389e+09
0.207	5.81416e+09
0.208	5.71065e+09
0.209	5.61234e+09
0.21	5.52151e+09
0.211	5.42938e+09
0.212	5.33321e+09
0.213	5.24141e+09
0.214	5.15714e+09
0.215	5.07238e+09
0.216	4.9832e+09
0.217	4.89706e+09
0.218	4.81855e+09
0.219	4.74084e+09
0.22	4.6585e+09
0.221	4.5774e+09
0.222	4.50371e+09
0.223	4.4326e+09
0.224	4.35713e+09
0.225	4.28076e+09
0.226	4.21088e+09
0.227	4.14557e+09
0.228	4.07709e+09
0.229	4.00561e+09
0.23	3.93867e+09
0.231	3.87793e+09
0.232	3.81634e+09
0.233	3.7504e+09
0.234	3.68602e+09
0.235	3.62827e+09
0.236	3.57281e+09
0.237	3.51331e+09
0.238	3.452e+09
0.239	3.39579e+09
0.24	3.34476e+09
0.241	3.29212e+09
0.242	3.23539e+09
0.243	3.18023e+09
0.244	3.13123e+09
0.245	3.08453e+09
0.246	3.03412e+09
0.247	2.98127e+09
0.248	2.93243e+09
0.249	2.88901e+09
0.25	2.84535e+09
0.251	2.79745e+09
0.252	2.74906e+09
0.253	2.70578e+09
0.254	2.66663e+09
0.255	2.6256e+09
0.256	2.58063e+09
0.257	2.53657e+09
0.258	2.4979e+09
0.259	2.46223e+09
0.26	2.42387e+09
0.261	2.38201e+09
0.262	2.34176e+09
0.263	2.30681e+09
0.264	2.27425e+09
0.265	2.23877e+09
0.266	2.19999e+09
0.267	2.16287e+09
0.268	2.13085e+09
0.269	2.10122e+09
0.27	2.06887e+09
0.271	2.0331e+09
0.272	1.99845e+09
0.273	1.96864e+09
0.274	1.94172e+09
0.275	1.91272e+09
0.276	1.88004e+09
0.277	1.84738e+09
0.278	1.819e+09
0.279	1.79433e+09
0.28	1.76882e+09
0.281	1.73957e+09
0.282	1.70881e+09
0.283	1.68111e+09
0.284	1.65783e+09
0.285	1.63556e+09
0.286	1.61027e+09
0.287	1.58196e+09
0.288	1.5546e+09
0.289	1.53147e+09
0.29	1.51144e+09
0.291	1.49032e+09
0.292	1.46565e+09
0.293	1.43929e+09
0.294	1.41536e+09
0.295	1.39564e+09
0.296	1.37775e+09
0.297	1.35774e+09
0.298	1.33432e+09
0.299	1.31013e+09
0.3	1.28889e+09
0.301	1.27158e+09
0.302	1.25548e+09
0.303	1.23701e+09
0.304	1.21529e+09
0.305	1.19295e+09
0.306	1.17347e+09
0.307	1.1578e+09
0.308	1.14348e+09
0.309	1.12708e+09
0.31	1.10743e+09
0.311	1.0866e+09
0.312	1.06798e+09
0.313	1.05312e+09
0.314	1.0404e+09
0.315	1.02655e+09
0.316	1.00954e+09
0.317	9.90328e+08
0.318	9.71935e+08
0.319	9.56838e+08
0.32	9.449e+08
0.321	9.33552e+08
0.322	9.19957e+08
0.323	9.03309e+08
0.324	8.85421e+08
0.325	8.69214e+08
0.326	8.5641e+08
0.327	8.46235e+08
0.328	8.36074e+08
0.329	8.23483e+08
0.33	8.07996e+08
0.331	7.91404e+08
0.332	7.76393e+08
0.333	7.64607e+08
0.334	7.55518e+08
0.335	7.46852e+08
0.336	7.36198e+08
0.337	7.22631e+08
0.338	7.07282e+08
0.339	6.9253e+08
0.34	6.80428e+08
0.341	6.71406e+08
0.342	6.64047e+08
0.343	6.56024e+08
0.344	6.45535e+08
0.345	6.32366e+08
0.346	6.17963e+08
0.347	6.04537e+08
0.348	5.93776e+08
0.349	5.85918e+08
0.35	5.79664e+08
0.351	5.72936e+08
0.352	5.64008e+08
0.353	5.52396e+08
0.354	5.39058e+08
0.355	5.25864e+08
0.356	5.14626e+08
0.357	5.06228e+08
0.358	5.00228e+08
0.359	4.95122e+08
0.36	4.89068e+08
0.361	4.80727e+08
0.362	4.69833e+08
0.363	4.5726e+08
0.364	4.4461e+08
0.365	4.33517e+08
0.366	4.24987e+08
0.367	4.19026e+08
0.368	4.1468e+08
0.369	4.10436e+08
0.37	4.048e+08
0.371	3.96832e+08
0.372	3.8645e+08
0.373	3.74412e+08
0.374	3.62027e+08
0.375	3.50701e+08
0.376	3.41494e+08
0.377	3.3481e+08
0.378	3.30312e+08
0.379	3.27056e+08
0.38	3.2379e+08
0.381	3.19303e+08
0.382	3.12741e+08
0.383	3.03797e+08
0.384	2.92757e+08
0.385	2.80389e+08
0.386	2.6774e+08
0.387	2.55887e+08
0.388	2.45714e+08
0.389	2.37737e+08
0.39	2.32043e+08
0.391	2.28294e+08
0.392	2.25826e+08
0.393	2.23781e+08
0.394	2.21259e+08
0.395	2.17453e+08
0.396	2.11756e+08
0.397	2.03817e+08
0.398	1.93558e+08
0.399	1.81149e+08
0.4	1.6696e+08
0.401	1.51491e+08
0.402	1.35308e+08
0.403	1.18975e+08
0.404	1.03011e+08
0.405	8.78472e+07
0.406	7.38145e+07
0.407	6.11342e+07
0.408	4.99255e+07
0.409	4.02183e+07
0.41	3.19707e+07
0.411	2.50883e+07
0.412	1.94419e+07
0.413	1.48834e+07
0.414	1.12592e+07
0.415	8.41962e+06
0.416	6.22574e+06
0.417	4.55331e+06
0.418	3.29474e+06
0.419	2.35933e+06
0.42	1.67239e+06
0.421	1.17374e+06
0.422	815814
0.423	561681
0.424	383140
0.425	258989
0.426	173518
0.427	115246
0.428	75892.4
0.429	49560.8
0.43	32100.7
0.431	20624.9
0.432	13147.3
0.433	8315.94
0.434	5220.04
0.435	3252.24
0.436	2011.37
0.437	1234.97
0.438	752.885
0.439	455.78
0.44	274.023
0.441	163.633
0.442	97.062
0.443	57.1963
0.444	33.4865
0.445	19.4803
0.446	11.2612
0.447	6.46957
0.448	3.69408
0.449	2.0966
0.45	1.18287
0.451	0.663444
0.452	0.369959
0.453	0.205124
0.454	0.11309
0.455	0.0620028
0.456	0.0338069
0.457	0.0183332
0.458	0.00988863
0.459	0.00530554
0.46	0.00283169
0.461	0.00150353
0.462	0.000794247
0.463	0.000417446
0.464	0.00021831
0.465	0.000113606
0.466	5.88304e-05
0.467	3.03183e-05
0.468	1.55501e-05
0.469	7.93792e-06
0.47	4.0332e-06
0.471	2.03978e-06
0.472	1.02691e-06
0.473	5.14651e-07
0.474	2.56773e-07
0.475	1.27544e-07
0.476	6.30762e-08
0.477	3.10589e-08
0.478	1.5228e-08
0.479	7.43446e-09
0.48	3.61434e-09
0.481	1.74984e-09
0.482	8.43676e-10
0.483	4.05116e-10
0.484	1.93744e-10
0.485	9.22864e-11
0.486	4.37849e-11
0.487	2.06919e-11
0.488	9.74034e-12
0.489	4.56747e-12
0.49	2.13359e-12
0.491	9.92916e-13
0.492	4.60315e-13
0.493	2.12606e-13
0.494	9.78336e-14
0.495	4.48499e-14
0.496	2.04872e-14
0.497	9.32254e-15
0.498	4.22306e-15
0.499	1.90038e-15
0.5	8.5054e-16
0.501	3.77587e-16
0.502	1.66488e-16
0.503	7.24352e-17
0.504	3.1021e-17
0.505	1.31733e-17
0.506	5.57116e-18
0.507	2.50165e-18
0.508	1.19223e-18
0.509	5.9064e-19
0.51	6.1759e-19
0.511	5.18078e-19
0.512	6.30231e-19
0.513	6.06238e-19
0.514	5.27068e-19
0.515	5.56243e-19
0.516	3.66993e-19
0.517	4.63227e-19
0.518	3.37958e-19
0.519	3.50056e-19
0.52	3.25383e-19
0.521	3.04692e-19
0.522	3.11524e-19
0.523	2.83779e-19
0.524	3.41623e-19
0.525	3.54408e-19
0.526	4.49809e-19
0.527	5.61929e-19
0.528	5.40659e-19
0.529	5.7243e-19
0.53	4.5841e-19
0.531	6.1622e-19
0.532	5.90413e-19
0.533	4.0847e-19
0.534	3.96215e-19
0.535	3.45231e-19
0.536	5.47404e-19
0.537	4.98e-19
0.538	5.58345e-19
0.539	5.67693e-19
0.54	4.40751e-19
0.541	4.69422e-19
0.542	3.67616e-19
0.543	3.11439e-19
0.544	2.1247e-19
0.545	2.46998e-19
0.546	2.45661e-19
0.547	3.72747e-19
0.548	3.79328e-19
0.549	4.99976e-19
0.55	5.72158e-19
0.551	4.56159e-19
0.552	4.73195e-19
0.553	4.77835e-19
0.554	3.87369e-19
0.555	3.1392e-19
0.556	3.23592e-19
0.557	2.20911e-19
0.558	3.95053e-19
0.559	4.34131e-19
0.56	3.51699e-19
0.561	3.07908e-19
0.562	3.08714e-19
0.563	3.88881e-19
0.564	4.54536e-19
0.565	4.52387e-19
0.566	5.08455e-19
0.567	6.45124e-19
0.568	5.85043e-19
0.569	5.91147e-19
0.57	6.43333e-19
0.571	4.76035e-19
0.572	7.37894e-19
0.573	7.03109e-19
0.574	3.99887e-19
0.575	4.64427e-19
0.576	3.58697e-19
0.577	4.0392e-19
0.578	3.13325e-19
0.579	4.87906e-19
0.58	5.17327e-19
0.581	6.0024e-19
0.582	5.39527e-19
0.583	3.75633e-19
0.584	3.57092e-19
0.585	3.09707e-19
0.586	2.48217e-19
0.587	2.7064e-19
0.588	2.675e-19
0.589	3.8176e-19
0.59	2.70695e-19
0.591	2.2545e-19
0.592	3.3074e-19
0.593	2.52817e-19
0.594	1.84596e-19
0.595	2.42742e-19
0.596	2.92157e-19
0.597	3.81491e-19
0.598	3.4985e-19
0.599	4.43334e-19
0.6	5.00173e-19
0.601	4.06694e-19
0.602	6.12909e-19
0.603	5.04276e-19
0.604	5.19612e-19
0.605	5.97728e-19
0.606	3.39425e-19
0.607	3.3007e-19
0.608	3.38318e-19
0.609	3.32607e-19
0.61	3.14027e-19
0.611	3.6234e-19
0.612	3.68368e-19
0.613	3.44006e-19
0.614	3.98153e-19
0.615	2.73131e-19
0.616	3.12648e-19
0.617	2.61332e-19
0.618	1.82584e-19
0.619	1.99126e-19
0.62	2.06348e-19
0.621	1.73305e-19
0.622	2.4973e-19
0.623	1.58124e-19
0.624	1.82592e-19
0.625	2.83771e-19
0.626	1.57673e-19
0.627	2.38257e-19
0.628	3.64382e-19
0.629	2.82818e-19
0.63	2.63244e-19
0.631	3.72786e-19
0.632	2.29839e-19
0.633	3.40828e-19
0.634	3.72694e-19
0.635	3.19175e-19
0.636	3.86377e-19
0.637	3.07905e-19
0.638	5.53382e-19
0.639	7.73417e-19
0.64	3.53025e-19
0.641	5.15482e-19
0.642	5.01909e-19
0.643	3.14648e-19
0.644	4.91958e-19
0.645	3.59421e-19
0.646	3.15408e-19
0.647	4.73526e-19
0.648	3.91296e-19
0.649	3.96069e-19
0.65	3.60008e-19
0.651	1.99615e-19
0.652	5.04141e-19
0.653	3.0028e-19
0.654	3.94575e-19
0.655	3.89944e-19
0.656	3.58059e-19
0.657	4.25064e-19
0.658	2.77408e-19
0.659	2.64262e-19
0.66	3.83205e-19
0.661	4.25106e-19
0.662	4.5038e-19
0.663	4.49065e-19
0.664	3.6232e-19
0.665	3.07602e-19
0.666	4.82067e-19
0.667	3.97395e-19
0.668	1.71352e-19
0.669	2.29107e-19
0.67	2.04081e-19
0.671	1.79645e-19
0.672	2.66506e-19
0.673	1.98632e-19
0.674	2.36383e-19
0.675	2.3699e-19
0.676	1.57185e-19
0.677	2.2938e-19
0.678	1.98341e-19
0.679	2.78115e-19
0.68	2.99799e-19
0.681	2.9989e-19
0.682	4.32361e-19
0.683	3.74585e-19
0.684	3.34546e-19
0.685	5.06742e-19
0.686	3.06544e-19
0.687	2.30202e-19
0.688	3.97354e-19
0.689	3.15654e-19
0.69	4.01846e-19
0.691	3.6189e-19
0.692	2.83491e-19
0.693	2.83217e-19
0.694	2.88772e-19
0.695	2.63278e-19
0.696	3.75302e-19
0.697	1.22263e-19
0.698	1.79412e-19
0.699	2.07115e-19
0.7	2.10596e-19
0.701	2.67311e-19
0.702	3.43162e-19
0.703	3.01367e-19
0.704	4.63652e-19
0.705	3.15344e-19
0.706	2.24413e-19
0.707	4.46327e-19
0.708	2.37021e-19
0.709	4.29118e-19
0.71	4.99792e-19
0.711	2.74055e-19
0.712	3.98591e-19
0.713	2.91843e-19
0.714	2.86906e-19
0.715	2.90139e-19
0.716	1.8064e-19
0.717	1.24414e-19
0.718	1.5958e-19
0.719	1.96896e-19
0.72	1.4609e-19
0.721	3.50821e-19
0.722	1.81985e-19
0.723	3.76973e-19
0.724	3.13464e-19
0.725	3.20266e-19
0.726	1.90651e-19
0.727	3.38719e-19
0.728	2.22364e-19
0.729	2.12036e-19
0.73	2.67617e-19
0.731	2.80729e-19
0.732	3.87354e-19
0.733	2.81808e-19
0.734	2.55334e-19
0.735	2.35825e-19
0.736	1.97457e-19
0.737	2.78009e-19
0.738	2.40019e-19
0.739	2.47821e-19
0.74	1.92654e-19
0.741	1.20729e-19
0.742	1.72687e-19
0.743	1.36082e-19
0.744	1.36106e-19
0.745	1.29342e-19
0.746	1.6252e-19
0.747	1.7424e-19
0.748	1.71581e-19
0.749	1.55435e-19
0.75	1.94598e-19
0.751	1.48391e-19
0.752	1.51357e-19
0.753	1.63642e-19
0.754	1.56242e-19
0.755	1.44791e-19
0.756	1.428e-19
0.757	2.1183e-19
0.758	2.80397e-19
0.759	2.37252e-19
0.76	2.93355e-19
0.761	3.11357e-19
0.762	2.55569e-19
0.763	3.40559e-19
0.764	2.26991e-19
0.765	2.51863e-19
0.766	2.52893e-19
0.767	1.54193e-19
0.768	2.37441e-19
0.769	1.85115e-19
0.77	1.43215e-19
0.771	1.42061e-19
0.772	2.35181e-19
0.773	1.83878e-19
0.774	2.36669e-19
0.775	3.61475e-19
0.776	2.09558e-19
0.777	1.81914e-19
0.778	2.48517e-19
0.779	1.5666e-19
0.78	2.07947e-19
0.781	3.77525e-19
0.782	2.12351e-19
0.783	2.10756e-19
0.784	1.91062e-19
0.785	2.2912e-19
0.786	2.10655e-19
0.787	1.77825e-19
0.788	1.23149e-19
0.789	1.05018e-19
0.79	1.2593e-19
0.791	1.74778e-19
0.792	2.28465e-19
0.793	2.16529e-19
0.794	2.01804e-19
0.795	3.31876e-19
0.796	3.02357e-19
0.797	2.59714e-19
0.798	3.98672e-19
0.799	2.35748e-19
0.8	2.81943e-19
0.801	3.28417e-19
0.802	2.08766e-19
0.803	2.25781e-19
0.804	3.69408e-19
0.805	3.9975e-19
0.806	3.25007e-19
0.807	2.76062e-19
0.808	2.0394e-19
0.809	2.86821e-19
0.81	2.07307e-19
0.811	3.37503e-19
0.812	2.66453e-19
0.813	3.24273e-19
0.814	2.33123e-19
0.815	2.5241e-19
0.816	1.08629e-19
0.817	9.67023e-20
0.818	1.37505e-19
0.819	1.86203e-19
0.82	2.14767e-19
0.821	2.16792e-19
0.822	1.85035e-19
0.823	1.81207e-19
0.824	1.72131e-19
0.825	2.64301e-19
0.826	2.18157e-19
0.827	2.63466e-19
0.828	3.70219e-19
0.829	2.67923e-19
0.83	1.98524e-19
0.831	2.52942e-19
0.832	3.42285e-19
0.833	1.68847e-19
0.834	2.90735e-19
0.835	1.90072e-19
0.836	2.3645e-19
0.837	1.48866e-19
0.838	1.05251e-19
0.839	2.81336e-19
0.84	2.879e-19
0.841	2.84074e-19
0.842	3.36506e-19
0.843	1.62528e-19
0.844	1.75804e-19
0.845	1.1013e-19
0.846	2.34385e-19
0.847	2.24375e-19
0.848	1.83181e-19
0.849	2.15485e-19
0.85	2.00038e-19
0.851	1.49922e-19
0.852	1.38343e-19
0.853	1.82904e-19
0.854	2.0165e-19
0.855	1.5994e-19
0.856	1.80419e-19
0.857	1.31517e-19
0.858	1.38933e-19
0.859	2.5575e-19
0.86	2.87162e-19
0.861	1.74243e-19
0.862	3.13704e-19
0.863	1.79262e-19
0.864	1.48776e-19
0.865	2.91963e-19
0.866	1.16346e-19
0.867	1.03726e-19
0.868	1.69274e-19
0.869	1.56602e-19
0.87	2.44696e-19
0.871	2.45202e-19
0.872	1.56953e-19
0.873	3.49351e-19
0.874	2.49021e-19
0.875	1.766e-19
0.876	4.4542e-19
0.877	1.35649e-19
0.878	2.17004e-19
0.879	3.17443e-19
0.88	1.41585e-19
0.881	2.44773e-19
0.882	1.75074e-19
0.883	1.64459e-19
0.884	2.72126e-19
0.885	1.20294e-19
0.886	1.75015e-19
0.887	2.43342e-19
0.888	1.35098e-19
0.889	2.54126e-19
0.89	2.12032e-19
0.891	2.34964e-19
0.892	2.47695e-19
0.893	1.84906e-19
0.894	1.87661e-19
0.895	2.02169e-19
0.896	2.25869e-19
0.897	1.89378e-19
0.898	2.17348e-19
0.899	2.33254e-19
0.9	1.37825e-19
0.901	1.97301e-19
0.902	2.06612e-19
0.903	1.32428e-19
0.904	2.18434e-19
0.905	1.49798e-19
0.906	2.12568e-19
0.907	2.90087e-19
0.908	1.94947e-19
0.909	1.42335e-19
0.91	2.24609e-19
0.911	1.87577e-19
0.912	2.52789e-19
0.913	2.7361e-19
0.914	3.97827e-19
0.915	2.96795e-19
0.916	3.15462e-19
0.917	4.97634e-19
0.918	2.41763e-19
0.919	4.92679e-19
0.92	3.46527e-19
0.921	2.75573e-19
0.922	4.96819e-19
0.923	2.62703e-19
0.924	3.13863e-19
0.925	4.78092e-19
0.926	2.04701e-19
0.927	3.88842e-19
0.928	6.19531e-19
0.929	1.57462e-19
0.93	5.16916e-19
0.931	3.43921e-19
0.932	1.64229e-19
0.933	4.85727e-19
0.934	1.56051e-19
0.935	2.45908e-19
0.936	5.08997e-19
0.937	1.86169e-19
0.938	2.7048e-19
0.939	4.37421e-19
0.94	1.49124e-19
0.941	2.36382e-19
0.942	3.75719e-19
0.943	1.87432e-19
0.944	2.53907e-19
0.945	3.25392e-19
0.946	1.27206e-19
0.947	2.3693e-19
0.948	2.22448e-19
0.949	1.89483e-19
0.95	2.2532e-19
0.951	2.17673e-19
0.952	2.0485e-19
0.953	1.61628e-19
0.954	2.88787e-19
0.955	2.33634e-19
0.956	2.04335e-19
0.957	2.27285e-19
0.958	1.98685e-19
0.959	1.42578e-19
0.96	2.46872e-19
0.961	2.22943e-19
0.962	2.21632e-19
0.963	5.54201e-19
0.964	4.25547e-19
0.965	2.58705e-19
0.966	5.46045e-19
0.967	4.5169e-19
0.968	2.76552e-19
0.969	3.64857e-19
0.97	5.02325e-19
0.971	3.82461e-19
0.972	3.35467e-19
0.973	4.22172e-19
0.974	2.66421e-19
0.975	1.8212e-19
0.976	8.65763e-19
0.977	3.28959e-19
0.978	2.06774e-19
0.979	8.20479e-19
0.98	2.71964e-19
0.981	2.74928e-19
0.982	8.06349e-19
0.983	3.46048e-19
0.984	2.65049e-19
0.985	5.20357e-19
0.986	3.34402e-19
0.987	5.90699e-19
0.988	5.3127e-19
0.989	3.69397e-19
0.99	3.80813e-19
0.991	3.69794e-19
0.992	4.2074e-19
0.993	4.44994e-19
0.994	3.39388e-19
0.995	4.33242e-19
0.996	5.40622e-19
0.997	2.20263e-19
0.998	3.57676e-19
0.999	3.70786e-19
1	0
