0	0
0.001	9.20377e+10
0.002	2.64666e+11
0.003	3.77354e+11
0.004	4.14515e+11
0.005	4.16186e+11
0.006	4.08284e+11
0.007	3.98987e+11
0.008	3.89472e+11
0.009	3.80401e+11
0.01	3.71368e+11
0.011	3.62667e+11
0.012	3.54172e+11
0.013	3.45814e+11
0.014	3.37794e+11
0.015	3.29831e+11
0.016	3.22177e+11
0.017	3.14661e+11
0.018	3.07313e+11
0.019	3.00223e+11
0.02	2.93203e+11
0.021	2.86452e+11
0.022	2.79812e+11
0.023	2.73334e+11
0.024	2.67067e+11
0.025	2.60873e+11
0.026	2.54909e+11
0.027	2.49045e+11
0.028	2.43322e+11
0.029	2.37784e+11
0.03	2.32312e+11
0.031	2.27036e+11
0.032	2.21857e+11
0.033	2.16793e+11
0.034	2.11897e+11
0.035	2.07061e+11
0.036	2.02387e+11
0.037	1.97813e+11
0.038	1.93325e+11
0.039	1.88994e+11
0.04	1.84717e+11
0.041	1.8057e+11
0.042	1.7653e+11
0.043	1.7255e+11
0.044	1.68711e+11
0.045	1.64932e+11
0.046	1.61244e+11
0.047	1.57673e+11
0.048	1.54144e+11
0.049	1.50733e+11
0.05	1.47395e+11
0.051	1.44114e+11
0.052	1.40949e+11
0.053	1.37827e+11
0.054	1.34786e+11
0.055	1.31836e+11
0.056	1.28921e+11
0.057	1.26103e+11
0.058	1.23346e+11
0.059	1.20633e+11
0.06	1.18016e+11
0.061	1.15436e+11
0.062	1.12917e+11
0.063	1.10479e+11
0.064	1.08067e+11
0.065	1.0573e+11
0.066	1.03452e+11
0.067	1.01202e+11
0.068	9.90319e+10
0.069	9.69004e+10
0.07	9.48055e+10
0.071	9.27858e+10
0.072	9.07907e+10
0.073	8.88427e+10
0.074	8.69591e+10
0.075	8.50928e+10
0.076	8.32819e+10
0.077	8.1522e+10
0.078	7.97781e+10
0.079	7.80937e+10
0.08	7.64474e+10
0.081	7.48195e+10
0.082	7.32512e+10
0.083	7.17102e+10
0.084	7.01916e+10
0.085	6.87299e+10
0.086	6.72872e+10
0.087	6.58708e+10
0.088	6.4507e+10
0.089	6.31565e+10
0.09	6.18354e+10
0.091	6.05618e+10
0.092	5.92978e+10
0.093	5.80652e+10
0.094	5.68751e+10
0.095	5.56922e+10
0.096	5.45416e+10
0.097	5.34291e+10
0.098	5.23221e+10
0.099	5.12474e+10
0.1	5.02071e+10
0.101	4.91713e+10
0.102	4.81667e+10
0.103	4.71939e+10
0.104	4.62245e+10
0.105	4.52847e+10
0.106	4.4375e+10
0.107	4.34678e+10
0.108	4.2588e+10
0.109	4.17372e+10
0.11	4.08882e+10
0.111	4.00638e+10
0.112	3.9268e+10
0.113	3.84736e+10
0.114	3.77004e+10
0.115	3.69559e+10
0.116	3.62129e+10
0.117	3.54871e+10
0.118	3.47903e+10
0.119	3.40957e+10
0.12	3.34138e+10
0.121	3.2761e+10
0.122	3.21122e+10
0.123	3.14714e+10
0.124	3.08589e+10
0.125	3.02533e+10
0.126	2.96512e+10
0.127	2.90754e+10
0.128	2.85104e+10
0.129	2.79452e+10
0.13	2.74027e+10
0.131	2.68756e+10
0.132	2.63461e+10
0.133	2.58339e+10
0.134	2.53412e+10
0.135	2.48466e+10
0.136	2.43624e+10
0.137	2.39005e+10
0.138	2.34398e+10
0.139	2.29825e+10
0.14	2.25473e+10
0.141	2.21189e+10
0.142	2.16885e+10
0.143	2.12763e+10
0.144	2.08774e+10
0.145	2.04748e+10
0.146	2.00831e+10
0.147	1.97098e+10
0.148	1.93354e+10
0.149	1.89638e+10
0.15	1.86112e+10
0.151	1.82643e+10
0.152	1.79141e+10
0.153	1.75782e+10
0.154	1.72556e+10
0.155	1.69291e+10
0.156	1.66084e+10
0.157	1.6305e+10
0.158	1.60032e+10
0.159	1.56991e+10
0.16	1.54096e+10
0.161	1.51303e+10
0.162	1.48463e+10
0.163	1.45684e+10
0.164	1.43061e+10
0.165	1.40444e+10
0.166	1.378e+10
0.167	1.35288e+10
0.168	1.32872e+10
0.169	1.30409e+10
0.17	1.27986e+10
0.171	1.25708e+10
0.172	1.2345e+10
0.173	1.21149e+10
0.174	1.18949e+10
0.175	1.1686e+10
0.176	1.14737e+10
0.177	1.12612e+10
0.178	1.10616e+10
0.179	1.08677e+10
0.18	1.06685e+10
0.181	1.04739e+10
0.182	1.02919e+10
0.183	1.01106e+10
0.184	9.92477e+09
0.185	9.74729e+09
0.186	9.5801e+09
0.187	9.41008e+09
0.188	9.23779e+09
0.189	9.07588e+09
0.19	8.92131e+09
0.191	8.76206e+09
0.192	8.60292e+09
0.193	8.45481e+09
0.194	8.31137e+09
0.195	8.16257e+09
0.196	8.01575e+09
0.197	7.87983e+09
0.198	7.74655e+09
0.199	7.60782e+09
0.2	7.47227e+09
0.201	7.34713e+09
0.202	7.22338e+09
0.203	7.09428e+09
0.204	6.96884e+09
0.205	6.85331e+09
0.206	6.73864e+09
0.207	6.61867e+09
0.208	6.5022e+09
0.209	6.39528e+09
0.21	6.28931e+09
0.211	6.17801e+09
0.212	6.06945e+09
0.213	5.97017e+09
0.214	5.87254e+09
0.215	5.76956e+09
0.216	5.66802e+09
0.217	5.57537e+09
0.218	5.48565e+09
0.219	5.3908e+09
0.22	5.2956e+09
0.221	5.20854e+09
0.222	5.1261e+09
0.223	5.03934e+09
0.224	4.95017e+09
0.225	4.86764e+09
0.226	4.79152e+09
0.227	4.71281e+09
0.228	4.62985e+09
0.229	4.55102e+09
0.23	4.47984e+09
0.231	4.40885e+09
0.232	4.33272e+09
0.233	4.25733e+09
0.234	4.18944e+09
0.235	4.12515e+09
0.236	4.05663e+09
0.237	3.98533e+09
0.238	3.91934e+09
0.239	3.85979e+09
0.24	3.79907e+09
0.241	3.73347e+09
0.242	3.66907e+09
0.243	3.61171e+09
0.244	3.55753e+09
0.245	3.49934e+09
0.246	3.43802e+09
0.247	3.38099e+09
0.248	3.33038e+09
0.249	3.27983e+09
0.25	3.22442e+09
0.251	3.16821e+09
0.252	3.11781e+09
0.253	3.0723e+09
0.254	3.02475e+09
0.255	2.97265e+09
0.256	2.92154e+09
0.257	2.87664e+09
0.258	2.83522e+09
0.259	2.79068e+09
0.26	2.74214e+09
0.261	2.69557e+09
0.262	2.65512e+09
0.263	2.6173e+09
0.264	2.57599e+09
0.265	2.531e+09
0.266	2.4882e+09
0.267	2.45129e+09
0.268	2.41685e+09
0.269	2.37906e+09
0.27	2.33751e+09
0.271	2.29767e+09
0.272	2.26348e+09
0.273	2.23224e+09
0.274	2.19824e+09
0.275	2.16015e+09
0.276	2.12263e+09
0.277	2.09027e+09
0.278	2.0618e+09
0.279	2.03182e+09
0.28	1.99751e+09
0.281	1.96206e+09
0.282	1.93063e+09
0.283	1.90405e+09
0.284	1.87797e+09
0.285	1.84804e+09
0.286	1.8151e+09
0.287	1.784e+09
0.288	1.75795e+09
0.289	1.73485e+09
0.29	1.70977e+09
0.291	1.68059e+09
0.292	1.65025e+09
0.293	1.62339e+09
0.294	1.60124e+09
0.295	1.58033e+09
0.296	1.55635e+09
0.297	1.52872e+09
0.298	1.50112e+09
0.299	1.47754e+09
0.3	1.45814e+09
0.301	1.43916e+09
0.302	1.41685e+09
0.303	1.39118e+09
0.304	1.36581e+09
0.305	1.34439e+09
0.306	1.32697e+09
0.307	1.31008e+09
0.308	1.2901e+09
0.309	1.26665e+09
0.31	1.24289e+09
0.311	1.22251e+09
0.312	1.2063e+09
0.313	1.19156e+09
0.314	1.17456e+09
0.315	1.15386e+09
0.316	1.13153e+09
0.317	1.11124e+09
0.318	1.09508e+09
0.319	1.08185e+09
0.32	1.06814e+09
0.321	1.05119e+09
0.322	1.03112e+09
0.323	1.01074e+09
0.324	9.93262e+08
0.325	9.79749e+08
0.326	9.68349e+08
0.327	9.55796e+08
0.328	9.39909e+08
0.329	9.21187e+08
0.33	9.02358e+08
0.331	8.86336e+08
0.332	8.7412e+08
0.333	8.64149e+08
0.334	8.53456e+08
0.335	8.3975e+08
0.336	8.22944e+08
0.337	8.05143e+08
0.338	7.89189e+08
0.339	7.76795e+08
0.34	7.67481e+08
0.341	7.58944e+08
0.342	7.48544e+08
0.343	7.34917e+08
0.344	7.18755e+08
0.345	7.02328e+08
0.346	6.88106e+08
0.347	6.77343e+08
0.348	6.69406e+08
0.349	6.62194e+08
0.35	6.53323e+08
0.351	6.4141e+08
0.352	6.2676e+08
0.353	6.11148e+08
0.354	5.96864e+08
0.355	5.85561e+08
0.356	5.77466e+08
0.357	5.71331e+08
0.358	5.65065e+08
0.359	5.56731e+08
0.36	5.45404e+08
0.361	5.31541e+08
0.362	5.16722e+08
0.363	5.0294e+08
0.364	4.9176e+08
0.365	4.83704e+08
0.366	4.78088e+08
0.367	4.73341e+08
0.368	4.67627e+08
0.369	4.59534e+08
0.37	4.48555e+08
0.371	4.3522e+08
0.372	4.20869e+08
0.373	4.07165e+08
0.374	3.95545e+08
0.375	3.86782e+08
0.376	3.80784e+08
0.377	3.76665e+08
0.378	3.7304e+08
0.379	3.68436e+08
0.38	3.61684e+08
0.381	3.52209e+08
0.382	3.4013e+08
0.383	3.26189e+08
0.384	3.11539e+08
0.385	2.9746e+08
0.386	2.8507e+08
0.387	2.7511e+08
0.388	2.67822e+08
0.389	2.6294e+08
0.39	2.59776e+08
0.391	2.57369e+08
0.392	2.54664e+08
0.393	2.5068e+08
0.394	2.44642e+08
0.395	2.36067e+08
0.396	2.24793e+08
0.397	2.1096e+08
0.398	1.94954e+08
0.399	1.77336e+08
0.4	1.58757e+08
0.401	1.39884e+08
0.402	1.21335e+08
0.403	1.03636e+08
0.404	8.71954e+07
0.405	7.22925e+07
0.406	5.90854e+07
0.407	4.76238e+07
0.408	3.78698e+07
0.409	2.97204e+07
0.41	2.30286e+07
0.411	1.76232e+07
0.412	1.33247e+07
0.413	9.95689e+06
0.414	7.35566e+06
0.415	5.37376e+06
0.416	3.88345e+06
0.417	2.77687e+06
0.418	1.96519e+06
0.419	1.3768e+06
0.42	955108
0.421	656222
0.422	446638
0.423	301200
0.424	201296
0.425	133344
0.426	87568.9
0.427	57021.3
0.428	36821.9
0.429	23584.5
0.43	14985.2
0.431	9446.64
0.432	5909.24
0.433	3668.46
0.434	2260.43
0.435	1382.63
0.436	839.621
0.437	506.258
0.438	303.124
0.439	180.251
0.44	106.461
0.441	62.4599
0.442	36.4043
0.443	21.0809
0.444	12.1297
0.445	6.93542
0.446	3.94092
0.447	2.22568
0.448	1.2494
0.449	0.697191
0.45	0.386765
0.451	0.213314
0.452	0.116978
0.453	0.0637865
0.454	0.0345882
0.455	0.0186522
0.456	0.0100038
0.457	0.0053366
0.458	0.00283173
0.459	0.00149471
0.46	0.000784885
0.461	0.000410039
0.462	0.000213128
0.463	0.000110224
0.464	5.67232e-05
0.465	2.90479e-05
0.466	1.48034e-05
0.467	7.50801e-06
0.468	3.7899e-06
0.469	1.90411e-06
0.47	9.52229e-07
0.471	4.74018e-07
0.472	2.34895e-07
0.473	1.15878e-07
0.474	5.69107e-08
0.475	2.78275e-08
0.476	1.35475e-08
0.477	6.56707e-09
0.478	3.16977e-09
0.479	1.52351e-09
0.48	7.292e-10
0.481	3.47572e-10
0.482	1.64991e-10
0.483	7.80025e-11
0.484	3.67289e-11
0.485	1.72254e-11
0.486	8.04664e-12
0.487	3.74418e-12
0.488	1.7354e-12
0.489	8.01252e-13
0.49	3.68524e-13
0.491	1.68865e-13
0.492	7.70768e-14
0.493	3.50577e-14
0.494	1.58876e-14
0.495	7.17268e-15
0.496	3.22326e-15
0.497	1.44661e-15
0.498	6.47405e-16
0.499	2.88612e-16
0.5	1.28581e-16
0.501	5.74628e-17
0.502	2.56917e-17
0.503	1.17725e-17
0.504	5.58396e-18
0.505	2.88735e-18
0.506	1.6636e-18
0.507	1.12205e-18
0.508	7.16065e-19
0.509	6.69555e-19
0.51	6.2412e-19
0.511	6.09526e-19
0.512	6.41521e-19
0.513	5.84808e-19
0.514	5.66143e-19
0.515	5.76512e-19
0.516	4.0884e-19
0.517	4.1091e-19
0.518	3.51074e-19
0.519	3.17462e-19
0.52	1.97274e-19
0.521	1.45217e-19
0.522	1.80148e-19
0.523	1.85687e-19
0.524	2.8563e-19
0.525	1.97237e-19
0.526	3.51429e-19
0.527	3.14329e-19
0.528	2.97539e-19
0.529	3.62001e-19
0.53	2.63067e-19
0.531	2.79955e-19
0.532	3.44968e-19
0.533	2.90872e-19
0.534	2.26727e-19
0.535	1.96176e-19
0.536	2.46519e-19
0.537	2.7829e-19
0.538	3.01236e-19
0.539	3.35276e-19
0.54	3.66342e-19
0.541	2.47481e-19
0.542	3.74523e-19
0.543	2.43622e-19
0.544	2.36773e-19
0.545	3.03911e-19
0.546	2.19064e-19
0.547	2.22798e-19
0.548	2.80637e-19
0.549	3.12453e-19
0.55	3.11551e-19
0.551	3.36745e-19
0.552	3.17373e-19
0.553	3.88363e-19
0.554	3.30631e-19
0.555	2.75573e-19
0.556	2.46542e-19
0.557	2.00692e-19
0.558	1.61581e-19
0.559	2.34229e-19
0.56	2.27998e-19
0.561	2.63893e-19
0.562	2.91216e-19
0.563	3.04685e-19
0.564	3.56065e-19
0.565	3.79512e-19
0.566	3.60491e-19
0.567	4.32759e-19
0.568	4.88087e-19
0.569	5.09376e-19
0.57	4.34592e-19
0.571	4.69933e-19
0.572	4.01893e-19
0.573	4.42117e-19
0.574	3.11921e-19
0.575	4.45763e-19
0.576	4.01366e-19
0.577	4.01878e-19
0.578	3.87876e-19
0.579	4.03208e-19
0.58	3.59555e-19
0.581	3.76703e-19
0.582	2.90905e-19
0.583	2.97059e-19
0.584	2.74089e-19
0.585	2.13534e-19
0.586	3.10658e-19
0.587	2.64166e-19
0.588	2.14548e-19
0.589	3.99718e-19
0.59	1.6463e-19
0.591	2.45521e-19
0.592	2.69893e-19
0.593	1.65662e-19
0.594	3.02327e-19
0.595	2.64052e-19
0.596	2.14518e-19
0.597	3.66059e-19
0.598	3.2287e-19
0.599	2.27385e-19
0.6	4.1615e-19
0.601	2.79446e-19
0.602	2.0611e-19
0.603	3.52333e-19
0.604	1.90959e-19
0.605	3.88447e-19
0.606	2.90967e-19
0.607	3.53622e-19
0.608	3.63191e-19
0.609	2.2106e-19
0.61	2.67244e-19
0.611	2.46008e-19
0.612	1.90647e-19
0.613	2.33087e-19
0.614	2.2649e-19
0.615	1.22727e-19
0.616	2.10976e-19
0.617	2.97739e-19
0.618	1.64119e-19
0.619	2.47262e-19
0.62	2.10975e-19
0.621	1.16238e-19
0.622	2.2678e-19
0.623	1.04109e-19
0.624	9.54243e-20
0.625	1.63812e-19
0.626	1.18372e-19
0.627	2.51312e-19
0.628	1.93167e-19
0.629	2.03452e-19
0.63	2.23015e-19
0.631	1.93022e-19
0.632	1.37962e-19
0.633	1.69443e-19
0.634	1.81085e-19
0.635	2.04103e-19
0.636	2.12982e-19
0.637	2.36213e-19
0.638	1.74557e-19
0.639	2.81272e-19
0.64	2.69297e-19
0.641	2.60344e-19
0.642	2.04276e-19
0.643	1.90775e-19
0.644	2.19278e-19
0.645	1.88659e-19
0.646	1.34267e-19
0.647	1.60066e-19
0.648	1.38316e-19
0.649	1.5583e-19
0.65	1.54267e-19
0.651	1.15196e-19
0.652	1.39329e-19
0.653	2.20245e-19
0.654	2.46411e-19
0.655	2.21637e-19
0.656	3.6635e-19
0.657	2.09282e-19
0.658	2.58189e-19
0.659	3.67931e-19
0.66	2.12419e-19
0.661	2.89414e-19
0.662	2.94254e-19
0.663	3.01487e-19
0.664	3.58221e-19
0.665	2.27489e-19
0.666	2.81826e-19
0.667	2.82091e-19
0.668	1.2188e-19
0.669	2.1559e-19
0.67	2.27584e-19
0.671	1.387e-19
0.672	2.94345e-19
0.673	1.99409e-19
0.674	2.04397e-19
0.675	3.166e-19
0.676	1.08752e-19
0.677	2.89874e-19
0.678	2.45341e-19
0.679	1.23427e-19
0.68	3.33344e-19
0.681	1.53531e-19
0.682	1.80073e-19
0.683	3.41969e-19
0.684	1.9186e-19
0.685	2.33937e-19
0.686	2.76392e-19
0.687	1.33147e-19
0.688	3.04919e-19
0.689	2.06094e-19
0.69	2.52344e-19
0.691	2.88522e-19
0.692	2.22821e-19
0.693	2.5728e-19
0.694	2.35329e-19
0.695	1.62113e-19
0.696	1.70638e-19
0.697	1.04397e-19
0.698	1.3477e-19
0.699	1.15035e-19
0.7	1.13336e-19
0.701	1.83768e-19
0.702	2.00252e-19
0.703	2.21265e-19
0.704	2.3355e-19
0.705	2.01577e-19
0.706	1.93383e-19
0.707	1.47201e-19
0.708	1.56846e-19
0.709	1.54937e-19
0.71	1.43015e-19
0.711	1.56422e-19
0.712	2.44357e-19
0.713	1.68249e-19
0.714	2.4095e-19
0.715	1.82701e-19
0.716	1.18821e-19
0.717	2.71919e-19
0.718	1.35026e-19
0.719	1.28546e-19
0.72	2.08382e-19
0.721	1.47815e-19
0.722	1.88337e-19
0.723	2.01806e-19
0.724	1.332e-19
0.725	1.58095e-19
0.726	1.4702e-19
0.727	1.90009e-19
0.728	2.5248e-19
0.729	2.21137e-19
0.73	2.54172e-19
0.731	2.93909e-19
0.732	1.92814e-19
0.733	2.76993e-19
0.734	2.66371e-19
0.735	1.66363e-19
0.736	2.61088e-19
0.737	2.57429e-19
0.738	1.80804e-19
0.739	2.03296e-19
0.74	2.0382e-19
0.741	1.30097e-19
0.742	1.64421e-19
0.743	1.435e-19
0.744	1.15685e-19
0.745	1.56055e-19
0.746	1.70395e-19
0.747	1.38605e-19
0.748	2.40927e-19
0.749	2.53167e-19
0.75	1.40566e-19
0.751	1.85698e-19
0.752	1.87906e-19
0.753	1.46464e-19
0.754	1.70877e-19
0.755	1.58342e-19
0.756	1.27907e-19
0.757	1.26694e-19
0.758	1.45474e-19
0.759	1.36806e-19
0.76	1.64672e-19
0.761	1.58772e-19
0.762	1.49568e-19
0.763	2.2155e-19
0.764	1.78344e-19
0.765	2.20258e-19
0.766	2.21335e-19
0.767	1.89562e-19
0.768	2.09768e-19
0.769	2.42552e-19
0.77	1.42843e-19
0.771	1.40071e-19
0.772	1.57924e-19
0.773	1.82565e-19
0.774	1.86985e-19
0.775	2.16909e-19
0.776	2.06333e-19
0.777	1.49617e-19
0.778	1.0488e-19
0.779	9.65545e-20
0.78	1.18105e-19
0.781	1.27929e-19
0.782	1.30876e-19
0.783	1.91638e-19
0.784	1.28901e-19
0.785	1.53042e-19
0.786	1.76302e-19
0.787	1.27138e-19
0.788	9.45766e-20
0.789	1.0882e-19
0.79	1.11097e-19
0.791	1.26203e-19
0.792	1.32185e-19
0.793	2.1922e-19
0.794	1.43416e-19
0.795	1.67806e-19
0.796	1.57804e-19
0.797	1.29719e-19
0.798	2.12315e-19
0.799	1.67429e-19
0.8	1.42348e-19
0.801	2.68109e-19
0.802	1.77067e-19
0.803	2.35889e-19
0.804	2.87572e-19
0.805	2.03871e-19
0.806	1.73999e-19
0.807	2.87184e-19
0.808	1.93618e-19
0.809	1.83652e-19
0.81	2.16203e-19
0.811	2.23278e-19
0.812	2.05316e-19
0.813	2.21834e-19
0.814	1.93668e-19
0.815	1.9757e-19
0.816	1.21347e-19
0.817	1.92877e-19
0.818	1.49405e-19
0.819	1.68282e-19
0.82	2.314e-19
0.821	2.06138e-19
0.822	1.38908e-19
0.823	1.88307e-19
0.824	2.5346e-19
0.825	1.12394e-19
0.826	1.3494e-19
0.827	1.83896e-19
0.828	2.07658e-19
0.829	1.37486e-19
0.83	7.06378e-20
0.831	3.98168e-19
0.832	1.90747e-19
0.833	1.61759e-19
0.834	1.99924e-19
0.835	1.23907e-19
0.836	1.50895e-19
0.837	1.4543e-19
0.838	1.06928e-19
0.839	1.4056e-19
0.84	1.9711e-19
0.841	1.44364e-19
0.842	1.39673e-19
0.843	1.53556e-19
0.844	9.94798e-20
0.845	1.42064e-19
0.846	1.3474e-19
0.847	1.07505e-19
0.848	1.64055e-19
0.849	8.02897e-20
0.85	1.17298e-19
0.851	1.39279e-19
0.852	1.15619e-19
0.853	2.00686e-19
0.854	1.26801e-19
0.855	1.32688e-19
0.856	1.83085e-19
0.857	1.19991e-19
0.858	1.35549e-19
0.859	1.39802e-19
0.86	1.29324e-19
0.861	1.31259e-19
0.862	1.25891e-19
0.863	9.13543e-20
0.864	9.11551e-20
0.865	1.18309e-19
0.866	1.14117e-19
0.867	1.35949e-19
0.868	1.37303e-19
0.869	1.24671e-19
0.87	1.78601e-19
0.871	1.19854e-19
0.872	1.58334e-19
0.873	1.35655e-19
0.874	1.7698e-19
0.875	1.42806e-19
0.876	1.26084e-19
0.877	1.08578e-19
0.878	1.29068e-19
0.879	1.08709e-19
0.88	1.0383e-19
0.881	1.27769e-19
0.882	7.99749e-20
0.883	1.14214e-19
0.884	1.52889e-19
0.885	1.19528e-19
0.886	1.13258e-19
0.887	2.11629e-19
0.888	2.22417e-19
0.889	1.28078e-19
0.89	1.87001e-19
0.891	2.49434e-19
0.892	1.23512e-19
0.893	1.90977e-19
0.894	1.78122e-19
0.895	1.40699e-19
0.896	2.00227e-19
0.897	1.77186e-19
0.898	2.9287e-19
0.899	2.543e-19
0.9	1.24207e-19
0.901	3.74775e-19
0.902	2.07968e-19
0.903	1.09488e-19
0.904	3.1522e-19
0.905	1.65607e-19
0.906	1.22934e-19
0.907	3.49014e-19
0.908	1.22426e-19
0.909	1.14328e-19
0.91	3.01965e-19
0.911	1.72041e-19
0.912	1.65669e-19
0.913	2.86497e-19
0.914	1.39351e-19
0.915	2.18494e-19
0.916	3.10984e-19
0.917	1.63747e-19
0.918	1.69002e-19
0.919	2.73988e-19
0.92	1.83666e-19
0.921	2.08569e-19
0.922	2.1713e-19
0.923	1.81522e-19
0.924	1.92738e-19
0.925	1.93117e-19
0.926	1.438e-19
0.927	1.44576e-19
0.928	2.03058e-19
0.929	1.12351e-19
0.93	2.02626e-19
0.931	1.62223e-19
0.932	1.17255e-19
0.933	2.2079e-19
0.934	1.91433e-19
0.935	1.27911e-19
0.936	1.59299e-19
0.937	1.11758e-19
0.938	8.76221e-20
0.939	1.69822e-19
0.94	1.04589e-19
0.941	1.06084e-19
0.942	1.61089e-19
0.943	1.45355e-19
0.944	1.16358e-19
0.945	2.90371e-19
0.946	2.14403e-19
0.947	1.53409e-19
0.948	3.76941e-19
0.949	2.17417e-19
0.95	2.30781e-19
0.951	3.32461e-19
0.952	1.50665e-19
0.953	1.91044e-19
0.954	3.4932e-19
0.955	1.39379e-19
0.956	2.14452e-19
0.957	3.02943e-19
0.958	1.13074e-19
0.959	3.12879e-19
0.96	2.89634e-19
0.961	1.4106e-19
0.962	5.18845e-19
0.963	3.03594e-19
0.964	3.0315e-19
0.965	6.43985e-19
0.966	2.22952e-19
0.967	3.13617e-19
0.968	5.27312e-19
0.969	2.11975e-19
0.97	3.50486e-19
0.971	4.26972e-19
0.972	2.4109e-19
0.973	3.45919e-19
0.974	3.37627e-19
0.975	1.73994e-19
0.976	2.68003e-19
0.977	2.71289e-19
0.978	2.12886e-19
0.979	3.48337e-19
0.98	2.62025e-19
0.981	3.75477e-19
0.982	4.51736e-19
0.983	1.86594e-19
0.984	4.43062e-19
0.985	3.44211e-19
0.986	1.99965e-19
0.987	4.50772e-19
0.988	3.2001e-19
0.989	2.38708e-19
0.99	3.64393e-19
0.991	2.1795e-19
0.992	2.63166e-19
0.993	2.99534e-19
0.994	1.80498e-19
0.995	3.00539e-19
0.996	3.70039e-19
0.997	1.54083e-19
0.998	3.77696e-19
0.999	3.20687e-19
1	0
