0	0
0.001	2.2802e+10
0.002	6.57912e+10
0.003	9.40077e+10
0.004	1.03389e+11
0.005	1.03948e+11
0.006	1.02073e+11
0.007	9.98856e+10
0.008	9.76164e+10
0.009	9.54518e+10
0.01	9.33164e+10
0.011	9.12181e+10
0.012	8.92097e+10
0.013	8.71996e+10
0.014	8.52778e+10
0.015	8.33831e+10
0.016	8.15252e+10
0.017	7.97399e+10
0.018	7.79606e+10
0.019	7.62517e+10
0.02	7.4573e+10
0.021	7.29229e+10
0.022	7.13369e+10
0.023	6.97603e+10
0.024	6.82384e+10
0.025	6.67515e+10
0.026	6.52837e+10
0.027	6.38735e+10
0.028	6.24764e+10
0.029	6.11188e+10
0.03	5.98011e+10
0.031	5.84952e+10
0.032	5.72386e+10
0.033	5.60014e+10
0.034	5.47887e+10
0.035	5.36189e+10
0.036	5.24586e+10
0.037	5.13354e+10
0.038	5.024e+10
0.039	4.91571e+10
0.04	4.81146e+10
0.041	4.70863e+10
0.042	4.608e+10
0.043	4.5108e+10
0.044	4.4144e+10
0.045	4.32103e+10
0.046	4.23e+10
0.047	4.13994e+10
0.048	4.05317e+10
0.049	3.96775e+10
0.05	3.88387e+10
0.051	3.803e+10
0.052	3.72286e+10
0.053	3.64487e+10
0.054	3.56923e+10
0.055	3.49418e+10
0.056	3.42166e+10
0.057	3.35074e+10
0.058	3.28062e+10
0.059	3.21307e+10
0.06	3.14653e+10
0.061	3.08111e+10
0.062	3.01807e+10
0.063	2.95563e+10
0.064	2.89466e+10
0.065	2.83571e+10
0.066	2.77717e+10
0.067	2.72034e+10
0.068	2.66513e+10
0.069	2.61028e+10
0.07	2.5573e+10
0.071	2.50553e+10
0.072	2.45419e+10
0.073	2.40474e+10
0.074	2.35618e+10
0.075	2.30815e+10
0.076	2.26195e+10
0.077	2.21638e+10
0.078	2.17146e+10
0.079	2.12826e+10
0.08	2.08551e+10
0.081	2.04349e+10
0.082	2.00305e+10
0.083	1.96295e+10
0.084	1.92363e+10
0.085	1.88577e+10
0.086	1.84815e+10
0.087	1.81133e+10
0.088	1.77587e+10
0.089	1.74059e+10
0.09	1.7061e+10
0.091	1.67287e+10
0.092	1.63979e+10
0.093	1.60745e+10
0.094	1.57631e+10
0.095	1.54529e+10
0.096	1.51495e+10
0.097	1.48575e+10
0.098	1.45667e+10
0.099	1.42818e+10
0.1	1.4008e+10
0.101	1.37354e+10
0.102	1.34678e+10
0.103	1.32109e+10
0.104	1.29555e+10
0.105	1.27039e+10
0.106	1.24627e+10
0.107	1.22235e+10
0.108	1.19868e+10
0.109	1.17602e+10
0.11	1.15363e+10
0.111	1.13137e+10
0.112	1.11004e+10
0.113	1.08909e+10
0.114	1.06816e+10
0.115	1.04805e+10
0.116	1.02845e+10
0.117	1.00879e+10
0.118	9.89803e+09
0.119	9.71451e+09
0.12	9.53023e+09
0.121	9.35067e+09
0.122	9.17848e+09
0.123	9.00612e+09
0.124	8.83628e+09
0.125	8.67421e+09
0.126	8.51331e+09
0.127	8.35291e+09
0.128	8.19972e+09
0.129	8.04962e+09
0.13	7.89864e+09
0.131	7.75328e+09
0.132	7.61299e+09
0.133	7.47157e+09
0.134	7.33339e+09
0.135	7.20158e+09
0.136	7.06977e+09
0.137	6.93864e+09
0.138	6.81387e+09
0.139	6.69128e+09
0.14	6.5676e+09
0.141	6.44869e+09
0.142	6.33428e+09
0.143	6.21867e+09
0.144	6.10509e+09
0.145	5.9973e+09
0.146	5.88999e+09
0.147	5.78214e+09
0.148	5.67936e+09
0.149	5.57971e+09
0.15	5.47856e+09
0.151	5.37993e+09
0.152	5.28636e+09
0.153	5.19263e+09
0.154	5.09851e+09
0.155	5.00915e+09
0.156	4.92242e+09
0.157	4.8341e+09
0.158	4.74795e+09
0.159	4.66648e+09
0.16	4.58493e+09
0.161	4.5026e+09
0.162	4.42436e+09
0.163	4.349e+09
0.164	4.27212e+09
0.165	4.19637e+09
0.166	4.12511e+09
0.167	4.05452e+09
0.168	3.9825e+09
0.169	3.91337e+09
0.17	3.84783e+09
0.171	3.78136e+09
0.172	3.71451e+09
0.173	3.6515e+09
0.174	3.59061e+09
0.175	3.52808e+09
0.176	3.46649e+09
0.177	3.40884e+09
0.178	3.35188e+09
0.179	3.29332e+09
0.18	3.23678e+09
0.181	3.18374e+09
0.182	3.13031e+09
0.183	3.07571e+09
0.184	3.02382e+09
0.185	2.97477e+09
0.186	2.92466e+09
0.187	2.8739e+09
0.188	2.82621e+09
0.189	2.78069e+09
0.19	2.73376e+09
0.191	2.68664e+09
0.192	2.64269e+09
0.193	2.60039e+09
0.194	2.55653e+09
0.195	2.51277e+09
0.196	2.47214e+09
0.197	2.43284e+09
0.198	2.39192e+09
0.199	2.35122e+09
0.2	2.31354e+09
0.201	2.27707e+09
0.202	2.23898e+09
0.203	2.20104e+09
0.204	2.16599e+09
0.205	2.13218e+09
0.206	2.09683e+09
0.207	2.06137e+09
0.208	2.02863e+09
0.209	1.99734e+09
0.21	1.96463e+09
0.211	1.93145e+09
0.212	1.9007e+09
0.213	1.87174e+09
0.214	1.84162e+09
0.215	1.81058e+09
0.216	1.78153e+09
0.217	1.75463e+09
0.218	1.72705e+09
0.219	1.69813e+09
0.22	1.67053e+09
0.221	1.64536e+09
0.222	1.62021e+09
0.223	1.59349e+09
0.224	1.56721e+09
0.225	1.54334e+09
0.226	1.5204e+09
0.227	1.49603e+09
0.228	1.47111e+09
0.229	1.44816e+09
0.23	1.42698e+09
0.231	1.40504e+09
0.232	1.38179e+09
0.233	1.35952e+09
0.234	1.33948e+09
0.235	1.3198e+09
0.236	1.29864e+09
0.237	1.27719e+09
0.238	1.25767e+09
0.239	1.23968e+09
0.24	1.22091e+09
0.241	1.20084e+09
0.242	1.18156e+09
0.243	1.16436e+09
0.244	1.14774e+09
0.245	1.12978e+09
0.246	1.11113e+09
0.247	1.09395e+09
0.248	1.07856e+09
0.249	1.06296e+09
0.25	1.04593e+09
0.251	1.02882e+09
0.252	1.01349e+09
0.253	9.99511e+08
0.254	9.84839e+08
0.255	9.68853e+08
0.256	9.53216e+08
0.257	9.39413e+08
0.258	9.26611e+08
0.259	9.1289e+08
0.26	8.97991e+08
0.261	8.83639e+08
0.262	8.71081e+08
0.263	8.59348e+08
0.264	8.4664e+08
0.265	8.3281e+08
0.266	8.19524e+08
0.267	8.07964e+08
0.268	7.97238e+08
0.269	7.85613e+08
0.27	7.72828e+08
0.271	7.604e+08
0.272	7.49601e+08
0.273	7.39805e+08
0.274	7.29331e+08
0.275	7.17613e+08
0.276	7.05892e+08
0.277	6.95609e+08
0.278	6.86591e+08
0.279	6.77299e+08
0.28	6.6675e+08
0.281	6.55706e+08
0.282	6.45707e+08
0.283	6.37193e+08
0.284	6.29003e+08
0.285	6.19778e+08
0.286	6.09569e+08
0.287	5.99738e+08
0.288	5.91351e+08
0.289	5.83957e+08
0.29	5.7613e+08
0.291	5.67105e+08
0.292	5.57614e+08
0.293	5.4904e+08
0.294	5.41871e+08
0.295	5.35186e+08
0.296	5.27681e+08
0.297	5.19082e+08
0.298	5.10408e+08
0.299	5.02864e+08
0.3	4.96571e+08
0.301	4.90463e+08
0.302	4.83409e+08
0.303	4.75371e+08
0.304	4.67412e+08
0.305	4.60602e+08
0.306	4.54956e+08
0.307	4.4944e+08
0.308	4.43003e+08
0.309	4.35592e+08
0.31	4.28178e+08
0.311	4.21808e+08
0.312	4.16618e+08
0.313	4.11727e+08
0.314	4.06074e+08
0.315	3.99385e+08
0.316	3.92406e+08
0.317	3.86204e+08
0.318	3.81214e+08
0.319	3.76874e+08
0.32	3.72133e+08
0.321	3.66368e+08
0.322	3.59901e+08
0.323	3.53703e+08
0.324	3.48567e+08
0.325	3.4446e+08
0.326	3.40567e+08
0.327	3.35972e+08
0.328	3.30385e+08
0.329	3.24358e+08
0.33	3.18829e+08
0.331	3.14387e+08
0.332	3.10832e+08
0.333	3.07347e+08
0.334	3.0312e+08
0.335	2.97945e+08
0.336	2.92351e+08
0.337	2.87203e+08
0.338	2.83076e+08
0.339	2.79859e+08
0.34	2.7685e+08
0.341	2.73254e+08
0.342	2.68721e+08
0.343	2.63568e+08
0.344	2.58551e+08
0.345	2.54355e+08
0.346	2.51162e+08
0.347	2.48544e+08
0.348	2.45751e+08
0.349	2.42185e+08
0.35	2.37752e+08
0.351	2.32912e+08
0.352	2.2838e+08
0.353	2.24708e+08
0.354	2.21968e+08
0.355	2.19725e+08
0.356	2.17299e+08
0.357	2.14144e+08
0.358	2.10141e+08
0.359	2.05644e+08
0.36	2.01282e+08
0.361	1.97623e+08
0.362	1.94883e+08
0.363	1.92836e+08
0.364	1.90933e+08
0.365	1.88583e+08
0.366	1.85435e+08
0.367	1.81533e+08
0.368	1.77283e+08
0.369	1.73252e+08
0.37	1.69916e+08
0.371	1.6745e+08
0.372	1.65667e+08
0.373	1.6411e+08
0.374	1.62247e+08
0.375	1.59693e+08
0.376	1.56354e+08
0.377	1.52452e+08
0.378	1.48428e+08
0.379	1.44769e+08
0.38	1.41828e+08
0.381	1.39701e+08
0.382	1.38208e+08
0.383	1.36964e+08
0.384	1.35515e+08
0.385	1.33491e+08
0.386	1.30718e+08
0.387	1.27265e+08
0.388	1.23407e+08
0.389	1.19539e+08
0.39	1.16055e+08
0.391	1.13235e+08
0.392	1.11176e+08
0.393	1.09777e+08
0.394	1.08772e+08
0.395	1.07808e+08
0.396	1.06532e+08
0.397	1.04676e+08
0.398	1.02111e+08
0.399	9.8868e+07
0.4	9.51213e+07
0.401	9.11436e+07
0.402	8.72456e+07
0.403	8.37139e+07
0.404	8.07601e+07
0.405	7.84884e+07
0.406	7.68852e+07
0.407	7.583e+07
0.408	7.51215e+07
0.409	7.45135e+07
0.41	7.37525e+07
0.411	7.26119e+07
0.412	7.09175e+07
0.413	6.85631e+07
0.414	6.55145e+07
0.415	6.18057e+07
0.416	5.75266e+07
0.417	5.2808e+07
0.418	4.78034e+07
0.419	4.26736e+07
0.42	3.75717e+07
0.421	3.26331e+07
0.422	2.79687e+07
0.423	2.3661e+07
0.424	1.97641e+07
0.425	1.63061e+07
0.426	1.32921e+07
0.427	1.07089e+07
0.428	8.52996e+06
0.429	6.71936e+06
0.43	5.2362e+06
0.431	4.03773e+06
0.432	3.08182e+06
0.433	2.32884e+06
0.434	1.74279e+06
0.435	1.29188e+06
0.436	948802
0.437	690551
0.438	498166
0.439	356285
0.44	252666
0.441	177707
0.442	123977
0.443	85809.3
0.444	58932
0.445	40166
0.446	27172
0.447	18247.4
0.448	12166.3
0.449	8054.68
0.45	5295.74
0.451	3458.17
0.452	2243.16
0.453	1445.49
0.454	925.464
0.455	588.764
0.456	372.224
0.457	233.879
0.458	146.064
0.459	90.6784
0.46	55.9641
0.461	34.34
0.462	20.9514
0.463	12.7111
0.464	7.6691
0.465	4.60186
0.466	2.74652
0.467	1.63051
0.468	0.962916
0.469	0.565727
0.47	0.330682
0.471	0.192321
0.472	0.111297
0.473	0.0640931
0.474	0.0367311
0.475	0.0209498
0.476	0.0118925
0.477	0.0067196
0.478	0.00377929
0.479	0.00211592
0.48	0.00117933
0.481	0.000654394
0.482	0.000361523
0.483	0.00019886
0.484	0.000108916
0.485	5.94015e-05
0.486	3.22611e-05
0.487	1.74485e-05
0.488	9.39846e-06
0.489	5.04188e-06
0.49	2.69393e-06
0.491	1.43369e-06
0.492	7.60013e-07
0.493	4.01327e-07
0.494	2.11109e-07
0.495	1.10628e-07
0.496	5.77548e-08
0.497	3.00396e-08
0.498	1.55668e-08
0.499	8.03754e-09
0.5	4.13502e-09
0.501	2.11973e-09
0.502	1.0828e-09
0.503	5.5118e-10
0.504	2.79598e-10
0.505	1.41346e-10
0.506	7.12121e-11
0.507	3.57572e-11
0.508	1.78947e-11
0.509	8.92582e-12
0.51	4.43761e-12
0.511	2.19907e-12
0.512	1.08629e-12
0.513	5.34897e-13
0.514	2.62557e-13
0.515	1.28462e-13
0.516	6.26744e-14
0.517	3.04807e-14
0.518	1.47773e-14
0.519	7.14269e-15
0.52	3.44359e-15
0.521	1.65593e-15
0.522	7.92881e-16
0.523	3.77861e-16
0.524	1.79897e-16
0.525	8.5647e-17
0.526	4.05536e-17
0.527	1.90891e-17
0.528	9.03259e-18
0.529	4.39648e-18
0.53	2.09207e-18
0.531	1.11996e-18
0.532	6.19388e-19
0.533	3.53971e-19
0.534	2.67778e-19
0.535	1.72443e-19
0.536	1.75106e-19
0.537	1.36838e-19
0.538	1.18869e-19
0.539	1.46528e-19
0.54	1.48383e-19
0.541	1.63449e-19
0.542	1.39201e-19
0.543	1.23331e-19
0.544	9.70704e-20
0.545	1.11328e-19
0.546	1.33346e-19
0.547	1.43905e-19
0.548	1.62308e-19
0.549	1.5658e-19
0.55	1.50207e-19
0.551	1.42983e-19
0.552	1.51133e-19
0.553	1.40406e-19
0.554	1.23524e-19
0.555	1.14884e-19
0.556	1.0224e-19
0.557	1.00044e-19
0.558	1.05081e-19
0.559	1.23124e-19
0.56	1.21009e-19
0.561	1.26956e-19
0.562	1.33421e-19
0.563	1.30522e-19
0.564	1.27893e-19
0.565	1.44224e-19
0.566	1.71729e-19
0.567	1.76315e-19
0.568	1.64513e-19
0.569	1.65056e-19
0.57	1.73685e-19
0.571	1.56326e-19
0.572	1.70228e-19
0.573	1.65376e-19
0.574	1.46708e-19
0.575	1.46136e-19
0.576	1.4736e-19
0.577	1.27944e-19
0.578	1.17793e-19
0.579	1.13436e-19
0.58	1.15163e-19
0.581	1.15077e-19
0.582	1.49272e-19
0.583	1.50508e-19
0.584	1.25012e-19
0.585	1.25122e-19
0.586	9.92133e-20
0.587	9.56767e-20
0.588	8.85862e-20
0.589	9.86142e-20
0.59	1.31861e-19
0.591	6.32424e-20
0.592	8.90384e-20
0.593	6.31553e-20
0.594	5.40826e-20
0.595	9.37553e-20
0.596	4.93977e-20
0.597	1.02396e-19
0.598	7.03039e-20
0.599	7.50613e-20
0.6	6.87755e-20
0.601	7.52534e-20
0.602	1.08665e-19
0.603	9.99197e-20
0.604	1.2769e-19
0.605	1.10771e-19
0.606	8.63612e-20
0.607	1.09285e-19
0.608	8.56365e-20
0.609	8.28649e-20
0.61	8.19752e-20
0.611	8.29572e-20
0.612	8.49998e-20
0.613	1.0096e-19
0.614	8.79955e-20
0.615	8.86207e-20
0.616	9.69463e-20
0.617	8.94429e-20
0.618	5.90138e-20
0.619	6.51023e-20
0.62	6.92485e-20
0.621	5.5942e-20
0.622	4.82603e-20
0.623	4.50163e-20
0.624	4.98699e-20
0.625	4.73816e-20
0.626	6.56736e-20
0.627	1.04807e-19
0.628	9.81243e-20
0.629	1.19243e-19
0.63	1.1344e-19
0.631	9.05028e-20
0.632	1.05671e-19
0.633	1.20043e-19
0.634	9.67921e-20
0.635	1.07255e-19
0.636	1.21507e-19
0.637	1.10247e-19
0.638	1.12021e-19
0.639	1.31883e-19
0.64	1.22632e-19
0.641	1.03471e-19
0.642	1.57568e-19
0.643	9.22536e-20
0.644	9.67943e-20
0.645	1.32784e-19
0.646	6.99858e-20
0.647	1.19145e-19
0.648	1.00608e-19
0.649	9.85156e-20
0.65	1.18296e-19
0.651	7.82731e-20
0.652	1.25362e-19
0.653	7.44012e-20
0.654	1.00888e-19
0.655	1.44072e-19
0.656	8.65828e-20
0.657	1.37572e-19
0.658	1.26328e-19
0.659	9.49582e-20
0.66	1.4039e-19
0.661	9.68713e-20
0.662	1.10614e-19
0.663	1.00016e-19
0.664	1.22424e-19
0.665	8.75942e-20
0.666	8.57427e-20
0.667	7.05154e-20
0.668	5.06764e-20
0.669	8.72754e-20
0.67	6.81605e-20
0.671	5.80995e-20
0.672	7.71613e-20
0.673	5.90761e-20
0.674	5.92789e-20
0.675	6.24136e-20
0.676	5.95918e-20
0.677	6.4846e-20
0.678	6.05539e-20
0.679	6.4449e-20
0.68	7.71131e-20
0.681	8.49861e-20
0.682	8.97793e-20
0.683	1.07452e-19
0.684	1.01376e-19
0.685	9.70963e-20
0.686	1.0184e-19
0.687	7.75042e-20
0.688	1.17002e-19
0.689	9.10578e-20
0.69	1.19283e-19
0.691	8.30329e-20
0.692	6.80616e-20
0.693	8.75198e-20
0.694	7.09269e-20
0.695	5.36091e-20
0.696	4.91152e-20
0.697	4.25087e-20
0.698	6.09483e-20
0.699	8.96817e-20
0.7	7.69964e-20
0.701	1.03392e-19
0.702	8.89281e-20
0.703	5.69878e-20
0.704	6.33e-20
0.705	5.45758e-20
0.706	8.74829e-20
0.707	9.8053e-20
0.708	8.20675e-20
0.709	7.04204e-20
0.71	1.00602e-19
0.711	7.63998e-20
0.712	6.9193e-20
0.713	1.01232e-19
0.714	5.72905e-20
0.715	1.14014e-19
0.716	8.7666e-20
0.717	5.35404e-20
0.718	1.19654e-19
0.719	5.56787e-20
0.72	5.39633e-20
0.721	5.19737e-20
0.722	4.47567e-20
0.723	8.92554e-20
0.724	7.0772e-20
0.725	7.00086e-20
0.726	6.10273e-20
0.727	7.55316e-20
0.728	5.83048e-20
0.729	6.42648e-20
0.73	6.15499e-20
0.731	8.59064e-20
0.732	5.5178e-20
0.733	5.88556e-20
0.734	6.71155e-20
0.735	6.69534e-20
0.736	7.21931e-20
0.737	7.415e-20
0.738	7.74825e-20
0.739	7.24541e-20
0.74	7.04556e-20
0.741	4.76187e-20
0.742	4.13227e-20
0.743	4.05777e-20
0.744	4.82299e-20
0.745	6.42944e-20
0.746	7.79979e-20
0.747	4.5994e-20
0.748	6.75723e-20
0.749	5.84406e-20
0.75	4.67815e-20
0.751	4.94061e-20
0.752	5.33831e-20
0.753	5.3782e-20
0.754	4.74265e-20
0.755	7.63136e-20
0.756	6.58217e-20
0.757	5.5338e-20
0.758	5.65288e-20
0.759	6.20306e-20
0.76	7.35239e-20
0.761	7.44272e-20
0.762	6.47903e-20
0.763	7.0286e-20
0.764	6.15294e-20
0.765	7.06557e-20
0.766	5.68303e-20
0.767	6.48063e-20
0.768	5.85121e-20
0.769	7.83026e-20
0.77	6.61207e-20
0.771	5.79838e-20
0.772	8.28554e-20
0.773	6.27058e-20
0.774	7.35067e-20
0.775	7.0867e-20
0.776	7.6348e-20
0.777	7.04939e-20
0.778	7.28905e-20
0.779	4.16912e-20
0.78	4.0689e-20
0.781	5.95428e-20
0.782	6.41693e-20
0.783	5.39292e-20
0.784	5.03e-20
0.785	4.06205e-20
0.786	5.74623e-20
0.787	5.04828e-20
0.788	5.04147e-20
0.789	3.23027e-20
0.79	3.6008e-20
0.791	5.74968e-20
0.792	4.44614e-20
0.793	6.63536e-20
0.794	6.02713e-20
0.795	6.84255e-20
0.796	5.15274e-20
0.797	4.57926e-20
0.798	7.17084e-20
0.799	6.32731e-20
0.8	6.31789e-20
0.801	7.84409e-20
0.802	7.61706e-20
0.803	1.25197e-19
0.804	9.81671e-20
0.805	1.20869e-19
0.806	1.04792e-19
0.807	5.71484e-20
0.808	6.71404e-20
0.809	7.3009e-20
0.81	4.96185e-20
0.811	7.67671e-20
0.812	6.51576e-20
0.813	6.46761e-20
0.814	6.56816e-20
0.815	7.28737e-20
0.816	4.49156e-20
0.817	5.20607e-20
0.818	6.61356e-20
0.819	6.0425e-20
0.82	6.89353e-20
0.821	6.3504e-20
0.822	7.52883e-20
0.823	8.3436e-20
0.824	4.70481e-20
0.825	5.19509e-20
0.826	4.98397e-20
0.827	4.87154e-20
0.828	4.77831e-20
0.829	5.02693e-20
0.83	4.44435e-20
0.831	6.08496e-20
0.832	6.05091e-20
0.833	5.73572e-20
0.834	4.92988e-20
0.835	6.60023e-20
0.836	3.49117e-20
0.837	2.75241e-20
0.838	3.49484e-20
0.839	5.12954e-20
0.84	6.19263e-20
0.841	5.72383e-20
0.842	7.47456e-20
0.843	4.75258e-20
0.844	3.45759e-20
0.845	5.00118e-20
0.846	3.91741e-20
0.847	4.22469e-20
0.848	6.27377e-20
0.849	5.02397e-20
0.85	5.99392e-20
0.851	5.52644e-20
0.852	6.19415e-20
0.853	5.83673e-20
0.854	9.20797e-20
0.855	7.8445e-20
0.856	4.78054e-20
0.857	8.70385e-20
0.858	8.23753e-20
0.859	7.69347e-20
0.86	1.16507e-19
0.861	5.74258e-20
0.862	9.98103e-20
0.863	7.61036e-20
0.864	5.34832e-20
0.865	1.22511e-19
0.866	6.86402e-20
0.867	6.10818e-20
0.868	9.94733e-20
0.869	5.6211e-20
0.87	9.402e-20
0.871	5.70882e-20
0.872	6.1784e-20
0.873	8.51592e-20
0.874	6.59498e-20
0.875	5.77213e-20
0.876	1.02289e-19
0.877	5.95162e-20
0.878	6.56149e-20
0.879	1.12581e-19
0.88	4.60238e-20
0.881	4.01364e-20
0.882	8.35375e-20
0.883	5.69118e-20
0.884	5.19547e-20
0.885	5.57583e-20
0.886	4.11227e-20
0.887	6.43312e-20
0.888	4.90191e-20
0.889	5.63599e-20
0.89	5.21069e-20
0.891	4.70411e-20
0.892	5.02372e-20
0.893	4.36222e-20
0.894	5.4642e-20
0.895	4.81341e-20
0.896	8.09188e-20
0.897	6.13668e-20
0.898	5.36201e-20
0.899	4.38261e-20
0.9	7.3657e-20
0.901	5.94972e-20
0.902	5.53207e-20
0.903	6.94197e-20
0.904	5.85714e-20
0.905	4.80126e-20
0.906	5.43116e-20
0.907	6.60921e-20
0.908	5.08769e-20
0.909	4.50074e-20
0.91	8.46569e-20
0.911	6.10756e-20
0.912	9.29525e-20
0.913	1.10176e-19
0.914	6.51819e-20
0.915	9.9766e-20
0.916	6.73559e-20
0.917	8.88466e-20
0.918	5.51239e-20
0.919	6.35557e-20
0.92	1.3201e-19
0.921	6.03994e-20
0.922	1.14222e-19
0.923	1.11098e-19
0.924	8.94025e-20
0.925	1.45994e-19
0.926	5.48817e-20
0.927	9.22409e-20
0.928	1.2141e-19
0.929	7.24743e-20
0.93	9.66391e-20
0.931	8.18703e-20
0.932	5.63224e-20
0.933	1.1627e-19
0.934	5.39352e-20
0.935	7.63441e-20
0.936	8.67995e-20
0.937	6.66977e-20
0.938	7.39843e-20
0.939	5.02491e-20
0.94	5.99348e-20
0.941	4.74644e-20
0.942	4.42417e-20
0.943	5.65065e-20
0.944	3.8685e-20
0.945	4.63301e-20
0.946	5.91311e-20
0.947	5.60859e-20
0.948	5.88327e-20
0.949	2.95449e-20
0.95	5.89273e-20
0.951	6.17619e-20
0.952	5.68734e-20
0.953	5.2292e-20
0.954	8.02347e-20
0.955	4.53009e-20
0.956	6.35139e-20
0.957	5.18299e-20
0.958	4.56137e-20
0.959	7.42653e-20
0.96	6.43501e-20
0.961	6.86062e-20
0.962	6.33903e-20
0.963	5.54656e-20
0.964	8.26992e-20
0.965	5.70989e-20
0.966	7.05909e-20
0.967	7.37412e-20
0.968	8.74941e-20
0.969	5.89947e-20
0.97	1.15099e-19
0.971	1.0451e-19
0.972	8.7946e-20
0.973	1.31078e-19
0.974	1.08855e-19
0.975	6.37262e-20
0.976	8.97772e-20
0.977	1.17233e-19
0.978	6.0221e-20
0.979	1.50881e-19
0.98	1.30683e-19
0.981	9.36114e-20
0.982	2.25148e-19
0.983	1.12449e-19
0.984	1.38096e-19
0.985	1.85041e-19
0.986	7.27625e-20
0.987	1.41887e-19
0.988	1.87512e-19
0.989	4.99087e-20
0.99	1.58739e-19
0.991	1.05365e-19
0.992	6.13809e-20
0.993	1.59018e-19
0.994	5.99246e-20
0.995	4.89121e-20
0.996	1.42439e-19
0.997	4.85119e-20
0.998	5.58775e-20
0.999	9.28924e-20
1	0
