0	0
0.001	1.71056e+11
0.002	4.91265e+11
0.003	6.99847e+11
0.004	7.68361e+11
0.005	7.71026e+11
0.006	7.56061e+11
0.007	7.38404e+11
0.008	7.20458e+11
0.009	7.03299e+11
0.01	6.86221e+11
0.011	6.6984e+11
0.012	6.5375e+11
0.013	6.38046e+11
0.014	6.22889e+11
0.015	6.07894e+11
0.016	5.93507e+11
0.017	5.7931e+11
0.018	5.65547e+11
0.019	5.52165e+11
0.02	5.38997e+11
0.021	5.26327e+11
0.022	5.13818e+11
0.023	5.01722e+11
0.024	4.89915e+11
0.025	4.78333e+11
0.026	4.67165e+11
0.027	4.56142e+11
0.028	4.45488e+11
0.029	4.35075e+11
0.03	4.24871e+11
0.031	4.15021e+11
0.032	4.05304e+11
0.033	3.95905e+11
0.034	3.86722e+11
0.035	3.77718e+11
0.036	3.69025e+11
0.037	3.60454e+11
0.038	3.5215e+11
0.039	3.44051e+11
0.04	3.36095e+11
0.041	3.28417e+11
0.042	3.20854e+11
0.043	3.13505e+11
0.044	3.06361e+11
0.045	2.99324e+11
0.046	2.92534e+11
0.047	2.85861e+11
0.048	2.79347e+11
0.049	2.7304e+11
0.05	2.66817e+11
0.051	2.60797e+11
0.052	2.54912e+11
0.053	2.49132e+11
0.054	2.43554e+11
0.055	2.38056e+11
0.056	2.32706e+11
0.057	2.27513e+11
0.058	2.22388e+11
0.059	2.17436e+11
0.06	2.12586e+11
0.061	2.07825e+11
0.062	2.0323e+11
0.063	1.98698e+11
0.064	1.94286e+11
0.065	1.90006e+11
0.066	1.85778e+11
0.067	1.81689e+11
0.068	1.77693e+11
0.069	1.73757e+11
0.07	1.69963e+11
0.071	1.66226e+11
0.072	1.62571e+11
0.073	1.5904e+11
0.074	1.55548e+11
0.075	1.52156e+11
0.076	1.48863e+11
0.077	1.45604e+11
0.078	1.42455e+11
0.079	1.39377e+11
0.08	1.3634e+11
0.081	1.33413e+11
0.082	1.30536e+11
0.083	1.27708e+11
0.084	1.24984e+11
0.085	1.22293e+11
0.086	1.19662e+11
0.087	1.17123e+11
0.088	1.14607e+11
0.089	1.12159e+11
0.09	1.09789e+11
0.091	1.07438e+11
0.092	1.0516e+11
0.093	1.02947e+11
0.094	1.0075e+11
0.095	9.8628e+10
0.096	9.65598e+10
0.097	9.45081e+10
0.098	9.25305e+10
0.099	9.05974e+10
0.1	8.8681e+10
0.101	8.68367e+10
0.102	8.50296e+10
0.103	8.32393e+10
0.104	8.15182e+10
0.105	7.98291e+10
0.106	7.8156e+10
0.107	7.65488e+10
0.108	7.49702e+10
0.109	7.3406e+10
0.11	7.19042e+10
0.111	7.04291e+10
0.112	6.89661e+10
0.113	6.75618e+10
0.114	6.61839e+10
0.115	6.48149e+10
0.116	6.35008e+10
0.117	6.22139e+10
0.118	6.09326e+10
0.119	5.97018e+10
0.12	5.85002e+10
0.121	5.7301e+10
0.122	5.61468e+10
0.123	5.5025e+10
0.124	5.39029e+10
0.125	5.28192e+10
0.126	5.17716e+10
0.127	5.07226e+10
0.128	4.97038e+10
0.129	4.87248e+10
0.13	4.77453e+10
0.131	4.67867e+10
0.132	4.58701e+10
0.133	4.4957e+10
0.134	4.40549e+10
0.135	4.31946e+10
0.136	4.23444e+10
0.137	4.14964e+10
0.138	4.06864e+10
0.139	3.98951e+10
0.14	3.91e+10
0.141	3.83348e+10
0.142	3.75972e+10
0.143	3.68548e+10
0.144	3.61305e+10
0.145	3.54401e+10
0.146	3.47498e+10
0.147	3.4065e+10
0.148	3.34146e+10
0.149	3.27743e+10
0.15	3.21299e+10
0.151	3.1513e+10
0.152	3.09179e+10
0.153	3.03163e+10
0.154	2.97293e+10
0.155	2.9172e+10
0.156	2.86147e+10
0.157	2.80579e+10
0.158	2.75299e+10
0.159	2.70148e+10
0.16	2.64922e+10
0.161	2.59876e+10
0.162	2.55077e+10
0.163	2.50236e+10
0.164	2.4542e+10
0.165	2.40875e+10
0.166	2.36419e+10
0.167	2.31886e+10
0.168	2.27522e+10
0.169	2.2338e+10
0.17	2.19192e+10
0.171	2.1501e+10
0.172	2.11072e+10
0.173	2.07231e+10
0.174	2.03305e+10
0.175	1.99498e+10
0.176	1.95915e+10
0.177	1.92315e+10
0.178	1.88671e+10
0.179	1.85225e+10
0.18	1.81924e+10
0.181	1.78543e+10
0.182	1.75197e+10
0.183	1.7207e+10
0.184	1.68997e+10
0.185	1.65836e+10
0.186	1.62783e+10
0.187	1.59927e+10
0.188	1.57051e+10
0.189	1.54115e+10
0.19	1.51334e+10
0.191	1.48706e+10
0.192	1.46014e+10
0.193	1.43299e+10
0.194	1.40762e+10
0.195	1.38332e+10
0.196	1.35817e+10
0.197	1.33312e+10
0.198	1.30991e+10
0.199	1.28738e+10
0.2	1.26393e+10
0.201	1.24084e+10
0.202	1.21953e+10
0.203	1.19864e+10
0.204	1.17683e+10
0.205	1.15549e+10
0.206	1.13587e+10
0.207	1.11653e+10
0.208	1.09628e+10
0.209	1.07651e+10
0.21	1.05838e+10
0.211	1.04053e+10
0.212	1.02176e+10
0.213	1.00337e+10
0.214	9.86565e+09
0.215	9.70133e+09
0.216	9.5279e+09
0.217	9.35622e+09
0.218	9.19967e+09
0.219	9.04877e+09
0.22	8.88924e+09
0.221	8.72862e+09
0.222	8.58176e+09
0.223	8.4432e+09
0.224	8.29746e+09
0.225	8.14731e+09
0.226	8.00833e+09
0.227	7.8805e+09
0.228	7.74845e+09
0.229	7.60899e+09
0.23	7.47645e+09
0.231	7.35705e+09
0.232	7.23811e+09
0.233	7.11035e+09
0.234	6.98376e+09
0.235	6.87e+09
0.236	6.76245e+09
0.237	6.64767e+09
0.238	6.5281e+09
0.239	6.41759e+09
0.24	6.31811e+09
0.241	6.21664e+09
0.242	6.10677e+09
0.243	5.99897e+09
0.244	5.9032e+09
0.245	5.8129e+09
0.246	5.71569e+09
0.247	5.61311e+09
0.248	5.51784e+09
0.249	5.43358e+09
0.25	5.34944e+09
0.251	5.25697e+09
0.252	5.16304e+09
0.253	5.07902e+09
0.254	5.00344e+09
0.255	4.92443e+09
0.256	4.83756e+09
0.257	4.75223e+09
0.258	4.6775e+09
0.259	4.60888e+09
0.26	4.53504e+09
0.261	4.45422e+09
0.262	4.37648e+09
0.263	4.30921e+09
0.264	4.24673e+09
0.265	4.17848e+09
0.266	4.10369e+09
0.267	4.03219e+09
0.268	3.97078e+09
0.269	3.91407e+09
0.27	3.85191e+09
0.271	3.78302e+09
0.272	3.7164e+09
0.273	3.65935e+09
0.274	3.60798e+09
0.275	3.55244e+09
0.276	3.48959e+09
0.277	3.42685e+09
0.278	3.37256e+09
0.279	3.32562e+09
0.28	3.27699e+09
0.281	3.22093e+09
0.282	3.16186e+09
0.283	3.1088e+09
0.284	3.0645e+09
0.285	3.0223e+09
0.286	2.97413e+09
0.287	2.91989e+09
0.288	2.86737e+09
0.289	2.82316e+09
0.29	2.78525e+09
0.291	2.74543e+09
0.292	2.69854e+09
0.293	2.64803e+09
0.294	2.60198e+09
0.295	2.56432e+09
0.296	2.53069e+09
0.297	2.49325e+09
0.298	2.44893e+09
0.299	2.40246e+09
0.3	2.36136e+09
0.301	2.32821e+09
0.302	2.2982e+09
0.303	2.26406e+09
0.304	2.22324e+09
0.305	2.18028e+09
0.306	2.14222e+09
0.307	2.11189e+09
0.308	2.0853e+09
0.309	2.05554e+09
0.31	2.0192e+09
0.311	1.97934e+09
0.312	1.94259e+09
0.313	1.91314e+09
0.314	1.88917e+09
0.315	1.8645e+09
0.316	1.83408e+09
0.317	1.79815e+09
0.318	1.76194e+09
0.319	1.73117e+09
0.32	1.70741e+09
0.321	1.68688e+09
0.322	1.66364e+09
0.323	1.63427e+09
0.324	1.60045e+09
0.325	1.56753e+09
0.326	1.54038e+09
0.327	1.51978e+09
0.328	1.50197e+09
0.329	1.48149e+09
0.33	1.45512e+09
0.331	1.42406e+09
0.332	1.39298e+09
0.333	1.36669e+09
0.334	1.34694e+09
0.335	1.33132e+09
0.336	1.31499e+09
0.337	1.29382e+09
0.338	1.267e+09
0.339	1.23742e+09
0.34	1.20978e+09
0.341	1.18768e+09
0.342	1.17157e+09
0.343	1.15856e+09
0.344	1.14419e+09
0.345	1.12497e+09
0.346	1.1003e+09
0.347	1.07265e+09
0.348	1.04614e+09
0.349	1.02436e+09
0.35	1.00852e+09
0.351	9.96932e+08
0.352	9.85979e+08
0.353	9.71893e+08
0.354	9.52548e+08
0.355	9.28369e+08
0.356	9.02038e+08
0.357	8.77207e+08
0.358	8.56886e+08
0.359	8.42189e+08
0.36	8.31961e+08
0.361	8.23339e+08
0.362	8.12946e+08
0.363	7.9821e+08
0.364	7.78284e+08
0.365	7.54265e+08
0.366	7.28715e+08
0.367	7.047e+08
0.368	6.8474e+08
0.369	6.70015e+08
0.37	6.60061e+08
0.371	6.52997e+08
0.372	6.46161e+08
0.373	6.36915e+08
0.374	6.23367e+08
0.375	6.04838e+08
0.376	5.81954e+08
0.377	5.56409e+08
0.378	5.30485e+08
0.379	5.06487e+08
0.38	4.86229e+08
0.381	4.70683e+08
0.382	4.59846e+08
0.383	4.52809e+08
0.384	4.47997e+08
0.385	4.43495e+08
0.386	4.37392e+08
0.387	4.28072e+08
0.388	4.14421e+08
0.389	3.95925e+08
0.39	3.72663e+08
0.391	3.45227e+08
0.392	3.14579e+08
0.393	2.819e+08
0.394	2.4843e+08
0.395	2.15346e+08
0.396	1.83661e+08
0.397	1.5417e+08
0.398	1.27426e+08
0.399	1.03744e+08
0.4	8.32352e+07
0.401	6.58362e+07
0.402	5.13587e+07
0.403	3.95299e+07
0.404	3.00308e+07
0.405	2.25264e+07
0.406	1.669e+07
0.407	1.2218e+07
0.408	8.84023e+06
0.409	6.32377e+06
0.41	4.47364e+06
0.411	3.13067e+06
0.412	2.16779e+06
0.413	1.48563e+06
0.414	1.00789e+06
0.415	677065
0.416	450454
0.417	296868
0.418	193844
0.419	125430
0.42	80442.9
0.421	51142.9
0.422	32237.8
0.423	20151.1
0.424	12492.5
0.425	7682.12
0.426	4686.58
0.427	2836.82
0.428	1703.99
0.429	1015.82
0.43	601.08
0.431	353.074
0.432	205.905
0.433	119.229
0.434	68.5584
0.435	39.1512
0.436	22.2065
0.437	12.5114
0.438	7.00274
0.439	3.89406
0.44	2.15154
0.441	1.18126
0.442	0.64451
0.443	0.34949
0.444	0.188364
0.445	0.100914
0.446	0.0537439
0.447	0.0284553
0.448	0.0149791
0.449	0.00784013
0.45	0.00408048
0.451	0.00211191
0.452	0.00108704
0.453	0.000556479
0.454	0.000283344
0.455	0.000143505
0.456	7.22989e-05
0.457	3.62357e-05
0.458	1.80678e-05
0.459	8.96322e-06
0.46	4.4242e-06
0.461	2.17291e-06
0.462	1.06196e-06
0.463	5.16483e-07
0.464	2.49982e-07
0.465	1.20416e-07
0.466	5.77312e-08
0.467	2.75489e-08
0.468	1.30853e-08
0.469	6.18693e-09
0.47	2.91202e-09
0.471	1.36447e-09
0.472	6.36501e-10
0.473	2.95612e-10
0.474	1.36695e-10
0.475	6.29374e-11
0.476	2.88543e-11
0.477	1.31727e-11
0.478	5.98854e-12
0.479	2.71139e-12
0.48	1.22252e-12
0.481	5.48979e-13
0.482	2.45464e-13
0.483	1.09321e-13
0.484	4.84468e-14
0.485	2.13878e-14
0.486	9.39551e-15
0.487	4.11283e-15
0.488	1.79128e-15
0.489	7.81105e-16
0.49	3.40633e-16
0.491	1.49807e-16
0.492	6.64023e-17
0.493	3.00759e-17
0.494	1.3962e-17
0.495	6.93609e-18
0.496	3.55681e-18
0.497	1.90912e-18
0.498	1.18744e-18
0.499	9.10936e-19
0.5	9.50782e-19
0.501	8.92414e-19
0.502	1.00492e-18
0.503	1.14121e-18
0.504	1.04277e-18
0.505	9.65822e-19
0.506	9.44244e-19
0.507	9.1614e-19
0.508	8.05054e-19
0.509	8.66917e-19
0.51	9.39453e-19
0.511	9.7905e-19
0.512	9.77728e-19
0.513	8.71696e-19
0.514	9.26703e-19
0.515	7.60971e-19
0.516	5.75961e-19
0.517	6.28906e-19
0.518	4.89835e-19
0.519	5.05633e-19
0.52	6.26664e-19
0.521	3.69829e-19
0.522	3.28677e-19
0.523	3.28881e-19
0.524	3.02987e-19
0.525	3.04076e-19
0.526	3.39919e-19
0.527	3.91995e-19
0.528	3.8081e-19
0.529	5.98529e-19
0.53	3.94916e-19
0.531	5.15337e-19
0.532	4.10456e-19
0.533	5.14964e-19
0.534	3.92374e-19
0.535	3.68516e-19
0.536	5.07691e-19
0.537	4.39398e-19
0.538	4.7094e-19
0.539	6.01572e-19
0.54	6.03087e-19
0.541	5.41351e-19
0.542	5.12752e-19
0.543	5.62495e-19
0.544	4.24223e-19
0.545	4.46591e-19
0.546	5.54772e-19
0.547	5.14978e-19
0.548	5.70661e-19
0.549	6.36408e-19
0.55	5.19762e-19
0.551	6.36186e-19
0.552	5.6854e-19
0.553	6.42147e-19
0.554	4.02322e-19
0.555	4.0285e-19
0.556	3.29159e-19
0.557	3.15334e-19
0.558	3.46676e-19
0.559	4.67063e-19
0.56	4.09616e-19
0.561	4.09115e-19
0.562	4.41e-19
0.563	4.58966e-19
0.564	6.19758e-19
0.565	4.36027e-19
0.566	7.0602e-19
0.567	8.49936e-19
0.568	6.42117e-19
0.569	7.04334e-19
0.57	6.39388e-19
0.571	8.64548e-19
0.572	6.89424e-19
0.573	5.29305e-19
0.574	4.86462e-19
0.575	4.87877e-19
0.576	4.80554e-19
0.577	5.74872e-19
0.578	5.29636e-19
0.579	4.62347e-19
0.58	4.44989e-19
0.581	4.25049e-19
0.582	4.52684e-19
0.583	3.77538e-19
0.584	2.7018e-19
0.585	2.55685e-19
0.586	2.15598e-19
0.587	2.80953e-19
0.588	3.69366e-19
0.589	3.4609e-19
0.59	2.17055e-19
0.591	3.7347e-19
0.592	5.11911e-19
0.593	2.64066e-19
0.594	2.78802e-19
0.595	5.3583e-19
0.596	3.25362e-19
0.597	3.20971e-19
0.598	3.30452e-19
0.599	2.20862e-19
0.6	3.56824e-19
0.601	3.02377e-19
0.602	3.82641e-19
0.603	3.45773e-19
0.604	3.67705e-19
0.605	3.64015e-19
0.606	3.47599e-19
0.607	3.89306e-19
0.608	2.8072e-19
0.609	3.5149e-19
0.61	3.35823e-19
0.611	4.46503e-19
0.612	2.73179e-19
0.613	3.75852e-19
0.614	3.54998e-19
0.615	2.65342e-19
0.616	3.86301e-19
0.617	2.69317e-19
0.618	2.36536e-19
0.619	2.25105e-19
0.62	2.58481e-19
0.621	1.56556e-19
0.622	2.44396e-19
0.623	1.87756e-19
0.624	2.68119e-19
0.625	2.44793e-19
0.626	3.37528e-19
0.627	3.01755e-19
0.628	4.58695e-19
0.629	4.33128e-19
0.63	2.95118e-19
0.631	3.62962e-19
0.632	3.57994e-19
0.633	4.79244e-19
0.634	5.30455e-19
0.635	4.74975e-19
0.636	5.46357e-19
0.637	4.74463e-19
0.638	5.00957e-19
0.639	7.54786e-19
0.64	5.36607e-19
0.641	5.68726e-19
0.642	6.51116e-19
0.643	4.02378e-19
0.644	5.68241e-19
0.645	3.98385e-19
0.646	3.72325e-19
0.647	3.06185e-19
0.648	2.68473e-19
0.649	4.2849e-19
0.65	2.40594e-19
0.651	4.97929e-19
0.652	4.41732e-19
0.653	3.47135e-19
0.654	5.61419e-19
0.655	3.88468e-19
0.656	5.16362e-19
0.657	5.25195e-19
0.658	3.37026e-19
0.659	3.65838e-19
0.66	3.75696e-19
0.661	4.93089e-19
0.662	5.09125e-19
0.663	3.85951e-19
0.664	4.40894e-19
0.665	3.98307e-19
0.666	3.79212e-19
0.667	4.54082e-19
0.668	3.92597e-19
0.669	3.07311e-19
0.67	3.67955e-19
0.671	3.2508e-19
0.672	3.69474e-19
0.673	4.20469e-19
0.674	2.88788e-19
0.675	3.76276e-19
0.676	2.61543e-19
0.677	4.4846e-19
0.678	2.67324e-19
0.679	3.31548e-19
0.68	3.07892e-19
0.681	2.52902e-19
0.682	5.59103e-19
0.683	2.94877e-19
0.684	5.77495e-19
0.685	4.5889e-19
0.686	2.25518e-19
0.687	2.20119e-19
0.688	2.38707e-19
0.689	2.97537e-19
0.69	3.13369e-19
0.691	3.04135e-19
0.692	3.19791e-19
0.693	3.095e-19
0.694	2.50799e-19
0.695	2.27708e-19
0.696	2.26046e-19
0.697	1.50493e-19
0.698	2.12505e-19
0.699	2.28513e-19
0.7	1.51267e-19
0.701	3.25237e-19
0.702	2.38078e-19
0.703	2.76607e-19
0.704	3.88577e-19
0.705	2.5178e-19
0.706	3.74734e-19
0.707	3.67127e-19
0.708	2.99902e-19
0.709	3.08106e-19
0.71	3.18186e-19
0.711	2.83371e-19
0.712	3.35207e-19
0.713	3.63296e-19
0.714	2.51116e-19
0.715	3.30473e-19
0.716	2.36325e-19
0.717	1.96314e-19
0.718	3.09828e-19
0.719	2.37974e-19
0.72	1.50127e-19
0.721	3.46479e-19
0.722	1.94591e-19
0.723	2.60597e-19
0.724	2.59983e-19
0.725	2.56607e-19
0.726	2.15832e-19
0.727	2.26834e-19
0.728	2.26861e-19
0.729	2.77116e-19
0.73	2.85423e-19
0.731	2.68718e-19
0.732	3.02393e-19
0.733	2.61985e-19
0.734	3.04486e-19
0.735	2.15766e-19
0.736	2.91138e-19
0.737	3.22314e-19
0.738	2.43356e-19
0.739	2.68567e-19
0.74	2.84411e-19
0.741	2.38889e-19
0.742	4.33533e-19
0.743	3.50339e-19
0.744	1.70143e-19
0.745	3.12539e-19
0.746	1.83109e-19
0.747	2.68419e-19
0.748	2.9651e-19
0.749	2.83515e-19
0.75	2.62242e-19
0.751	2.75882e-19
0.752	2.16315e-19
0.753	3.05133e-19
0.754	2.81873e-19
0.755	2.71435e-19
0.756	2.71017e-19
0.757	3.62796e-19
0.758	3.37513e-19
0.759	2.8163e-19
0.76	3.47051e-19
0.761	3.17622e-19
0.762	2.96336e-19
0.763	3.2213e-19
0.764	3.31107e-19
0.765	3.41184e-19
0.766	3.13898e-19
0.767	2.2704e-19
0.768	2.56128e-19
0.769	2.86879e-19
0.77	2.9768e-19
0.771	3.01817e-19
0.772	3.60441e-19
0.773	2.45796e-19
0.774	2.51221e-19
0.775	3.50567e-19
0.776	3.58583e-19
0.777	3.55793e-19
0.778	3.32014e-19
0.779	2.55743e-19
0.78	2.86948e-19
0.781	3.76939e-19
0.782	2.90089e-19
0.783	3.76655e-19
0.784	2.95276e-19
0.785	2.31734e-19
0.786	3.39651e-19
0.787	1.97243e-19
0.788	2.0475e-19
0.789	1.21027e-19
0.79	2.05706e-19
0.791	2.03483e-19
0.792	2.18318e-19
0.793	2.42976e-19
0.794	2.14766e-19
0.795	3.55911e-19
0.796	2.28265e-19
0.797	2.30946e-19
0.798	3.2308e-19
0.799	3.24057e-19
0.8	3.51146e-19
0.801	4.81797e-19
0.802	3.58382e-19
0.803	4.94923e-19
0.804	3.79548e-19
0.805	3.32467e-19
0.806	4.86987e-19
0.807	3.41327e-19
0.808	2.90479e-19
0.809	2.7582e-19
0.81	2.73087e-19
0.811	3.13254e-19
0.812	2.28923e-19
0.813	3.6118e-19
0.814	2.71828e-19
0.815	3.8056e-19
0.816	2.71399e-19
0.817	2.16173e-19
0.818	3.00058e-19
0.819	1.58308e-19
0.82	2.88907e-19
0.821	2.04531e-19
0.822	2.50979e-19
0.823	3.38125e-19
0.824	2.73537e-19
0.825	3.09584e-19
0.826	2.83602e-19
0.827	1.92024e-19
0.828	2.46848e-19
0.829	2.36125e-19
0.83	1.87464e-19
0.831	4.34196e-19
0.832	4.88296e-19
0.833	2.70707e-19
0.834	2.91225e-19
0.835	2.41415e-19
0.836	2.38743e-19
0.837	1.56478e-19
0.838	2.14962e-19
0.839	4.25139e-19
0.84	2.90533e-19
0.841	4.49638e-19
0.842	5.03725e-19
0.843	2.30928e-19
0.844	3.80504e-19
0.845	4.17448e-19
0.846	2.43676e-19
0.847	3.3618e-19
0.848	2.97796e-19
0.849	3.37373e-19
0.85	2.19476e-19
0.851	3.15336e-19
0.852	2.35495e-19
0.853	2.03242e-19
0.854	4.09719e-19
0.855	2.48117e-19
0.856	1.72608e-19
0.857	3.07618e-19
0.858	2.57624e-19
0.859	2.2249e-19
0.86	2.36254e-19
0.861	2.688e-19
0.862	2.08064e-19
0.863	1.7949e-19
0.864	1.74045e-19
0.865	2.23772e-19
0.866	2.65121e-19
0.867	1.72472e-19
0.868	3.15142e-19
0.869	3.03513e-19
0.87	3.21278e-19
0.871	2.91856e-19
0.872	3.16165e-19
0.873	2.75113e-19
0.874	2.51329e-19
0.875	2.72866e-19
0.876	4.71425e-19
0.877	2.09579e-19
0.878	4.69781e-19
0.879	3.223e-19
0.88	2.09697e-19
0.881	3.84429e-19
0.882	2.1151e-19
0.883	4.49603e-19
0.884	2.81298e-19
0.885	1.41006e-19
0.886	5.19545e-19
0.887	1.58459e-19
0.888	3.48402e-19
0.889	5.3345e-19
0.89	2.79248e-19
0.891	3.05305e-19
0.892	2.99938e-19
0.893	2.1497e-19
0.894	2.13661e-19
0.895	2.36199e-19
0.896	2.27419e-19
0.897	1.69586e-19
0.898	1.80754e-19
0.899	2.49513e-19
0.9	1.82768e-19
0.901	2.38787e-19
0.902	2.28106e-19
0.903	2.6369e-19
0.904	2.24788e-19
0.905	2.44418e-19
0.906	2.09194e-19
0.907	2.3534e-19
0.908	2.38318e-19
0.909	2.90531e-19
0.91	3.37138e-19
0.911	2.26764e-19
0.912	5.07672e-19
0.913	2.7817e-19
0.914	4.23449e-19
0.915	4.53329e-19
0.916	3.10017e-19
0.917	3.7669e-19
0.918	3.74056e-19
0.919	4.25786e-19
0.92	3.16183e-19
0.921	2.51629e-19
0.922	5.83652e-19
0.923	3.00854e-19
0.924	3.136e-19
0.925	6.17839e-19
0.926	2.28041e-19
0.927	4.32558e-19
0.928	6.77075e-19
0.929	2.50848e-19
0.93	4.14175e-19
0.931	4.02993e-19
0.932	3.14072e-19
0.933	3.92351e-19
0.934	5.1628e-19
0.935	2.74289e-19
0.936	3.1444e-19
0.937	4.04189e-19
0.938	4.8902e-19
0.939	3.18377e-19
0.94	3.3235e-19
0.941	4.18276e-19
0.942	2.96941e-19
0.943	2.98969e-19
0.944	5.23295e-19
0.945	2.09332e-19
0.946	2.55378e-19
0.947	5.89432e-19
0.948	2.88187e-19
0.949	2.67505e-19
0.95	3.9709e-19
0.951	2.38462e-19
0.952	2.84488e-19
0.953	3.22582e-19
0.954	2.24295e-19
0.955	3.30766e-19
0.956	2.62882e-19
0.957	2.9433e-19
0.958	2.78294e-19
0.959	2.93648e-19
0.96	3.26485e-19
0.961	2.98696e-19
0.962	3.44534e-19
0.963	3.14281e-19
0.964	3.67497e-19
0.965	4.80485e-19
0.966	2.64868e-19
0.967	2.88043e-19
0.968	4.13984e-19
0.969	2.77658e-19
0.97	3.02423e-19
0.971	6.18624e-19
0.972	3.32879e-19
0.973	3.06148e-19
0.974	4.97036e-19
0.975	3.53271e-19
0.976	3.23039e-19
0.977	5.52755e-19
0.978	4.13329e-19
0.979	2.86107e-19
0.98	4.38516e-19
0.981	4.33774e-19
0.982	3.41432e-19
0.983	2.77405e-19
0.984	5.43906e-19
0.985	3.49833e-19
0.986	2.43564e-19
0.987	5.1295e-19
0.988	3.12973e-19
0.989	2.87132e-19
0.99	3.54762e-19
0.991	3.10351e-19
0.992	2.14578e-19
0.993	3.50115e-19
0.994	2.78898e-19
0.995	2.37758e-19
0.996	2.46136e-19
0.997	2.03653e-19
0.998	2.82238e-19
0.999	2.38211e-19
1	0
