0	0
0.001	8.93243e+06
0.002	2.74095e+07
0.003	4.12216e+07
0.004	4.58586e+07
0.005	4.60718e+07
0.006	4.58563e+07
0.007	4.53712e+07
0.008	4.44905e+07
0.009	4.38641e+07
0.01	4.34256e+07
0.011	4.27384e+07
0.012	4.2021e+07
0.013	4.15338e+07
0.014	4.10108e+07
0.015	4.03306e+07
0.016	3.97519e+07
0.017	3.92934e+07
0.018	3.87304e+07
0.019	3.81141e+07
0.02	3.76226e+07
0.021	3.71609e+07
0.022	3.6599e+07
0.023	3.60548e+07
0.024	3.56125e+07
0.025	3.5146e+07
0.026	3.46103e+07
0.027	3.41289e+07
0.028	3.37139e+07
0.029	3.32508e+07
0.03	3.27525e+07
0.031	3.23205e+07
0.032	3.19226e+07
0.033	3.14719e+07
0.034	3.10134e+07
0.035	3.06189e+07
0.036	3.02348e+07
0.037	2.9803e+07
0.038	2.93819e+07
0.039	2.90164e+07
0.04	2.86462e+07
0.041	2.8237e+07
0.042	2.78489e+07
0.043	2.75069e+07
0.044	2.71519e+07
0.045	2.67664e+07
0.046	2.64069e+07
0.047	2.60851e+07
0.048	2.57466e+07
0.049	2.53842e+07
0.05	2.50493e+07
0.051	2.47457e+07
0.052	2.44246e+07
0.053	2.40843e+07
0.054	2.37706e+07
0.055	2.3484e+07
0.056	2.31807e+07
0.057	2.28609e+07
0.058	2.25658e+07
0.059	2.22951e+07
0.06	2.20097e+07
0.061	2.17091e+07
0.062	2.14301e+07
0.063	2.11744e+07
0.064	2.09069e+07
0.065	2.06242e+07
0.066	2.03593e+07
0.067	2.01176e+07
0.068	1.98676e+07
0.069	1.96019e+07
0.07	1.93497e+07
0.071	1.91206e+07
0.072	1.88875e+07
0.073	1.86384e+07
0.074	1.83977e+07
0.075	1.81796e+07
0.076	1.79626e+07
0.077	1.773e+07
0.078	1.75e+07
0.079	1.72912e+07
0.08	1.70889e+07
0.081	1.68728e+07
0.082	1.66537e+07
0.083	1.64525e+07
0.084	1.6263e+07
0.085	1.60634e+07
0.086	1.58558e+07
0.087	1.5661e+07
0.088	1.54817e+07
0.089	1.52981e+07
0.09	1.51033e+07
0.091	1.49145e+07
0.092	1.47425e+07
0.093	1.45733e+07
0.094	1.43929e+07
0.095	1.42111e+07
0.096	1.40439e+07
0.097	1.3886e+07
0.098	1.37208e+07
0.099	1.35482e+07
0.1	1.33844e+07
0.101	1.32342e+07
0.102	1.30834e+07
0.103	1.29228e+07
0.104	1.27633e+07
0.105	1.26169e+07
0.106	1.24775e+07
0.107	1.2331e+07
0.108	1.21786e+07
0.109	1.20341e+07
0.11	1.19014e+07
0.111	1.17685e+07
0.112	1.16271e+07
0.113	1.14856e+07
0.114	1.13552e+07
0.115	1.12322e+07
0.116	1.11043e+07
0.117	1.09698e+07
0.118	1.08401e+07
0.119	1.07215e+07
0.12	1.06055e+07
0.121	1.04826e+07
0.122	1.03565e+07
0.123	1.02381e+07
0.124	1.01288e+07
0.125	1.00186e+07
0.126	9.90135e+06
0.127	9.78393e+06
0.128	9.67546e+06
0.129	9.57377e+06
0.13	9.4689e+06
0.131	9.35791e+06
0.132	9.24894e+06
0.133	9.149e+06
0.134	9.05381e+06
0.135	8.9543e+06
0.136	8.84974e+06
0.137	8.74849e+06
0.138	8.65585e+06
0.139	8.56656e+06
0.14	8.47254e+06
0.141	8.37427e+06
0.142	8.27987e+06
0.143	8.19354e+06
0.144	8.10982e+06
0.145	8.0214e+06
0.146	7.92915e+06
0.147	7.84071e+06
0.148	7.75987e+06
0.149	7.68152e+06
0.15	7.59876e+06
0.151	7.5122e+06
0.152	7.42893e+06
0.153	7.35286e+06
0.154	7.27964e+06
0.155	7.20258e+06
0.156	7.12147e+06
0.157	7.04268e+06
0.158	6.97067e+06
0.159	6.90226e+06
0.16	6.8309e+06
0.161	6.75515e+06
0.162	6.68035e+06
0.163	6.61168e+06
0.164	6.54756e+06
0.165	6.48182e+06
0.166	6.41153e+06
0.167	6.34052e+06
0.168	6.2745e+06
0.169	6.21391e+06
0.17	6.1535e+06
0.171	6.08888e+06
0.172	6.02185e+06
0.173	5.958e+06
0.174	5.89994e+06
0.175	5.84417e+06
0.176	5.78542e+06
0.177	5.72293e+06
0.178	5.66124e+06
0.179	5.6047e+06
0.18	5.55238e+06
0.181	5.49925e+06
0.182	5.44212e+06
0.183	5.38324e+06
0.184	5.3276e+06
0.185	5.27716e+06
0.186	5.22865e+06
0.187	5.17742e+06
0.188	5.12266e+06
0.189	5.06823e+06
0.19	5.01825e+06
0.191	4.97249e+06
0.192	4.92674e+06
0.193	4.87749e+06
0.194	4.82575e+06
0.195	4.77585e+06
0.196	4.73065e+06
0.197	4.68853e+06
0.198	4.64517e+06
0.199	4.59824e+06
0.2	4.54978e+06
0.201	4.50397e+06
0.202	4.46271e+06
0.203	4.42363e+06
0.204	4.38269e+06
0.205	4.33833e+06
0.206	4.29305e+06
0.207	4.25075e+06
0.208	4.21272e+06
0.209	4.17639e+06
0.21	4.13801e+06
0.211	4.09638e+06
0.212	4.05402e+06
0.213	4.01459e+06
0.214	3.97922e+06
0.215	3.9455e+06
0.216	3.90985e+06
0.217	3.87105e+06
0.218	3.83132e+06
0.219	3.79417e+06
0.22	3.76095e+06
0.221	3.72967e+06
0.222	3.69691e+06
0.223	3.66105e+06
0.224	3.62378e+06
0.225	3.5884e+06
0.226	3.5568e+06
0.227	3.52768e+06
0.228	3.49785e+06
0.229	3.46514e+06
0.23	3.43034e+06
0.231	3.39643e+06
0.232	3.36588e+06
0.233	3.33841e+06
0.234	3.31135e+06
0.235	3.28199e+06
0.236	3.24997e+06
0.237	3.21755e+06
0.238	3.18756e+06
0.239	3.16099e+06
0.24	3.13616e+06
0.241	3.11018e+06
0.242	3.08147e+06
0.243	3.051e+06
0.244	3.02147e+06
0.245	2.995e+06
0.246	2.97139e+06
0.247	2.94832e+06
0.248	2.9233e+06
0.249	2.89569e+06
0.25	2.86721e+06
0.251	2.84044e+06
0.252	2.8168e+06
0.253	2.79539e+06
0.254	2.77378e+06
0.255	2.74994e+06
0.256	2.7238e+06
0.257	2.69732e+06
0.258	2.67285e+06
0.259	2.65138e+06
0.26	2.63176e+06
0.261	2.61163e+06
0.262	2.58925e+06
0.263	2.56477e+06
0.264	2.54009e+06
0.265	2.5174e+06
0.266	2.49755e+06
0.267	2.47947e+06
0.268	2.46094e+06
0.269	2.4403e+06
0.27	2.41758e+06
0.271	2.39446e+06
0.272	2.37305e+06
0.273	2.35433e+06
0.274	2.33755e+06
0.275	2.32071e+06
0.276	2.30206e+06
0.277	2.28125e+06
0.278	2.25958e+06
0.279	2.23905e+06
0.28	2.22098e+06
0.281	2.20513e+06
0.282	2.18989e+06
0.283	2.17339e+06
0.284	2.15476e+06
0.285	2.13467e+06
0.286	2.11487e+06
0.287	2.09701e+06
0.288	2.08155e+06
0.289	2.0675e+06
0.29	2.05311e+06
0.291	2.03696e+06
0.292	2.01889e+06
0.293	2.00006e+06
0.294	1.98221e+06
0.295	1.96652e+06
0.296	1.95291e+06
0.297	1.94011e+06
0.298	1.92648e+06
0.299	1.91099e+06
0.3	1.89388e+06
0.301	1.87642e+06
0.302	1.86019e+06
0.303	1.84608e+06
0.304	1.8338e+06
0.305	1.82206e+06
0.306	1.80936e+06
0.307	1.79489e+06
0.308	1.77892e+06
0.309	1.76271e+06
0.31	1.74766e+06
0.311	1.73461e+06
0.312	1.7233e+06
0.313	1.71257e+06
0.314	1.70103e+06
0.315	1.68784e+06
0.316	1.67317e+06
0.317	1.65804e+06
0.318	1.6438e+06
0.319	1.63134e+06
0.32	1.62065e+06
0.321	1.61083e+06
0.322	1.60059e+06
0.323	1.58895e+06
0.324	1.57575e+06
0.325	1.56171e+06
0.326	1.54804e+06
0.327	1.53579e+06
0.328	1.52531e+06
0.329	1.5161e+06
0.33	1.50708e+06
0.331	1.49714e+06
0.332	1.48571e+06
0.333	1.47303e+06
0.334	1.46001e+06
0.335	1.44775e+06
0.336	1.43703e+06
0.337	1.42789e+06
0.338	1.41966e+06
0.339	1.41128e+06
0.34	1.40185e+06
0.341	1.39101e+06
0.342	1.37913e+06
0.343	1.36711e+06
0.344	1.35595e+06
0.345	1.34625e+06
0.346	1.33798e+06
0.347	1.3305e+06
0.348	1.32285e+06
0.349	1.31421e+06
0.35	1.30425e+06
0.351	1.2933e+06
0.352	1.28215e+06
0.353	1.2717e+06
0.354	1.26258e+06
0.355	1.25483e+06
0.356	1.24795e+06
0.357	1.2411e+06
0.358	1.23348e+06
0.359	1.22466e+06
0.36	1.21477e+06
0.361	1.20442e+06
0.362	1.19444e+06
0.363	1.18552e+06
0.364	1.17792e+06
0.365	1.17139e+06
0.366	1.16527e+06
0.367	1.15877e+06
0.368	1.1513e+06
0.369	1.14272e+06
0.37	1.13333e+06
0.371	1.1238e+06
0.372	1.11488e+06
0.373	1.10706e+06
0.374	1.10045e+06
0.375	1.09469e+06
0.376	1.08913e+06
0.377	1.08309e+06
0.378	1.07608e+06
0.379	1.06806e+06
0.38	1.05935e+06
0.381	1.05057e+06
0.382	1.04238e+06
0.383	1.03523e+06
0.384	1.02919e+06
0.385	1.02396e+06
0.386	1.01895e+06
0.387	1.01355e+06
0.388	1.00729e+06
0.389	1.00007e+06
0.39	992124
0.391	983980
0.392	976237
0.393	969366
0.394	963544
0.395	958603
0.396	954093
0.397	949441
0.398	944152
0.399	937969
0.4	930959
0.401	923480
0.402	916054
0.403	909197
0.404	903245
0.405	898251
0.406	893970
0.407	889952
0.408	885681
0.409	880747
0.41	874969
0.411	868450
0.412	861535
0.413	854702
0.414	848408
0.415	842954
0.416	838393
0.417	834520
0.418	830940
0.419	827188
0.42	822871
0.421	817781
0.422	811951
0.423	805642
0.424	799263
0.425	793247
0.426	787928
0.427	783450
0.428	779726
0.429	776469
0.43	773279
0.431	769752
0.432	765593
0.433	760696
0.434	755167
0.435	749293
0.436	743459
0.437	738042
0.438	733313
0.439	729368
0.44	726102
0.441	723246
0.442	720434
0.443	717306
0.444	713595
0.445	709196
0.446	704188
0.447	698809
0.448	693398
0.449	688301
0.45	683792
0.451	680003
0.452	676897
0.453	674278
0.454	671843
0.455	669257
0.456	666233
0.457	662599
0.458	658336
0.459	653579
0.46	648585
0.461	643665
0.462	639119
0.463	635161
0.464	631875
0.465	629199
0.466	626941
0.467	624823
0.468	622548
0.469	619864
0.47	616617
0.471	612784
0.472	608476
0.473	603909
0.474	599358
0.475	595094
0.476	591330
0.477	588177
0.478	585618
0.479	583522
0.48	581666
0.481	579788
0.482	577639
0.483	575032
0.484	571883
0.485	568221
0.486	564181
0.487	559977
0.488	555855
0.489	552048
0.49	548725
0.491	545967
0.492	543744
0.493	541933
0.494	540335
0.495	538719
0.496	536864
0.497	534603
0.498	531849
0.499	528612
0.5	524997
0.501	521176
0.502	517364
0.503	513772
0.504	510572
0.505	507868
0.506	505677
0.507	503928
0.508	502475
0.509	501128
0.51	499685
0.511	497963
0.512	495838
0.513	493256
0.514	490247
0.515	486915
0.516	483421
0.517	479953
0.518	476695
0.519	473796
0.52	471348
0.521	469369
0.522	467803
0.523	466531
0.524	465392
0.525	464206
0.526	462808
0.527	461071
0.528	458925
0.529	456369
0.53	453466
0.531	450338
0.532	447140
0.533	444039
0.534	441186
0.535	438698
0.536	436633
0.537	434991
0.538	433708
0.539	432671
0.54	431734
0.541	430741
0.542	429547
0.543	428042
0.544	426162
0.545	423903
0.546	421314
0.547	418494
0.548	415576
0.549	412707
0.55	410025
0.551	407644
0.552	405638
0.553	404027
0.554	402780
0.555	401819
0.556	401030
0.557	400277
0.558	399425
0.559	398354
0.56	396976
0.561	395247
0.562	393172
0.563	390801
0.564	388225
0.565	385561
0.566	382938
0.567	380479
0.568	378288
0.569	376433
0.57	374941
0.571	373796
0.572	372939
0.573	372278
0.574	371698
0.575	371077
0.576	370304
0.577	369284
0.578	367958
0.579	366305
0.58	364344
0.581	362132
0.582	359757
0.583	357326
0.584	354952
0.585	352743
0.586	350785
0.587	349138
0.588	347824
0.589	346830
0.59	346107
0.591	345577
0.592	345141
0.593	344694
0.594	344132
0.595	343368
0.596	342338
0.597	341011
0.598	339388
0.599	337504
0.6	335423
0.601	333232
0.602	331027
0.603	328907
0.604	326963
0.605	325264
0.606	323858
0.607	322757
0.608	321946
0.609	321380
0.61	320989
0.611	320686
0.612	320378
0.613	319976
0.614	319398
0.615	318585
0.616	317503
0.617	316144
0.618	314531
0.619	312712
0.62	310755
0.621	308743
0.622	306763
0.623	304900
0.624	303227
0.625	301799
0.626	300647
0.627	299775
0.628	299163
0.629	298766
0.63	298519
0.631	298345
0.632	298162
0.633	297889
0.634	297456
0.635	296809
0.636	295914
0.637	294762
0.638	293367
0.639	291767
0.64	290018
0.641	288191
0.642	286361
0.643	284606
0.644	282997
0.645	281591
0.646	280428
0.647	279525
0.648	278878
0.649	278463
0.65	278233
0.651	278127
0.652	278077
0.653	278007
0.654	277847
0.655	277535
0.656	277023
0.657	276280
0.658	275296
0.659	274081
0.66	272667
0.661	271100
0.662	269441
0.663	267757
0.664	266118
0.665	264589
0.666	263228
0.667	262078
0.668	261165
0.669	260497
0.67	260061
0.671	259828
0.672	259752
0.673	259777
0.674	259837
0.675	259866
0.676	259802
0.677	259590
0.678	259187
0.679	258567
0.68	257720
0.681	256655
0.682	255398
0.683	253989
0.684	252480
0.685	250932
0.686	249407
0.687	247967
0.688	246666
0.689	245548
0.69	244645
0.691	243970
0.692	243523
0.693	243285
0.694	243222
0.695	243289
0.696	243431
0.697	243590
0.698	243705
0.699	243721
0.7	243589
0.701	243273
0.702	242749
0.703	242009
0.704	241062
0.705	239929
0.706	238648
0.707	237265
0.708	235833
0.709	234411
0.71	233055
0.711	231816
0.712	230740
0.713	229858
0.714	229191
0.715	228743
0.716	228504
0.717	228451
0.718	228549
0.719	228750
0.72	229004
0.721	229254
0.722	229447
0.723	229532
0.724	229466
0.725	229217
0.726	228766
0.727	228108
0.728	227249
0.729	226212
0.73	225029
0.731	223745
0.732	222407
0.733	221070
0.734	219786
0.735	218605
0.736	217570
0.737	216716
0.738	216064
0.739	215624
0.74	215392
0.741	215353
0.742	215476
0.743	215724
0.744	216051
0.745	216407
0.746	216738
0.747	216995
0.748	217133
0.749	217115
0.75	216911
0.751	216508
0.752	215901
0.753	215099
0.754	214125
0.755	213009
0.756	211794
0.757	210525
0.758	209253
0.759	208029
0.76	206900
0.761	205908
0.762	205087
0.763	204462
0.764	204044
0.765	203834
0.766	203820
0.767	203978
0.768	204276
0.769	204672
0.77	205120
0.771	205568
0.772	205969
0.773	206276
0.774	206447
0.775	206450
0.776	206262
0.777	205872
0.778	205278
0.779	204494
0.78	203541
0.781	202453
0.782	201270
0.783	200038
0.784	198806
0.785	197623
0.786	196535
0.787	195584
0.788	194803
0.789	194217
0.79	193840
0.791	193672
0.792	193706
0.793	193920
0.794	194285
0.795	194760
0.796	195303
0.797	195865
0.798	196396
0.799	196849
0.8	197181
0.801	197356
0.802	197345
0.803	197131
0.804	196707
0.805	196078
0.806	195260
0.807	194280
0.808	193172
0.809	191979
0.81	190748
0.811	189528
0.812	188368
0.813	187314
0.814	186406
0.815	185677
0.816	185152
0.817	184842
0.818	184752
0.819	184869
0.82	185176
0.821	185641
0.822	186226
0.823	186886
0.824	187573
0.825	188237
0.826	188828
0.827	189301
0.828	189617
0.829	189745
0.83	189662
0.831	189358
0.832	188834
0.833	188100
0.834	187180
0.835	186106
0.836	184918
0.837	183664
0.838	182392
0.839	181154
0.84	180001
0.841	178977
0.842	178125
0.843	177473
0.844	177046
0.845	176852
0.846	176893
0.847	177154
0.848	177614
0.849	178238
0.85	178985
0.851	179808
0.852	180654
0.853	181470
0.854	182204
0.855	182809
0.856	183240
0.857	183466
0.858	183460
0.859	183211
0.86	182718
0.861	181990
0.862	181051
0.863	179933
0.864	178678
0.865	177336
0.866	175959
0.867	174603
0.868	173324
0.869	172173
0.87	171199
0.871	170438
0.872	169920
0.873	169662
0.874	169671
0.875	169938
0.876	170444
0.877	171158
0.878	172040
0.879	173039
0.88	174101
0.881	175166
0.882	176176
0.883	177071
0.884	177800
0.885	178316
0.886	178584
0.887	178578
0.888	178286
0.889	177709
0.89	176861
0.891	175768
0.892	174470
0.893	173015
0.894	171459
0.895	169866
0.896	168298
0.897	166822
0.898	165498
0.899	164381
0.9	163518
0.901	162945
0.902	162685
0.903	162746
0.904	163123
0.905	163797
0.906	164734
0.907	165888
0.908	167203
0.909	168613
0.91	170049
0.911	171439
0.912	172710
0.913	173795
0.914	174634
0.915	175176
0.916	175384
0.917	175233
0.918	174716
0.919	173840
0.92	172631
0.921	171126
0.922	169380
0.923	167458
0.924	165435
0.925	163392
0.926	161411
0.927	159576
0.928	157965
0.929	156647
0.93	155682
0.931	155115
0.932	154974
0.933	155271
0.934	155997
0.935	157125
0.936	158611
0.937	160393
0.938	162395
0.939	164529
0.94	166699
0.941	168804
0.942	170744
0.943	172423
0.944	173753
0.945	174656
0.946	175073
0.947	174963
0.948	174303
0.949	173098
0.95	171371
0.951	169170
0.952	166567
0.953	163650
0.954	160525
0.955	157313
0.956	154139
0.957	151136
0.958	148433
0.959	146154
0.96	144410
0.961	143295
0.962	142881
0.963	143217
0.964	144322
0.965	146185
0.966	148764
0.967	151987
0.968	155749
0.969	159919
0.97	164342
0.971	168843
0.972	173230
0.973	177306
0.974	180866
0.975	183714
0.976	185661
0.977	186537
0.978	186197
0.979	184521
0.98	181426
0.981	176865
0.982	170834
0.983	163368
0.984	154545
0.985	144486
0.986	133349
0.987	121328
0.988	108649
0.989	95560.5
0.99	82331.8
0.991	69243
0.992	56577.9
0.993	44616.7
0.994	33628.3
0.995	23862.6
0.996	15543.6
0.997	8863.75
0.998	3978.06
0.999	1000.34
1	0
