0	0
0.001	1.04962e+10
0.002	3.03531e+10
0.003	4.34336e+10
0.004	4.77996e+10
0.005	4.80978e+10
0.006	4.7256e+10
0.007	4.62785e+10
0.008	4.52609e+10
0.009	4.42825e+10
0.01	4.333e+10
0.011	4.23789e+10
0.012	4.14776e+10
0.013	4.05738e+10
0.014	3.9701e+10
0.015	3.88538e+10
0.016	3.80091e+10
0.017	3.72037e+10
0.018	3.6403e+10
0.019	3.56227e+10
0.02	3.48698e+10
0.021	3.41185e+10
0.022	3.3398e+10
0.023	3.26886e+10
0.024	3.19903e+10
0.025	3.132e+10
0.026	3.06525e+10
0.027	3.00063e+10
0.028	2.93775e+10
0.029	2.87533e+10
0.03	2.8154e+10
0.031	2.75622e+10
0.032	2.69819e+10
0.033	2.64228e+10
0.034	2.58667e+10
0.035	2.53283e+10
0.036	2.4804e+10
0.037	2.42837e+10
0.038	2.37834e+10
0.039	2.32903e+10
0.04	2.28056e+10
0.041	2.23388e+10
0.042	2.18754e+10
0.043	2.14246e+10
0.044	2.09874e+10
0.045	2.05529e+10
0.046	2.01335e+10
0.047	1.9723e+10
0.048	1.93166e+10
0.049	1.89258e+10
0.05	1.85399e+10
0.051	1.81607e+10
0.052	1.77955e+10
0.053	1.74329e+10
0.054	1.70793e+10
0.055	1.67372e+10
0.056	1.63969e+10
0.057	1.60673e+10
0.058	1.57463e+10
0.059	1.54273e+10
0.06	1.51197e+10
0.061	1.48183e+10
0.062	1.45196e+10
0.063	1.42322e+10
0.064	1.39489e+10
0.065	1.36694e+10
0.066	1.34006e+10
0.067	1.31345e+10
0.068	1.28729e+10
0.069	1.26212e+10
0.07	1.23712e+10
0.071	1.21265e+10
0.072	1.18905e+10
0.073	1.16558e+10
0.074	1.14266e+10
0.075	1.12054e+10
0.076	1.0985e+10
0.077	1.07704e+10
0.078	1.05628e+10
0.079	1.03558e+10
0.08	1.01547e+10
0.081	9.95998e+09
0.082	9.76565e+09
0.083	9.577e+09
0.084	9.39427e+09
0.085	9.21181e+09
0.086	9.03474e+09
0.087	8.86327e+09
0.088	8.69195e+09
0.089	8.52562e+09
0.09	8.3647e+09
0.091	8.20386e+09
0.092	8.04748e+09
0.093	7.89645e+09
0.094	7.74546e+09
0.095	7.59832e+09
0.096	7.45653e+09
0.097	7.31483e+09
0.098	7.17627e+09
0.099	7.0431e+09
0.1	6.9102e+09
0.101	6.77962e+09
0.102	6.65444e+09
0.103	6.52986e+09
0.104	6.40677e+09
0.105	6.28895e+09
0.106	6.17225e+09
0.107	6.05622e+09
0.108	5.94514e+09
0.109	5.83587e+09
0.11	5.72659e+09
0.111	5.62165e+09
0.112	5.51934e+09
0.113	5.41658e+09
0.114	5.31724e+09
0.115	5.22132e+09
0.116	5.12492e+09
0.117	5.03078e+09
0.118	4.94062e+09
0.119	4.85042e+09
0.12	4.76123e+09
0.121	4.67614e+09
0.122	4.59191e+09
0.123	4.5076e+09
0.124	4.42693e+09
0.125	4.34825e+09
0.126	4.26892e+09
0.127	4.19215e+09
0.128	4.11842e+09
0.129	4.04419e+09
0.13	3.9711e+09
0.131	3.90152e+09
0.132	3.83237e+09
0.133	3.76305e+09
0.134	3.69687e+09
0.135	3.63244e+09
0.136	3.56724e+09
0.137	3.50395e+09
0.138	3.44351e+09
0.139	3.38273e+09
0.14	3.3223e+09
0.141	3.26494e+09
0.142	3.20852e+09
0.143	3.15139e+09
0.144	3.09638e+09
0.145	3.04369e+09
0.146	2.9904e+09
0.147	2.93761e+09
0.148	2.88765e+09
0.149	2.83832e+09
0.15	2.78828e+09
0.151	2.74019e+09
0.152	2.69421e+09
0.153	2.64763e+09
0.154	2.60132e+09
0.155	2.55756e+09
0.156	2.51459e+09
0.157	2.47078e+09
0.158	2.42842e+09
0.159	2.38825e+09
0.16	2.34773e+09
0.161	2.30696e+09
0.162	2.26834e+09
0.163	2.23101e+09
0.164	2.19281e+09
0.165	2.15523e+09
0.166	2.1199e+09
0.167	2.08488e+09
0.168	2.04906e+09
0.169	2.01461e+09
0.17	1.98204e+09
0.171	1.94907e+09
0.172	1.91571e+09
0.173	1.88416e+09
0.174	1.85391e+09
0.175	1.82289e+09
0.176	1.79197e+09
0.177	1.763e+09
0.178	1.73477e+09
0.179	1.70564e+09
0.18	1.67706e+09
0.181	1.65037e+09
0.182	1.62396e+09
0.183	1.59669e+09
0.184	1.57027e+09
0.185	1.5456e+09
0.186	1.52089e+09
0.187	1.4954e+09
0.188	1.47095e+09
0.189	1.44809e+09
0.19	1.42499e+09
0.191	1.4012e+09
0.192	1.37852e+09
0.193	1.3573e+09
0.194	1.33575e+09
0.195	1.31355e+09
0.196	1.29244e+09
0.197	1.27272e+09
0.198	1.25267e+09
0.199	1.23195e+09
0.2	1.21223e+09
0.201	1.19389e+09
0.202	1.17529e+09
0.203	1.15596e+09
0.204	1.13747e+09
0.205	1.12038e+09
0.206	1.10317e+09
0.207	1.08517e+09
0.208	1.06777e+09
0.209	1.05177e+09
0.21	1.03591e+09
0.211	1.01921e+09
0.212	1.00277e+09
0.213	9.87715e+08
0.214	9.7311e+08
0.215	9.57706e+08
0.216	9.42186e+08
0.217	9.27891e+08
0.218	9.14403e+08
0.219	9.00312e+08
0.22	8.85724e+08
0.221	8.72038e+08
0.222	8.5946e+08
0.223	8.46662e+08
0.224	8.33105e+08
0.225	8.19946e+08
0.226	8.08015e+08
0.227	7.96398e+08
0.228	7.84014e+08
0.229	7.71437e+08
0.23	7.59894e+08
0.231	7.49197e+08
0.232	7.3808e+08
0.233	7.26299e+08
0.234	7.15011e+08
0.235	7.04849e+08
0.236	6.94904e+08
0.237	6.84212e+08
0.238	6.73301e+08
0.239	6.63311e+08
0.24	6.5417e+08
0.241	6.44728e+08
0.242	6.34575e+08
0.243	6.2466e+08
0.244	6.15792e+08
0.245	6.0739e+08
0.246	5.98398e+08
0.247	5.88895e+08
0.248	5.79951e+08
0.249	5.71994e+08
0.25	5.64178e+08
0.251	5.55664e+08
0.252	5.46852e+08
0.253	5.38768e+08
0.254	5.31551e+08
0.255	5.24265e+08
0.256	5.16269e+08
0.257	5.0812e+08
0.258	5.00757e+08
0.259	4.94163e+08
0.26	4.87405e+08
0.261	4.79951e+08
0.262	4.72397e+08
0.263	4.65619e+08
0.264	4.59569e+08
0.265	4.53355e+08
0.266	4.46459e+08
0.267	4.39424e+08
0.268	4.33103e+08
0.269	4.27526e+08
0.27	4.21871e+08
0.271	4.15556e+08
0.272	4.08983e+08
0.273	4.03001e+08
0.274	3.97806e+08
0.275	3.92707e+08
0.276	3.87012e+08
0.277	3.80893e+08
0.278	3.7515e+08
0.279	3.70213e+08
0.28	3.65616e+08
0.281	3.60587e+08
0.282	3.54979e+08
0.283	3.49437e+08
0.284	3.44606e+08
0.285	3.40373e+08
0.286	3.36012e+08
0.287	3.3104e+08
0.288	3.25768e+08
0.289	3.20928e+08
0.29	3.16827e+08
0.291	3.13012e+08
0.292	3.08789e+08
0.293	3.04001e+08
0.294	2.99187e+08
0.295	2.94974e+08
0.296	2.91397e+08
0.297	2.87871e+08
0.298	2.83829e+08
0.299	2.79322e+08
0.3	2.74949e+08
0.301	2.71219e+08
0.302	2.6803e+08
0.303	2.64781e+08
0.304	2.60997e+08
0.305	2.56803e+08
0.306	2.52783e+08
0.307	2.49391e+08
0.308	2.46509e+08
0.309	2.43571e+08
0.31	2.40122e+08
0.311	2.36248e+08
0.312	2.32481e+08
0.313	2.2929e+08
0.314	2.26641e+08
0.315	2.24043e+08
0.316	2.21007e+08
0.317	2.17486e+08
0.318	2.13908e+08
0.319	2.10784e+08
0.32	2.08251e+08
0.321	2.05967e+08
0.322	2.03412e+08
0.323	2.00341e+08
0.324	1.96982e+08
0.325	1.93834e+08
0.326	1.91244e+08
0.327	1.89124e+08
0.328	1.87035e+08
0.329	1.84547e+08
0.33	1.81584e+08
0.331	1.78474e+08
0.332	1.75681e+08
0.333	1.73442e+08
0.334	1.71592e+08
0.335	1.69696e+08
0.336	1.67387e+08
0.337	1.6463e+08
0.338	1.61745e+08
0.339	1.59159e+08
0.34	1.571e+08
0.341	1.55438e+08
0.342	1.53789e+08
0.343	1.51782e+08
0.344	1.49319e+08
0.345	1.46631e+08
0.346	1.44112e+08
0.347	1.42058e+08
0.348	1.40471e+08
0.349	1.39067e+08
0.35	1.37467e+08
0.351	1.35436e+08
0.352	1.33028e+08
0.353	1.30541e+08
0.354	1.28332e+08
0.355	1.26597e+08
0.356	1.25263e+08
0.357	1.24035e+08
0.358	1.22577e+08
0.359	1.20699e+08
0.36	1.18463e+08
0.361	1.16139e+08
0.362	1.14054e+08
0.363	1.12407e+08
0.364	1.11174e+08
0.365	1.10125e+08
0.366	1.08947e+08
0.367	1.07408e+08
0.368	1.05471e+08
0.369	1.03304e+08
0.37	1.01193e+08
0.371	9.93984e+07
0.372	9.80371e+07
0.373	9.70289e+07
0.374	9.61415e+07
0.375	9.50997e+07
0.376	9.37084e+07
0.377	9.19346e+07
0.378	8.99156e+07
0.379	8.78953e+07
0.38	8.61192e+07
0.381	8.47347e+07
0.382	8.37358e+07
0.383	8.2971e+07
0.384	8.22066e+07
0.385	8.12185e+07
0.386	7.98739e+07
0.387	7.81763e+07
0.388	7.6259e+07
0.389	7.43326e+07
0.39	7.26108e+07
0.391	7.12375e+07
0.392	7.02432e+07
0.393	6.95397e+07
0.394	6.89523e+07
0.395	6.82776e+07
0.396	6.73454e+07
0.397	6.60671e+07
0.398	6.44572e+07
0.399	6.26248e+07
0.4	6.07389e+07
0.401	5.89807e+07
0.402	5.74962e+07
0.403	5.63604e+07
0.404	5.55629e+07
0.405	5.50143e+07
0.406	5.45711e+07
0.407	5.40706e+07
0.408	5.33678e+07
0.409	5.2365e+07
0.41	5.1029e+07
0.411	4.93942e+07
0.412	4.75515e+07
0.413	4.5628e+07
0.414	4.37619e+07
0.415	4.20774e+07
0.416	4.06651e+07
0.417	3.95693e+07
0.418	3.87844e+07
0.419	3.82591e+07
0.42	3.79072e+07
0.421	3.76214e+07
0.422	3.7289e+07
0.423	3.68059e+07
0.424	3.6088e+07
0.425	3.50783e+07
0.426	3.37504e+07
0.427	3.21074e+07
0.428	3.01788e+07
0.429	2.80141e+07
0.43	2.56765e+07
0.431	2.32359e+07
0.432	2.07623e+07
0.433	1.83211e+07
0.434	1.5969e+07
0.435	1.3752e+07
0.436	1.17039e+07
0.437	9.84683e+06
0.438	8.19198e+06
0.439	6.74114e+06
0.44	5.48849e+06
0.441	4.42251e+06
0.442	3.52775e+06
0.443	2.78646e+06
0.444	2.17994e+06
0.445	1.68957e+06
0.446	1.29763e+06
0.447	987784
0.448	745424
0.449	557781
0.45	413930
0.451	304702
0.452	222528
0.453	161262
0.454	115981
0.455	82798
0.456	58680.5
0.457	41292.8
0.458	28855
0.459	20025.9
0.46	13805.3
0.461	9454.36
0.462	6432.91
0.463	4349.31
0.464	2922.27
0.465	1951.43
0.466	1295.28
0.467	854.669
0.468	560.657
0.469	365.681
0.47	237.166
0.471	152.964
0.472	98.1173
0.473	62.5981
0.474	39.7256
0.475	25.0788
0.476	15.7509
0.477	9.84226
0.478	6.11943
0.479	3.78601
0.48	2.33098
0.481	1.42827
0.482	0.871012
0.483	0.528699
0.484	0.319441
0.485	0.19213
0.486	0.115041
0.487	0.0685773
0.488	0.0407014
0.489	0.0240525
0.49	0.0141534
0.491	0.00829329
0.492	0.00483934
0.493	0.00281228
0.494	0.00162767
0.495	0.000938278
0.496	0.000538731
0.497	0.000308113
0.498	0.000175536
0.499	9.96222e-05
0.5	5.63251e-05
0.501	3.17265e-05
0.502	1.78047e-05
0.503	9.95532e-06
0.504	5.54632e-06
0.505	3.07893e-06
0.506	1.70316e-06
0.507	9.38838e-07
0.508	5.15728e-07
0.509	2.82333e-07
0.51	1.54039e-07
0.511	8.37608e-08
0.512	4.53951e-08
0.513	2.45217e-08
0.514	1.32032e-08
0.515	7.08614e-09
0.516	3.79104e-09
0.517	2.02179e-09
0.518	1.07488e-09
0.519	5.69691e-10
0.52	3.01017e-10
0.521	1.58572e-10
0.522	8.32832e-11
0.523	4.36111e-11
0.524	2.27698e-11
0.525	1.18537e-11
0.526	6.15309e-12
0.527	3.18482e-12
0.528	1.64375e-12
0.529	8.45995e-13
0.53	4.34184e-13
0.531	2.2222e-13
0.532	1.1342e-13
0.533	5.77295e-14
0.534	2.93037e-14
0.535	1.48354e-14
0.536	7.49062e-15
0.537	3.77116e-15
0.538	1.89357e-15
0.539	9.48565e-16
0.54	4.74062e-16
0.541	2.364e-16
0.542	1.17583e-16
0.543	5.84218e-17
0.544	2.89295e-17
0.545	1.41597e-17
0.546	6.88554e-18
0.547	3.34399e-18
0.548	1.71369e-18
0.549	8.40646e-19
0.55	4.8709e-19
0.551	3.00003e-19
0.552	2.17583e-19
0.553	2.04646e-19
0.554	1.34891e-19
0.555	1.09984e-19
0.556	1.13962e-19
0.557	7.48951e-20
0.558	8.46906e-20
0.559	9.24002e-20
0.56	7.74889e-20
0.561	1.398e-19
0.562	8.86781e-20
0.563	8.27874e-20
0.564	1.17766e-19
0.565	1.12048e-19
0.566	1.50939e-19
0.567	1.92598e-19
0.568	1.61052e-19
0.569	2.12568e-19
0.57	2.0937e-19
0.571	2.18874e-19
0.572	2.6079e-19
0.573	1.9697e-19
0.574	2.29748e-19
0.575	1.80359e-19
0.576	1.86167e-19
0.577	1.78691e-19
0.578	1.22988e-19
0.579	1.24934e-19
0.58	1.01972e-19
0.581	1.23743e-19
0.582	1.59227e-19
0.583	1.52773e-19
0.584	1.66351e-19
0.585	1.59827e-19
0.586	1.50326e-19
0.587	1.34833e-19
0.588	1.12936e-19
0.589	9.21359e-20
0.59	8.7203e-20
0.591	8.88603e-20
0.592	9.03502e-20
0.593	8.74515e-20
0.594	8.24261e-20
0.595	8.37084e-20
0.596	7.30528e-20
0.597	7.03218e-20
0.598	6.76673e-20
0.599	8.72615e-20
0.6	1.12906e-19
0.601	1.23993e-19
0.602	1.41887e-19
0.603	1.37326e-19
0.604	1.29141e-19
0.605	1.2063e-19
0.606	1.13379e-19
0.607	1.19028e-19
0.608	1.21246e-19
0.609	1.02699e-19
0.61	9.62725e-20
0.611	8.82774e-20
0.612	1.0465e-19
0.613	1.04614e-19
0.614	9.51812e-20
0.615	1.04932e-19
0.616	9.24765e-20
0.617	1.16291e-19
0.618	8.69205e-20
0.619	8.21818e-20
0.62	8.46937e-20
0.621	7.38678e-20
0.622	6.60888e-20
0.623	9.68782e-20
0.624	6.59436e-20
0.625	7.16828e-20
0.626	1.23669e-19
0.627	7.33506e-20
0.628	1.61764e-19
0.629	1.54635e-19
0.63	1.15444e-19
0.631	2.12921e-19
0.632	1.19388e-19
0.633	1.27886e-19
0.634	1.89303e-19
0.635	1.09523e-19
0.636	2.38758e-19
0.637	1.83615e-19
0.638	1.12775e-19
0.639	1.71963e-19
0.64	9.82821e-20
0.641	2.29231e-19
0.642	2.03781e-19
0.643	7.33651e-20
0.644	1.43655e-19
0.645	6.8072e-20
0.646	1.23482e-19
0.647	2.30582e-19
0.648	6.7579e-20
0.649	2.82969e-19
0.65	2.19698e-19
0.651	1.20291e-19
0.652	3.48955e-19
0.653	7.23267e-20
0.654	3.37151e-19
0.655	2.01269e-19
0.656	1.92424e-19
0.657	3.24298e-19
0.658	1.27394e-19
0.659	3.54454e-19
0.66	2.06192e-19
0.661	1.70449e-19
0.662	2.1607e-19
0.663	1.04374e-19
0.664	3.07819e-19
0.665	1.8594e-19
0.666	1.28077e-19
0.667	2.9408e-19
0.668	6.58834e-20
0.669	2.71157e-19
0.67	2.27734e-19
0.671	7.13586e-20
0.672	2.08904e-19
0.673	4.90983e-20
0.674	2.23035e-19
0.675	1.9824e-19
0.676	7.36148e-20
0.677	3.29306e-19
0.678	8.90501e-20
0.679	1.85159e-19
0.68	2.424e-19
0.681	1.02252e-19
0.682	3.04759e-19
0.683	1.90017e-19
0.684	1.41105e-19
0.685	2.4395e-19
0.686	9.87862e-20
0.687	2.41468e-19
0.688	2.11545e-19
0.689	9.51598e-20
0.69	1.96836e-19
0.691	1.48419e-19
0.692	1.05766e-19
0.693	2.51913e-19
0.694	1.03847e-19
0.695	1.14168e-19
0.696	1.59729e-19
0.697	3.71616e-20
0.698	1.64012e-19
0.699	1.7138e-19
0.7	5.22656e-20
0.701	2.85818e-19
0.702	1.09425e-19
0.703	1.43096e-19
0.704	2.00883e-19
0.705	5.27122e-20
0.706	2.07888e-19
0.707	1.65415e-19
0.708	5.41897e-20
0.709	1.39635e-19
0.71	7.37996e-20
0.711	1.31794e-19
0.712	1.69002e-19
0.713	7.26787e-20
0.714	1.23116e-19
0.715	7.90521e-20
0.716	7.47814e-20
0.717	9.00193e-20
0.718	3.58869e-20
0.719	6.80313e-20
0.72	2.7239e-20
0.721	7.03276e-20
0.722	7.23356e-20
0.723	5.5504e-20
0.724	8.70658e-20
0.725	6.16431e-20
0.726	6.37392e-20
0.727	4.58569e-20
0.728	4.67393e-20
0.729	5.76649e-20
0.73	4.39096e-20
0.731	4.53813e-20
0.732	5.46158e-20
0.733	4.62495e-20
0.734	4.08667e-20
0.735	5.6902e-20
0.736	4.73805e-20
0.737	5.54542e-20
0.738	5.46425e-20
0.739	5.50562e-20
0.74	7.55939e-20
0.741	6.53527e-20
0.742	6.77098e-20
0.743	8.58714e-20
0.744	4.70948e-20
0.745	5.62377e-20
0.746	6.50254e-20
0.747	4.07014e-20
0.748	4.96783e-20
0.749	3.74148e-20
0.75	3.50949e-20
0.751	5.0267e-20
0.752	4.09489e-20
0.753	3.80515e-20
0.754	4.88054e-20
0.755	6.24817e-20
0.756	4.19304e-20
0.757	6.7806e-20
0.758	7.45163e-20
0.759	7.8008e-20
0.76	1.15837e-19
0.761	8.95537e-20
0.762	9.63358e-20
0.763	9.64858e-20
0.764	6.41564e-20
0.765	8.39686e-20
0.766	1.03183e-19
0.767	7.01406e-20
0.768	6.9733e-20
0.769	7.18899e-20
0.77	5.3779e-20
0.771	5.59829e-20
0.772	5.66676e-20
0.773	6.15125e-20
0.774	5.56992e-20
0.775	6.67395e-20
0.776	6.46615e-20
0.777	7.43839e-20
0.778	8.30273e-20
0.779	5.48089e-20
0.78	4.29409e-20
0.781	4.35038e-20
0.782	3.61681e-20
0.783	4.55726e-20
0.784	5.71319e-20
0.785	5.50289e-20
0.786	7.12372e-20
0.787	6.16286e-20
0.788	4.44144e-20
0.789	5.68235e-20
0.79	4.17378e-20
0.791	4.71887e-20
0.792	6.09752e-20
0.793	5.33672e-20
0.794	6.07941e-20
0.795	8.87034e-20
0.796	4.42717e-20
0.797	6.78991e-20
0.798	8.11751e-20
0.799	5.16098e-20
0.8	9.06305e-20
0.801	6.11406e-20
0.802	1.33253e-19
0.803	1.21928e-19
0.804	6.30716e-20
0.805	1.21341e-19
0.806	6.02017e-20
0.807	9.60952e-20
0.808	1.22661e-19
0.809	3.62338e-20
0.81	1.39818e-19
0.811	7.01464e-20
0.812	1.20445e-19
0.813	1.63481e-19
0.814	4.89824e-20
0.815	1.10774e-19
0.816	6.51357e-20
0.817	5.50122e-20
0.818	1.03144e-19
0.819	3.44239e-20
0.82	8.23608e-20
0.821	6.18073e-20
0.822	4.00053e-20
0.823	6.39727e-20
0.824	6.46918e-20
0.825	4.07591e-20
0.826	9.02923e-20
0.827	5.24405e-20
0.828	9.49774e-20
0.829	1.46409e-19
0.83	4.61103e-20
0.831	1.75591e-19
0.832	1.52644e-19
0.833	7.53904e-20
0.834	1.49949e-19
0.835	5.71386e-20
0.836	7.63021e-20
0.837	9.8603e-20
0.838	2.73977e-20
0.839	1.40651e-19
0.84	1.25633e-19
0.841	8.81672e-20
0.842	1.77362e-19
0.843	6.41991e-20
0.844	1.19912e-19
0.845	2.1082e-19
0.846	3.44839e-20
0.847	2.12901e-19
0.848	1.23655e-19
0.849	7.36753e-20
0.85	2.0785e-19
0.851	5.6911e-20
0.852	1.66633e-19
0.853	1.37418e-19
0.854	6.91688e-20
0.855	2.1055e-19
0.856	5.33227e-20
0.857	1.28443e-19
0.858	1.39556e-19
0.859	5.77943e-20
0.86	1.58871e-19
0.861	4.15488e-20
0.862	1.25437e-19
0.863	9.75736e-20
0.864	2.957e-20
0.865	1.60463e-19
0.866	7.16114e-20
0.867	7.7061e-20
0.868	1.7027e-19
0.869	7.13505e-20
0.87	1.08093e-19
0.871	1.03487e-19
0.872	5.73562e-20
0.873	1.49961e-19
0.874	8.11837e-20
0.875	1.17457e-19
0.876	1.39899e-19
0.877	4.36188e-20
0.878	1.75909e-19
0.879	6.58764e-20
0.88	9.00353e-20
0.881	1.77763e-19
0.882	3.28519e-20
0.883	1.40283e-19
0.884	1.22594e-19
0.885	3.4252e-20
0.886	1.75017e-19
0.887	8.24821e-20
0.888	5.48057e-20
0.889	2.00151e-19
0.89	7.15276e-20
0.891	1.17009e-19
0.892	1.63753e-19
0.893	5.36343e-20
0.894	8.91747e-20
0.895	8.0068e-20
0.896	5.78443e-20
0.897	1.18113e-19
0.898	4.67471e-20
0.899	1.1618e-19
0.9	1.10381e-19
0.901	2.46873e-20
0.902	1.79174e-19
0.903	8.13226e-20
0.904	6.2853e-20
0.905	2.05692e-19
0.906	4.81244e-20
0.907	1.50287e-19
0.908	1.27094e-19
0.909	8.98831e-20
0.91	2.08664e-19
0.911	4.42586e-20
0.912	2.34383e-19
0.913	1.16434e-19
0.914	1.05166e-19
0.915	3.6804e-19
0.916	3.48053e-20
0.917	2.94772e-19
0.918	2.1206e-19
0.919	1.5367e-19
0.92	3.76599e-19
0.921	1.08933e-19
0.922	3.81643e-19
0.923	3.10504e-19
0.924	1.02896e-19
0.925	5.21943e-19
0.926	1.29892e-19
0.927	1.80176e-19
0.928	4.31875e-19
0.929	4.63292e-20
0.93	3.44658e-19
0.931	2.70543e-19
0.932	8.02223e-20
0.933	3.08999e-19
0.934	1.06199e-19
0.935	1.78626e-19
0.936	3.09025e-19
0.937	5.59983e-20
0.938	2.67969e-19
0.939	2.57045e-19
0.94	4.48277e-20
0.941	2.94527e-19
0.942	1.17329e-19
0.943	7.07739e-20
0.944	2.38275e-19
0.945	3.22543e-20
0.946	1.11307e-19
0.947	1.53615e-19
0.948	3.18877e-20
0.949	9.82743e-20
0.95	8.89833e-20
0.951	4.43057e-20
0.952	7.99894e-20
0.953	5.55595e-20
0.954	8.16875e-20
0.955	1.18384e-19
0.956	2.73283e-20
0.957	1.3803e-19
0.958	1.16301e-19
0.959	5.47746e-20
0.96	2.49869e-19
0.961	1.05345e-19
0.962	1.35919e-19
0.963	1.9223e-19
0.964	5.84585e-20
0.965	1.83212e-19
0.966	1.13369e-19
0.967	5.04563e-20
0.968	1.59668e-19
0.969	4.90477e-20
0.97	1.10443e-19
0.971	1.4987e-19
0.972	5.82281e-20
0.973	1.46079e-19
0.974	9.22062e-20
0.975	8.41475e-20
0.976	1.46439e-19
0.977	7.30973e-20
0.978	1.17316e-19
0.979	1.34121e-19
0.98	7.58154e-20
0.981	1.68039e-19
0.982	1.25867e-19
0.983	9.15708e-20
0.984	1.19421e-19
0.985	6.78662e-20
0.986	1.21415e-19
0.987	8.27301e-20
0.988	6.34609e-20
0.989	6.80914e-20
0.99	3.96743e-20
0.991	6.09554e-20
0.992	6.51969e-20
0.993	4.94805e-20
0.994	5.18753e-20
0.995	2.79319e-20
0.996	4.34533e-20
0.997	3.07831e-20
0.998	2.78962e-20
0.999	2.26937e-20
1	0
