0	0
0.001	6.58781e+09
0.002	1.90796e+10
0.003	2.73285e+10
0.004	3.00873e+10
0.005	3.0291e+10
0.006	2.9771e+10
0.007	2.9168e+10
0.008	2.85408e+10
0.009	2.79326e+10
0.01	2.7347e+10
0.011	2.67564e+10
0.012	2.61982e+10
0.013	2.56409e+10
0.014	2.50967e+10
0.015	2.45745e+10
0.016	2.40499e+10
0.017	2.35487e+10
0.018	2.30551e+10
0.019	2.25674e+10
0.02	2.21013e+10
0.021	2.16354e+10
0.022	2.11846e+10
0.023	2.07468e+10
0.024	2.03105e+10
0.025	1.98927e+10
0.026	1.94799e+10
0.027	1.9074e+10
0.028	1.86842e+10
0.029	1.82956e+10
0.03	1.79191e+10
0.031	1.75532e+10
0.032	1.7189e+10
0.033	1.68393e+10
0.034	1.64947e+10
0.035	1.61551e+10
0.036	1.58288e+10
0.037	1.55045e+10
0.038	1.51885e+10
0.039	1.48828e+10
0.04	1.45782e+10
0.041	1.42842e+10
0.042	1.39969e+10
0.043	1.37118e+10
0.044	1.34377e+10
0.045	1.31673e+10
0.046	1.2901e+10
0.047	1.26448e+10
0.048	1.23905e+10
0.049	1.2142e+10
0.05	1.1902e+10
0.051	1.1663e+10
0.052	1.14312e+10
0.053	1.12059e+10
0.054	1.09816e+10
0.055	1.07651e+10
0.056	1.05534e+10
0.057	1.03432e+10
0.058	1.01408e+10
0.059	9.94181e+09
0.06	9.7448e+09
0.061	9.55547e+09
0.062	9.36833e+09
0.063	9.18382e+09
0.064	9.00646e+09
0.065	8.83051e+09
0.066	8.65769e+09
0.067	8.4914e+09
0.068	8.32601e+09
0.069	8.1641e+09
0.07	8.00809e+09
0.071	7.85265e+09
0.072	7.70087e+09
0.073	7.55444e+09
0.074	7.40839e+09
0.075	7.26601e+09
0.076	7.12854e+09
0.077	6.99131e+09
0.078	6.85767e+09
0.079	6.72858e+09
0.08	6.59965e+09
0.081	6.47411e+09
0.082	6.35289e+09
0.083	6.23176e+09
0.084	6.11374e+09
0.085	5.99988e+09
0.086	5.8861e+09
0.087	5.77506e+09
0.088	5.6681e+09
0.089	5.56124e+09
0.09	5.45669e+09
0.091	5.35617e+09
0.092	5.25585e+09
0.093	5.15733e+09
0.094	5.06282e+09
0.095	4.96868e+09
0.096	4.8758e+09
0.097	4.78684e+09
0.098	4.69855e+09
0.099	4.61098e+09
0.1	4.52714e+09
0.101	4.44438e+09
0.102	4.36183e+09
0.103	4.28268e+09
0.104	4.20513e+09
0.105	4.12739e+09
0.106	4.05253e+09
0.107	3.97982e+09
0.108	3.90674e+09
0.109	3.83582e+09
0.11	3.76754e+09
0.111	3.69899e+09
0.112	3.63176e+09
0.113	3.56746e+09
0.114	3.50332e+09
0.115	3.43963e+09
0.116	3.37883e+09
0.117	3.31888e+09
0.118	3.25872e+09
0.119	3.201e+09
0.12	3.14492e+09
0.121	3.08835e+09
0.122	3.03338e+09
0.123	2.98071e+09
0.124	2.92779e+09
0.125	2.87547e+09
0.126	2.82566e+09
0.127	2.77632e+09
0.128	2.72675e+09
0.129	2.6793e+09
0.13	2.63325e+09
0.131	2.58666e+09
0.132	2.54126e+09
0.133	2.49796e+09
0.134	2.45453e+09
0.135	2.41122e+09
0.136	2.37005e+09
0.137	2.32967e+09
0.138	2.28876e+09
0.139	2.24925e+09
0.14	2.21146e+09
0.141	2.17331e+09
0.142	2.13541e+09
0.143	2.0995e+09
0.144	2.06414e+09
0.145	2.02825e+09
0.146	1.99367e+09
0.147	1.96064e+09
0.148	1.92722e+09
0.149	1.89394e+09
0.15	1.86246e+09
0.151	1.83158e+09
0.152	1.80012e+09
0.153	1.76963e+09
0.154	1.74072e+09
0.155	1.71159e+09
0.156	1.68226e+09
0.157	1.65446e+09
0.158	1.62756e+09
0.159	1.60007e+09
0.16	1.57302e+09
0.161	1.54756e+09
0.162	1.52231e+09
0.163	1.49652e+09
0.164	1.47171e+09
0.165	1.4482e+09
0.166	1.4244e+09
0.167	1.40037e+09
0.168	1.37764e+09
0.169	1.35578e+09
0.17	1.33336e+09
0.171	1.31108e+09
0.172	1.2902e+09
0.173	1.26975e+09
0.174	1.24869e+09
0.175	1.22811e+09
0.176	1.20884e+09
0.177	1.18968e+09
0.178	1.16995e+09
0.179	1.15094e+09
0.18	1.1331e+09
0.181	1.11514e+09
0.182	1.0967e+09
0.183	1.07911e+09
0.184	1.06256e+09
0.185	1.04573e+09
0.186	1.02851e+09
0.187	1.0122e+09
0.188	9.9682e+08
0.189	9.81085e+08
0.19	9.65014e+08
0.191	9.49849e+08
0.192	9.35539e+08
0.193	9.20858e+08
0.194	9.05847e+08
0.195	8.91699e+08
0.196	8.78385e+08
0.197	8.64725e+08
0.198	8.50697e+08
0.199	8.37447e+08
0.2	8.25051e+08
0.201	8.12381e+08
0.202	7.99272e+08
0.203	7.86812e+08
0.204	7.7525e+08
0.205	7.63538e+08
0.206	7.5131e+08
0.207	7.39545e+08
0.208	7.28717e+08
0.209	7.17925e+08
0.21	7.06565e+08
0.211	6.95424e+08
0.212	6.85214e+08
0.213	6.7528e+08
0.214	6.64799e+08
0.215	6.54252e+08
0.216	6.44536e+08
0.217	6.35358e+08
0.218	6.25773e+08
0.219	6.15846e+08
0.22	6.06518e+08
0.221	5.97945e+08
0.222	5.89242e+08
0.223	5.80018e+08
0.224	5.7103e+08
0.225	5.6287e+08
0.226	5.54961e+08
0.227	5.46547e+08
0.228	5.37958e+08
0.229	5.30035e+08
0.23	5.22723e+08
0.231	5.15175e+08
0.232	5.07151e+08
0.233	4.99395e+08
0.234	4.92404e+08
0.235	4.85631e+08
0.236	4.78377e+08
0.237	4.70905e+08
0.238	4.64001e+08
0.239	4.57722e+08
0.24	4.51318e+08
0.241	4.44413e+08
0.242	4.37577e+08
0.243	4.31426e+08
0.244	4.25677e+08
0.245	4.19591e+08
0.246	4.13101e+08
0.247	4.06895e+08
0.248	4.01368e+08
0.249	3.96042e+08
0.25	3.90283e+08
0.251	3.84236e+08
0.252	3.78595e+08
0.253	3.7358e+08
0.254	3.68632e+08
0.255	3.63222e+08
0.256	3.57607e+08
0.257	3.52445e+08
0.258	3.4786e+08
0.259	3.43278e+08
0.26	3.38235e+08
0.261	3.33017e+08
0.262	3.28248e+08
0.263	3.24031e+08
0.264	3.19817e+08
0.265	3.15157e+08
0.266	3.10298e+08
0.267	3.05838e+08
0.268	3.01929e+08
0.269	2.98086e+08
0.27	2.93828e+08
0.271	2.89301e+08
0.272	2.85077e+08
0.273	2.81409e+08
0.274	2.77921e+08
0.275	2.74089e+08
0.276	2.699e+08
0.277	2.65858e+08
0.278	2.62347e+08
0.279	2.59163e+08
0.28	2.55775e+08
0.281	2.5197e+08
0.282	2.48102e+08
0.283	2.44657e+08
0.284	2.41675e+08
0.285	2.38709e+08
0.286	2.35359e+08
0.287	2.3173e+08
0.288	2.28303e+08
0.289	2.25373e+08
0.29	2.22722e+08
0.291	2.19872e+08
0.292	2.16624e+08
0.293	2.13271e+08
0.294	2.10264e+08
0.295	2.07717e+08
0.296	2.0529e+08
0.297	2.02563e+08
0.298	1.99485e+08
0.299	1.96418e+08
0.3	1.9375e+08
0.301	1.91486e+08
0.302	1.89254e+08
0.303	1.86692e+08
0.304	1.83817e+08
0.305	1.80996e+08
0.306	1.78572e+08
0.307	1.76525e+08
0.308	1.74498e+08
0.309	1.72151e+08
0.31	1.69494e+08
0.311	1.66861e+08
0.312	1.64591e+08
0.313	1.62706e+08
0.314	1.60895e+08
0.315	1.58812e+08
0.316	1.56395e+08
0.317	1.53912e+08
0.318	1.51712e+08
0.319	1.49914e+08
0.32	1.48301e+08
0.321	1.46523e+08
0.322	1.44402e+08
0.323	1.4208e+08
0.324	1.39894e+08
0.325	1.3808e+08
0.326	1.36581e+08
0.327	1.351e+08
0.328	1.33349e+08
0.329	1.31286e+08
0.33	1.29139e+08
0.331	1.27219e+08
0.332	1.25671e+08
0.333	1.24364e+08
0.334	1.22998e+08
0.335	1.21342e+08
0.336	1.19404e+08
0.337	1.17421e+08
0.338	1.15675e+08
0.339	1.14284e+08
0.34	1.1312e+08
0.341	1.11907e+08
0.342	1.10423e+08
0.343	1.08654e+08
0.344	1.06799e+08
0.345	1.05127e+08
0.346	1.03789e+08
0.347	1.0272e+08
0.348	1.01688e+08
0.349	1.00452e+08
0.35	9.89192e+07
0.351	9.72014e+07
0.352	9.55375e+07
0.353	9.41388e+07
0.354	9.30574e+07
0.355	9.21584e+07
0.356	9.12073e+07
0.357	9.00142e+07
0.358	8.85453e+07
0.359	8.69381e+07
0.36	8.54168e+07
0.361	8.41605e+07
0.362	8.32033e+07
0.363	8.2419e+07
0.364	8.15959e+07
0.365	8.05541e+07
0.366	7.92415e+07
0.367	7.77571e+07
0.368	7.6295e+07
0.369	7.50406e+07
0.37	7.40766e+07
0.371	7.33444e+07
0.372	7.26778e+07
0.373	7.18868e+07
0.374	7.08503e+07
0.375	6.9571e+07
0.376	6.81699e+07
0.377	6.68267e+07
0.378	6.56966e+07
0.379	6.48414e+07
0.38	6.42053e+07
0.381	6.36434e+07
0.382	6.29857e+07
0.383	6.21098e+07
0.384	6.09891e+07
0.385	5.97005e+07
0.386	5.83898e+07
0.387	5.72122e+07
0.388	5.62719e+07
0.389	5.55846e+07
0.39	5.50746e+07
0.391	5.46061e+07
0.392	5.40339e+07
0.393	5.32546e+07
0.394	5.22413e+07
0.395	5.10489e+07
0.396	4.97931e+07
0.397	4.86102e+07
0.398	4.76124e+07
0.399	4.68538e+07
0.4	4.63163e+07
0.401	4.59176e+07
0.402	4.55384e+07
0.403	4.5058e+07
0.404	4.43881e+07
0.405	4.34959e+07
0.406	4.241e+07
0.407	4.12101e+07
0.408	4.00046e+07
0.409	3.89015e+07
0.41	3.79829e+07
0.411	3.7286e+07
0.412	3.67972e+07
0.413	3.64574e+07
0.414	3.61775e+07
0.415	3.58581e+07
0.416	3.54115e+07
0.417	3.47776e+07
0.418	3.39347e+07
0.419	3.29009e+07
0.42	3.17284e+07
0.421	3.04927e+07
0.422	2.92776e+07
0.423	2.81615e+07
0.424	2.72047e+07
0.425	2.64416e+07
0.426	2.58774e+07
0.427	2.54891e+07
0.428	2.52309e+07
0.429	2.50414e+07
0.43	2.48525e+07
0.431	2.45979e+07
0.432	2.42203e+07
0.433	2.36765e+07
0.434	2.29407e+07
0.435	2.2005e+07
0.436	2.0878e+07
0.437	1.95827e+07
0.438	1.81522e+07
0.439	1.66265e+07
0.44	1.50482e+07
0.441	1.34591e+07
0.442	1.18978e+07
0.443	1.03974e+07
0.444	8.98433e+06
0.445	7.67829e+06
0.446	6.49191e+06
0.447	5.43156e+06
0.448	4.49818e+06
0.449	3.68825e+06
0.45	2.99494e+06
0.451	2.40905e+06
0.452	1.91999e+06
0.453	1.51651e+06
0.454	1.18736e+06
0.455	921737
0.456	709583
0.457	541824
0.458	410444
0.459	308510
0.46	230133
0.461	170394
0.462	125247
0.463	91407.3
0.464	66246.4
0.465	47683.9
0.466	34093.2
0.467	24216.3
0.468	17090.2
0.469	11985
0.47	8352.74
0.471	5785.91
0.472	3983.94
0.473	2727.08
0.474	1855.97
0.475	1255.96
0.476	845.186
0.477	565.64
0.478	376.513
0.479	249.291
0.48	164.195
0.481	107.59
0.482	70.1419
0.483	45.5001
0.484	29.3701
0.485	18.8665
0.486	12.0614
0.487	7.67466
0.488	4.86071
0.489	3.06443
0.49	1.92325
0.491	1.20167
0.492	0.747525
0.493	0.463
0.494	0.285546
0.495	0.175362
0.496	0.107247
0.497	0.0653198
0.498	0.0396223
0.499	0.0239382
0.5	0.0144052
0.501	0.00863475
0.502	0.00515584
0.503	0.00306683
0.504	0.00181736
0.505	0.00107293
0.506	0.000631108
0.507	0.000369873
0.508	0.000215993
0.509	0.000125684
0.51	7.28775e-05
0.511	4.21111e-05
0.512	2.42497e-05
0.513	1.39168e-05
0.514	7.96002e-06
0.515	4.53779e-06
0.516	2.57838e-06
0.517	1.46028e-06
0.518	8.24382e-07
0.519	4.63916e-07
0.52	2.60245e-07
0.521	1.45537e-07
0.522	8.11384e-08
0.523	4.50977e-08
0.524	2.49904e-08
0.525	1.38068e-08
0.526	7.60556e-09
0.527	4.17733e-09
0.528	2.28775e-09
0.529	1.24932e-09
0.53	6.80314e-10
0.531	3.69422e-10
0.532	2.00046e-10
0.533	1.08029e-10
0.534	5.818e-11
0.535	3.12491e-11
0.536	1.67396e-11
0.537	8.94351e-12
0.538	4.76574e-12
0.539	2.53291e-12
0.54	1.34272e-12
0.541	7.09978e-13
0.542	3.74465e-13
0.543	1.97018e-13
0.544	1.03404e-13
0.545	5.41421e-14
0.546	2.82782e-14
0.547	1.47337e-14
0.548	7.65744e-15
0.549	3.97019e-15
0.55	2.05397e-15
0.551	1.06009e-15
0.552	5.45979e-16
0.553	2.80791e-16
0.554	1.44512e-16
0.555	7.43972e-17
0.556	3.84613e-17
0.557	1.98666e-17
0.558	1.02835e-17
0.559	5.28109e-18
0.56	2.68602e-18
0.561	1.35763e-18
0.562	6.98643e-19
0.563	4.21028e-19
0.564	2.88281e-19
0.565	2.03798e-19
0.566	1.83623e-19
0.567	1.43363e-19
0.568	1.39234e-19
0.569	1.10884e-19
0.57	1.22664e-19
0.571	1.30563e-19
0.572	1.16378e-19
0.573	1.18399e-19
0.574	1.00731e-19
0.575	1.04809e-19
0.576	1.14795e-19
0.577	1.33335e-19
0.578	1.18068e-19
0.579	9.78816e-20
0.58	9.58665e-20
0.581	8.49577e-20
0.582	1.29022e-19
0.583	1.13053e-19
0.584	1.03656e-19
0.585	9.89058e-20
0.586	7.0017e-20
0.587	7.47613e-20
0.588	6.86052e-20
0.589	7.1263e-20
0.59	1.01582e-19
0.591	7.55794e-20
0.592	7.05098e-20
0.593	5.4176e-20
0.594	5.74442e-20
0.595	8.09427e-20
0.596	6.54557e-20
0.597	9.26538e-20
0.598	7.24034e-20
0.599	7.26109e-20
0.6	8.50254e-20
0.601	8.61514e-20
0.602	1.15626e-19
0.603	1.03327e-19
0.604	1.10803e-19
0.605	1.00026e-19
0.606	8.66034e-20
0.607	1.05217e-19
0.608	7.31457e-20
0.609	8.15197e-20
0.61	7.89441e-20
0.611	8.65599e-20
0.612	1.28533e-19
0.613	9.43769e-20
0.614	9.70834e-20
0.615	8.99828e-20
0.616	7.86544e-20
0.617	8.46788e-20
0.618	7.31985e-20
0.619	8.21272e-20
0.62	7.76933e-20
0.621	1.01739e-19
0.622	9.77631e-20
0.623	8.07327e-20
0.624	9.04048e-20
0.625	8.14528e-20
0.626	7.22725e-20
0.627	7.69774e-20
0.628	7.59394e-20
0.629	8.059e-20
0.63	8.05895e-20
0.631	9.35971e-20
0.632	1.10734e-19
0.633	1.31014e-19
0.634	1.48161e-19
0.635	1.42614e-19
0.636	1.56696e-19
0.637	1.59067e-19
0.638	1.74312e-19
0.639	1.90605e-19
0.64	1.63962e-19
0.641	1.29415e-19
0.642	1.02785e-19
0.643	9.08031e-20
0.644	7.76674e-20
0.645	8.08695e-20
0.646	8.09669e-20
0.647	8.74855e-20
0.648	8.65402e-20
0.649	7.70366e-20
0.65	6.90219e-20
0.651	6.17143e-20
0.652	5.92069e-20
0.653	5.80049e-20
0.654	6.03004e-20
0.655	6.44244e-20
0.656	6.68124e-20
0.657	6.9556e-20
0.658	7.47264e-20
0.659	6.61661e-20
0.66	7.93606e-20
0.661	1.07032e-19
0.662	1.36164e-19
0.663	1.48906e-19
0.664	1.44083e-19
0.665	1.39197e-19
0.666	1.32434e-19
0.667	1.10714e-19
0.668	1.07641e-19
0.669	9.36958e-20
0.67	8.87462e-20
0.671	8.35784e-20
0.672	8.76527e-20
0.673	9.70918e-20
0.674	1.00182e-19
0.675	9.65025e-20
0.676	8.61203e-20
0.677	8.87082e-20
0.678	9.46439e-20
0.679	1.1429e-19
0.68	1.31374e-19
0.681	1.65317e-19
0.682	1.78092e-19
0.683	1.83364e-19
0.684	1.59186e-19
0.685	1.32867e-19
0.686	9.81712e-20
0.687	7.26973e-20
0.688	6.61658e-20
0.689	6.85731e-20
0.69	8.67451e-20
0.691	8.32034e-20
0.692	8.6788e-20
0.693	8.72497e-20
0.694	8.76408e-20
0.695	6.64531e-20
0.696	5.25901e-20
0.697	4.17065e-20
0.698	3.33732e-20
0.699	7.02823e-20
0.7	7.79151e-20
0.701	8.76471e-20
0.702	1.24365e-19
0.703	1.06673e-19
0.704	1.11152e-19
0.705	1.16497e-19
0.706	1.08061e-19
0.707	1.4971e-19
0.708	1.09725e-19
0.709	1.02339e-19
0.71	1.11749e-19
0.711	1.17871e-19
0.712	1.63266e-19
0.713	1.27318e-19
0.714	1.04515e-19
0.715	8.57139e-20
0.716	4.8075e-20
0.717	5.01334e-20
0.718	3.5817e-20
0.719	3.18356e-20
0.72	3.69928e-20
0.721	3.22432e-20
0.722	4.76187e-20
0.723	5.40336e-20
0.724	7.08322e-20
0.725	8.01517e-20
0.726	5.66413e-20
0.727	5.21285e-20
0.728	3.9237e-20
0.729	4.51632e-20
0.73	5.34992e-20
0.731	5.55612e-20
0.732	6.61683e-20
0.733	6.11697e-20
0.734	6.28179e-20
0.735	5.57895e-20
0.736	5.39113e-20
0.737	5.91073e-20
0.738	5.99475e-20
0.739	6.50892e-20
0.74	7.15875e-20
0.741	4.36917e-20
0.742	4.15433e-20
0.743	3.13709e-20
0.744	3.37027e-20
0.745	3.65856e-20
0.746	3.15973e-20
0.747	3.30483e-20
0.748	3.65794e-20
0.749	4.00089e-20
0.75	3.1935e-20
0.751	2.69477e-20
0.752	2.54293e-20
0.753	3.07837e-20
0.754	3.64395e-20
0.755	4.14224e-20
0.756	4.3855e-20
0.757	3.99266e-20
0.758	4.85079e-20
0.759	4.9951e-20
0.76	5.34554e-20
0.761	7.01334e-20
0.762	5.77344e-20
0.763	5.24103e-20
0.764	5.36264e-20
0.765	5.10724e-20
0.766	5.63887e-20
0.767	4.6852e-20
0.768	4.41433e-20
0.769	4.41258e-20
0.77	5.1593e-20
0.771	4.73083e-20
0.772	4.61965e-20
0.773	4.68019e-20
0.774	5.14798e-20
0.775	5.35712e-20
0.776	5.54088e-20
0.777	6.14503e-20
0.778	5.42204e-20
0.779	4.06158e-20
0.78	3.13955e-20
0.781	2.65114e-20
0.782	3.35298e-20
0.783	3.57254e-20
0.784	3.63071e-20
0.785	4.8461e-20
0.786	5.25196e-20
0.787	5.40013e-20
0.788	4.46076e-20
0.789	2.58682e-20
0.79	2.45128e-20
0.791	2.81922e-20
0.792	2.73408e-20
0.793	3.42188e-20
0.794	3.72076e-20
0.795	3.53306e-20
0.796	2.82405e-20
0.797	2.62073e-20
0.798	4.19665e-20
0.799	5.29193e-20
0.8	5.72787e-20
0.801	5.60764e-20
0.802	5.53891e-20
0.803	4.73617e-20
0.804	3.7751e-20
0.805	2.74334e-20
0.806	3.43336e-20
0.807	3.57685e-20
0.808	3.38964e-20
0.809	3.39348e-20
0.81	3.52133e-20
0.811	3.78984e-20
0.812	4.33407e-20
0.813	3.63071e-20
0.814	3.06291e-20
0.815	3.99342e-20
0.816	3.17602e-20
0.817	4.35335e-20
0.818	4.15828e-20
0.819	4.3206e-20
0.82	5.49091e-20
0.821	4.64927e-20
0.822	4.67504e-20
0.823	4.4748e-20
0.824	4.66563e-20
0.825	4.55536e-20
0.826	4.6003e-20
0.827	3.5153e-20
0.828	2.99673e-20
0.829	2.16074e-20
0.83	2.28624e-20
0.831	3.2739e-20
0.832	3.58824e-20
0.833	3.71511e-20
0.834	3.90519e-20
0.835	3.32e-20
0.836	3.81701e-20
0.837	3.68692e-20
0.838	3.07979e-20
0.839	4.34847e-20
0.84	5.2008e-20
0.841	4.94841e-20
0.842	5.89624e-20
0.843	4.67601e-20
0.844	4.48635e-20
0.845	4.9584e-20
0.846	4.9498e-20
0.847	4.57547e-20
0.848	4.05016e-20
0.849	4.20351e-20
0.85	3.92434e-20
0.851	3.45232e-20
0.852	2.51211e-20
0.853	2.51228e-20
0.854	2.68248e-20
0.855	3.27899e-20
0.856	3.58493e-20
0.857	4.51333e-20
0.858	5.6248e-20
0.859	3.94144e-20
0.86	3.98265e-20
0.861	4.12044e-20
0.862	2.63823e-20
0.863	2.39557e-20
0.864	3.13604e-20
0.865	3.35556e-20
0.866	3.44346e-20
0.867	3.2044e-20
0.868	4.00893e-20
0.869	4.17846e-20
0.87	4.59149e-20
0.871	5.21963e-20
0.872	3.48283e-20
0.873	4.01803e-20
0.874	4.07629e-20
0.875	3.82431e-20
0.876	4.26535e-20
0.877	4.36538e-20
0.878	3.04803e-20
0.879	3.09763e-20
0.88	2.95472e-20
0.881	2.71731e-20
0.882	2.55193e-20
0.883	1.93292e-20
0.884	1.72389e-20
0.885	2.10794e-20
0.886	2.61163e-20
0.887	3.49835e-20
0.888	3.41438e-20
0.889	3.81158e-20
0.89	4.7105e-20
0.891	4.32033e-20
0.892	4.24228e-20
0.893	3.96672e-20
0.894	3.39006e-20
0.895	2.46195e-20
0.896	3.07116e-20
0.897	3.21115e-20
0.898	3.43267e-20
0.899	4.4418e-20
0.9	3.73885e-20
0.901	3.60153e-20
0.902	4.13032e-20
0.903	3.66118e-20
0.904	2.83411e-20
0.905	2.65234e-20
0.906	3.0921e-20
0.907	3.19838e-20
0.908	3.74405e-20
0.909	4.1977e-20
0.91	4.74672e-20
0.911	3.92347e-20
0.912	4.26261e-20
0.913	4.01115e-20
0.914	3.94645e-20
0.915	3.66202e-20
0.916	3.03186e-20
0.917	3.40696e-20
0.918	3.26776e-20
0.919	3.68307e-20
0.92	4.61601e-20
0.921	4.53983e-20
0.922	5.10125e-20
0.923	5.50298e-20
0.924	5.76205e-20
0.925	3.47681e-20
0.926	3.04079e-20
0.927	3.39145e-20
0.928	4.4912e-20
0.929	4.72773e-20
0.93	4.3926e-20
0.931	4.2814e-20
0.932	4.11458e-20
0.933	3.47373e-20
0.934	4.70119e-20
0.935	4.29329e-20
0.936	3.81197e-20
0.937	4.37105e-20
0.938	4.02291e-20
0.939	3.90816e-20
0.94	3.67602e-20
0.941	3.69126e-20
0.942	3.24435e-20
0.943	3.43054e-20
0.944	3.38023e-20
0.945	2.23636e-20
0.946	2.89028e-20
0.947	2.55456e-20
0.948	1.98758e-20
0.949	1.67918e-20
0.95	1.92821e-20
0.951	2.23757e-20
0.952	2.29293e-20
0.953	2.62885e-20
0.954	2.96292e-20
0.955	4.08147e-20
0.956	3.27461e-20
0.957	4.05789e-20
0.958	4.578e-20
0.959	3.95122e-20
0.96	3.8285e-20
0.961	5.10543e-20
0.962	4.22252e-20
0.963	4.91087e-20
0.964	5.22429e-20
0.965	4.42087e-20
0.966	5.45882e-20
0.967	3.99804e-20
0.968	4.28661e-20
0.969	3.3466e-20
0.97	3.29346e-20
0.971	7.55274e-20
0.972	4.24371e-20
0.973	3.87174e-20
0.974	7.08033e-20
0.975	5.06059e-20
0.976	8.97955e-20
0.977	8.18556e-20
0.978	5.05646e-20
0.979	7.90983e-20
0.98	4.50216e-20
0.981	8.61295e-20
0.982	8.0343e-20
0.983	3.82142e-20
0.984	6.43374e-20
0.985	5.02188e-20
0.986	4.97729e-20
0.987	7.40868e-20
0.988	5.1024e-20
0.989	3.89448e-20
0.99	4.36249e-20
0.991	3.46553e-20
0.992	4.15722e-20
0.993	3.26317e-20
0.994	3.30832e-20
0.995	3.21582e-20
0.996	3.15947e-20
0.997	3.36736e-20
0.998	2.73958e-20
0.999	8.33816e-21
1	0
