0	0
0.001	1.74557e+12
0.002	4.99345e+12
0.003	7.0947e+12
0.004	7.77425e+12
0.005	7.78631e+12
0.006	7.6226e+12
0.007	7.42904e+12
0.008	7.23644e+12
0.009	7.04968e+12
0.01	6.86615e+12
0.011	6.6899e+12
0.012	6.5161e+12
0.013	6.34908e+12
0.014	6.18513e+12
0.015	6.02633e+12
0.016	5.87192e+12
0.017	5.72091e+12
0.018	5.57523e+12
0.019	5.43204e+12
0.02	5.29404e+12
0.021	5.15879e+12
0.022	5.0276e+12
0.023	4.90009e+12
0.024	4.77534e+12
0.025	4.6549e+12
0.026	4.53664e+12
0.027	4.4224e+12
0.028	4.31072e+12
0.029	4.20203e+12
0.03	4.09666e+12
0.031	3.99336e+12
0.032	3.89362e+12
0.033	3.79584e+12
0.034	3.701e+12
0.035	3.60872e+12
0.036	3.51846e+12
0.037	3.43123e+12
0.038	3.34562e+12
0.039	3.26274e+12
0.04	3.18189e+12
0.041	3.10294e+12
0.042	3.02656e+12
0.043	2.95158e+12
0.044	2.87904e+12
0.045	2.80819e+12
0.046	2.73904e+12
0.047	2.67212e+12
0.048	2.60639e+12
0.049	2.54282e+12
0.05	2.48071e+12
0.051	2.42007e+12
0.052	2.36139e+12
0.053	2.30374e+12
0.054	2.24795e+12
0.055	2.19348e+12
0.056	2.14022e+12
0.057	2.08874e+12
0.058	2.03814e+12
0.059	1.9891e+12
0.06	1.94134e+12
0.061	1.89451e+12
0.062	1.84928e+12
0.063	1.80487e+12
0.064	1.76169e+12
0.065	1.71978e+12
0.066	1.67858e+12
0.067	1.63877e+12
0.068	1.59981e+12
0.069	1.56172e+12
0.07	1.52491e+12
0.071	1.48868e+12
0.072	1.45355e+12
0.073	1.41937e+12
0.074	1.38577e+12
0.075	1.35334e+12
0.076	1.32153e+12
0.077	1.29046e+12
0.078	1.26043e+12
0.079	1.23084e+12
0.08	1.20214e+12
0.081	1.17425e+12
0.082	1.14677e+12
0.083	1.12026e+12
0.084	1.09429e+12
0.085	1.06884e+12
0.086	1.04429e+12
0.087	1.02011e+12
0.088	9.96562e+11
0.089	9.73777e+11
0.09	9.51278e+11
0.091	9.29498e+11
0.092	9.08306e+11
0.093	8.87399e+11
0.094	8.67239e+11
0.095	8.47505e+11
0.096	8.281e+11
0.097	8.09416e+11
0.098	7.9103e+11
0.099	7.73033e+11
0.1	7.55693e+11
0.101	7.38563e+11
0.102	7.21876e+11
0.103	7.05762e+11
0.104	6.89809e+11
0.105	6.74333e+11
0.106	6.59344e+11
0.107	6.4449e+11
0.108	6.30131e+11
0.109	6.16179e+11
0.11	6.02353e+11
0.111	5.89022e+11
0.112	5.7603e+11
0.113	5.6316e+11
0.114	5.50774e+11
0.115	5.38676e+11
0.116	5.26694e+11
0.117	5.15178e+11
0.118	5.03911e+11
0.119	4.92753e+11
0.12	4.8204e+11
0.121	4.71549e+11
0.122	4.61153e+11
0.123	4.51179e+11
0.124	4.41412e+11
0.125	4.31723e+11
0.126	4.2243e+11
0.127	4.13339e+11
0.128	4.04306e+11
0.129	3.95639e+11
0.13	3.87181e+11
0.131	3.78757e+11
0.132	3.70666e+11
0.133	3.62797e+11
0.134	3.54943e+11
0.135	3.4738e+11
0.136	3.4006e+11
0.137	3.3274e+11
0.138	3.2566e+11
0.139	3.18848e+11
0.14	3.12033e+11
0.141	3.05398e+11
0.142	2.9905e+11
0.143	2.92715e+11
0.144	2.86493e+11
0.145	2.80565e+11
0.146	2.74686e+11
0.147	2.68852e+11
0.148	2.63299e+11
0.149	2.57849e+11
0.15	2.52391e+11
0.151	2.47169e+11
0.152	2.42115e+11
0.153	2.37026e+11
0.154	2.32102e+11
0.155	2.27399e+11
0.156	2.22679e+11
0.157	2.18033e+11
0.158	2.1363e+11
0.159	2.09268e+11
0.16	2.04899e+11
0.161	2.00746e+11
0.162	1.96716e+11
0.163	1.92639e+11
0.164	1.88699e+11
0.165	1.84953e+11
0.166	1.81184e+11
0.167	1.77448e+11
0.168	1.73924e+11
0.169	1.70459e+11
0.17	1.6695e+11
0.171	1.63594e+11
0.172	1.60392e+11
0.173	1.57146e+11
0.174	1.53943e+11
0.175	1.50934e+11
0.176	1.47962e+11
0.177	1.44943e+11
0.178	1.42063e+11
0.179	1.39325e+11
0.18	1.36541e+11
0.181	1.33778e+11
0.182	1.31192e+11
0.183	1.28656e+11
0.184	1.26061e+11
0.185	1.23564e+11
0.186	1.21218e+11
0.187	1.18849e+11
0.188	1.16455e+11
0.189	1.14207e+11
0.19	1.12052e+11
0.191	1.09837e+11
0.192	1.07651e+11
0.193	1.0562e+11
0.194	1.03623e+11
0.195	1.01562e+11
0.196	9.95752e+10
0.197	9.77285e+10
0.198	9.58704e+10
0.199	9.39627e+10
0.2	9.2159e+10
0.201	9.04696e+10
0.202	8.87404e+10
0.203	8.69812e+10
0.204	8.53404e+10
0.205	8.37891e+10
0.206	8.2183e+10
0.207	8.05627e+10
0.208	7.90649e+10
0.209	7.76384e+10
0.21	7.61506e+10
0.211	7.4657e+10
0.212	7.32843e+10
0.213	7.19733e+10
0.214	7.05993e+10
0.215	6.92195e+10
0.216	6.79556e+10
0.217	6.67527e+10
0.218	6.54884e+10
0.219	6.42103e+10
0.22	6.30401e+10
0.221	6.19379e+10
0.222	6.07805e+10
0.223	5.95946e+10
0.224	5.85032e+10
0.225	5.74928e+10
0.226	5.64404e+10
0.227	5.53413e+10
0.228	5.43149e+10
0.229	5.33839e+10
0.23	5.24344e+10
0.231	5.14223e+10
0.232	5.04501e+10
0.233	4.95814e+10
0.234	4.8729e+10
0.235	4.78097e+10
0.236	4.68881e+10
0.237	4.60618e+10
0.238	4.52925e+10
0.239	4.44734e+10
0.24	4.36105e+10
0.241	4.28097e+10
0.242	4.20977e+10
0.243	4.1379e+10
0.244	4.05945e+10
0.245	3.98169e+10
0.246	3.91296e+10
0.247	3.84923e+10
0.248	3.78069e+10
0.249	3.70738e+10
0.25	3.63889e+10
0.251	3.57913e+10
0.252	3.52041e+10
0.253	3.45539e+10
0.254	3.38826e+10
0.255	3.3281e+10
0.256	3.27515e+10
0.257	3.22057e+10
0.258	3.15968e+10
0.259	3.09865e+10
0.26	3.04531e+10
0.261	2.9978e+10
0.262	2.9474e+10
0.263	2.89099e+10
0.264	2.8353e+10
0.265	2.78727e+10
0.266	2.74447e+10
0.267	2.69859e+10
0.268	2.64681e+10
0.269	2.59544e+10
0.27	2.5513e+10
0.271	2.51269e+10
0.272	2.47176e+10
0.273	2.42482e+10
0.274	2.37694e+10
0.275	2.33529e+10
0.276	2.30006e+10
0.277	2.26434e+10
0.278	2.22281e+10
0.279	2.1782e+10
0.28	2.13776e+10
0.281	2.10447e+10
0.282	2.07355e+10
0.283	2.03829e+10
0.284	1.99785e+10
0.285	1.95807e+10
0.286	1.92467e+10
0.287	1.89676e+10
0.288	1.86802e+10
0.289	1.83374e+10
0.29	1.79595e+10
0.291	1.76102e+10
0.292	1.73276e+10
0.293	1.70844e+10
0.294	1.68183e+10
0.295	1.64963e+10
0.296	1.61481e+10
0.297	1.58342e+10
0.298	1.55846e+10
0.299	1.53706e+10
0.3	1.51337e+10
0.301	1.48423e+10
0.302	1.45212e+10
0.303	1.42263e+10
0.304	1.39925e+10
0.305	1.38023e+10
0.306	1.36029e+10
0.307	1.33538e+10
0.308	1.30621e+10
0.309	1.27744e+10
0.31	1.25366e+10
0.311	1.23547e+10
0.312	1.21917e+10
0.313	1.19983e+10
0.314	1.17532e+10
0.315	1.14786e+10
0.316	1.12219e+10
0.317	1.10183e+10
0.318	1.08647e+10
0.319	1.07232e+10
0.32	1.05496e+10
0.321	1.03256e+10
0.322	1.00707e+10
0.323	9.82719e+09
0.324	9.63073e+09
0.325	9.4865e+09
0.326	9.36679e+09
0.327	9.23008e+09
0.328	9.0478e+09
0.329	8.82164e+09
0.33	8.58136e+09
0.331	8.3659e+09
0.332	8.20015e+09
0.333	8.0811e+09
0.334	7.98062e+09
0.335	7.86192e+09
0.336	7.69973e+09
0.337	7.49314e+09
0.338	7.26503e+09
0.339	7.04954e+09
0.34	6.87469e+09
0.341	6.74922e+09
0.342	6.65926e+09
0.343	6.5757e+09
0.344	6.46786e+09
0.345	6.31681e+09
0.346	6.12278e+09
0.347	5.90414e+09
0.348	5.68908e+09
0.349	5.5042e+09
0.35	5.36462e+09
0.351	5.26901e+09
0.352	5.20103e+09
0.353	5.13564e+09
0.354	5.0479e+09
0.355	4.92079e+09
0.356	4.74992e+09
0.357	4.54399e+09
0.358	4.32142e+09
0.359	4.10466e+09
0.36	3.91407e+09
0.361	3.76297e+09
0.362	3.65498e+09
0.363	3.584e+09
0.364	3.53624e+09
0.365	3.49367e+09
0.366	3.43785e+09
0.367	3.35319e+09
0.368	3.22933e+09
0.369	3.06207e+09
0.37	2.85331e+09
0.371	2.60987e+09
0.372	2.34196e+09
0.373	2.06139e+09
0.374	1.77994e+09
0.375	1.50813e+09
0.376	1.25441e+09
0.377	1.02471e+09
0.378	8.22512e+08
0.379	6.49059e+08
0.38	5.03788e+08
0.381	3.8481e+08
0.382	2.89394e+08
0.383	2.14377e+08
0.384	1.56495e+08
0.385	1.12627e+08
0.386	7.99423e+07
0.387	5.59841e+07
0.388	3.86958e+07
0.389	2.64071e+07
0.39	1.77982e+07
0.391	1.18513e+07
0.392	7.79846e+06
0.393	5.07259e+06
0.394	3.26244e+06
0.395	2.07517e+06
0.396	1.30578e+06
0.397	812991
0.398	500953
0.399	305559
0.4	184528
0.401	110353
0.402	65364.3
0.403	38353.4
0.404	22297.1
0.405	12845.3
0.406	7334.32
0.407	4151.05
0.408	2329.17
0.409	1295.84
0.41	714.929
0.411	391.197
0.412	212.326
0.413	114.324
0.414	61.0727
0.415	32.3731
0.416	17.0293
0.417	8.89053
0.418	4.60707
0.419	2.3699
0.42	1.21028
0.421	0.613671
0.422	0.30897
0.423	0.154478
0.424	0.0767057
0.425	0.0378298
0.426	0.018532
0.427	0.00901831
0.428	0.00435993
0.429	0.0020942
0.43	0.00099948
0.431	0.000473999
0.432	0.000223389
0.433	0.000104629
0.434	4.87064e-05
0.435	2.25365e-05
0.436	1.03653e-05
0.437	4.7392e-06
0.438	2.15416e-06
0.439	9.73485e-07
0.44	4.37406e-07
0.441	1.95421e-07
0.442	8.68181e-08
0.443	3.83557e-08
0.444	1.68521e-08
0.445	7.36386e-09
0.446	3.20041e-09
0.447	1.3835e-09
0.448	5.94901e-10
0.449	2.54465e-10
0.45	1.08279e-10
0.451	4.5836e-11
0.452	1.93037e-11
0.453	8.08873e-12
0.454	3.37221e-12
0.455	1.39891e-12
0.456	5.77324e-13
0.457	2.37199e-13
0.458	9.70884e-14
0.459	3.95826e-14
0.46	1.60609e-14
0.461	6.48449e-15
0.462	2.63614e-15
0.463	1.06945e-15
0.464	4.42822e-16
0.465	1.84838e-16
0.466	7.83922e-17
0.467	3.66887e-17
0.468	1.89215e-17
0.469	1.33696e-17
0.47	9.31153e-18
0.471	1.37814e-17
0.472	9.72814e-18
0.473	1.33096e-17
0.474	1.08648e-17
0.475	1.00943e-17
0.476	1.50783e-17
0.477	7.49368e-18
0.478	1.26495e-17
0.479	8.49144e-18
0.48	7.15107e-18
0.481	1.24864e-17
0.482	5.56981e-18
0.483	8.60325e-18
0.484	8.73505e-18
0.485	4.02182e-18
0.486	9.68502e-18
0.487	5.31645e-18
0.488	6.50107e-18
0.489	7.65207e-18
0.49	3.21057e-18
0.491	5.0388e-18
0.492	2.20719e-18
0.493	2.53195e-18
0.494	2.57045e-18
0.495	2.67028e-18
0.496	2.79728e-18
0.497	4.07098e-18
0.498	2.51127e-18
0.499	4.76453e-18
0.5	5.3173e-18
0.501	3.20928e-18
0.502	6.95341e-18
0.503	3.12887e-18
0.504	5.8758e-18
0.505	6.86312e-18
0.506	3.29224e-18
0.507	5.01543e-18
0.508	3.59854e-18
0.509	4.02165e-18
0.51	8.15823e-18
0.511	2.41458e-18
0.512	5.61875e-18
0.513	4.05578e-18
0.514	3.70043e-18
0.515	8.42027e-18
0.516	2.91981e-18
0.517	7.95353e-18
0.518	6.71653e-18
0.519	4.31105e-18
0.52	6.30556e-18
0.521	2.27561e-18
0.522	3.43471e-18
0.523	4.56743e-18
0.524	1.69275e-18
0.525	3.846e-18
0.526	3.35606e-18
0.527	3.10644e-18
0.528	5.14972e-18
0.529	4.355e-18
0.53	4.47496e-18
0.531	6.35724e-18
0.532	5.19686e-18
0.533	3.73085e-18
0.534	5.49047e-18
0.535	3.62488e-18
0.536	3.67346e-18
0.537	6.50481e-18
0.538	3.45306e-18
0.539	6.34635e-18
0.54	7.78656e-18
0.541	2.25677e-18
0.542	5.4648e-18
0.543	4.7128e-18
0.544	2.8915e-18
0.545	5.7888e-18
0.546	3.23338e-18
0.547	3.7819e-18
0.548	5.04808e-18
0.549	4.35888e-18
0.55	5.17258e-18
0.551	4.09362e-18
0.552	3.83176e-18
0.553	3.74141e-18
0.554	2.33791e-18
0.555	3.05253e-18
0.556	3.19559e-18
0.557	1.78688e-18
0.558	2.49599e-18
0.559	4.3173e-18
0.56	2.70436e-18
0.561	4.50019e-18
0.562	5.05341e-18
0.563	2.43099e-18
0.564	6.51191e-18
0.565	3.85967e-18
0.566	3.81275e-18
0.567	5.31823e-18
0.568	4.08539e-18
0.569	5.39867e-18
0.57	6.41105e-18
0.571	4.70834e-18
0.572	5.73702e-18
0.573	3.824e-18
0.574	5.43117e-18
0.575	4.52883e-18
0.576	4.3284e-18
0.577	6.88604e-18
0.578	2.49952e-18
0.579	5.29698e-18
0.58	4.95564e-18
0.581	4.16285e-18
0.582	6.66049e-18
0.583	4.06131e-18
0.584	4.86642e-18
0.585	2.65058e-18
0.586	3.85106e-18
0.587	4.51579e-18
0.588	2.27439e-18
0.589	6.98709e-18
0.59	3.60607e-18
0.591	6.03238e-18
0.592	9.49552e-18
0.593	3.31166e-18
0.594	7.18975e-18
0.595	9.70083e-18
0.596	2.26076e-18
0.597	8.58432e-18
0.598	4.38758e-18
0.599	2.87386e-18
0.6	6.48163e-18
0.601	1.82817e-18
0.602	4.89347e-18
0.603	5.57303e-18
0.604	2.81965e-18
0.605	5.09929e-18
0.606	3.45851e-18
0.607	4.35263e-18
0.608	3.28324e-18
0.609	3.92881e-18
0.61	2.84039e-18
0.611	4.30997e-18
0.612	4.22005e-18
0.613	2.53531e-18
0.614	5.0692e-18
0.615	3.58369e-18
0.616	3.5436e-18
0.617	5.45739e-18
0.618	5.08812e-18
0.619	5.89821e-18
0.62	4.90899e-18
0.621	5.96841e-18
0.622	8.09461e-18
0.623	2.35092e-18
0.624	3.337e-18
0.625	8.43065e-18
0.626	2.44839e-18
0.627	4.72044e-18
0.628	9.57723e-18
0.629	3.66013e-18
0.63	2.40961e-18
0.631	5.03326e-18
0.632	2.74659e-18
0.633	3.58407e-18
0.634	5.57987e-18
0.635	2.50806e-18
0.636	4.25211e-18
0.637	3.25725e-18
0.638	2.49103e-18
0.639	4.70012e-18
0.64	2.93949e-18
0.641	8.12846e-18
0.642	7.13389e-18
0.643	2.63937e-18
0.644	1.15651e-17
0.645	5.49492e-18
0.646	3.47177e-18
0.647	1.26891e-17
0.648	2.66498e-18
0.649	6.56375e-18
0.65	9.76666e-18
0.651	1.61945e-18
0.652	5.96791e-18
0.653	5.7005e-18
0.654	2.22504e-18
0.655	6.78564e-18
0.656	3.61958e-18
0.657	2.58733e-18
0.658	5.0948e-18
0.659	2.75226e-18
0.66	3.36276e-18
0.661	4.77017e-18
0.662	4.09088e-18
0.663	3.28304e-18
0.664	3.42733e-18
0.665	2.90236e-18
0.666	2.94165e-18
0.667	1.26873e-18
0.668	1.49354e-18
0.669	1.94548e-18
0.67	1.90595e-18
0.671	2.51883e-18
0.672	3.49868e-18
0.673	1.889e-18
0.674	2.20983e-18
0.675	2.30108e-18
0.676	2.89772e-18
0.677	1.77738e-18
0.678	4.12441e-18
0.679	3.8592e-18
0.68	1.36159e-18
0.681	3.85667e-18
0.682	3.17215e-18
0.683	2.81084e-18
0.684	3.15983e-18
0.685	2.75593e-18
0.686	3.30848e-18
0.687	3.73291e-18
0.688	2.20149e-18
0.689	2.80617e-18
0.69	2.52187e-18
0.691	2.83937e-18
0.692	3.24921e-18
0.693	2.87045e-18
0.694	1.95241e-18
0.695	1.82845e-18
0.696	2.07693e-18
0.697	1.62265e-18
0.698	1.8414e-18
0.699	1.60976e-18
0.7	1.69972e-18
0.701	3.28662e-18
0.702	3.19921e-18
0.703	1.34185e-18
0.704	2.00084e-18
0.705	2.3078e-18
0.706	2.2188e-18
0.707	4.64832e-18
0.708	2.21433e-18
0.709	2.92333e-18
0.71	4.10512e-18
0.711	2.50322e-18
0.712	4.40034e-18
0.713	3.2614e-18
0.714	4.52734e-18
0.715	4.03731e-18
0.716	1.66526e-18
0.717	4.26453e-18
0.718	4.4272e-18
0.719	2.20142e-18
0.72	8.18648e-18
0.721	4.31631e-18
0.722	2.62663e-18
0.723	7.68662e-18
0.724	2.84023e-18
0.725	4.22682e-18
0.726	6.91635e-18
0.727	1.55244e-18
0.728	4.56403e-18
0.729	5.43077e-18
0.73	2.71153e-18
0.731	3.7449e-18
0.732	3.5041e-18
0.733	3.96702e-18
0.734	5.87517e-18
0.735	3.58263e-18
0.736	2.73934e-18
0.737	4.59723e-18
0.738	1.73521e-18
0.739	4.69637e-18
0.74	5.48097e-18
0.741	1.40997e-18
0.742	4.2236e-18
0.743	4.45696e-18
0.744	1.16904e-18
0.745	3.10753e-18
0.746	3.98866e-18
0.747	1.36812e-18
0.748	4.59099e-18
0.749	4.27057e-18
0.75	2.42858e-18
0.751	2.83187e-18
0.752	3.85669e-18
0.753	2.04476e-18
0.754	2.62431e-18
0.755	4.73829e-18
0.756	2.55239e-18
0.757	2.13451e-18
0.758	5.76053e-18
0.759	8.56981e-18
0.76	4.57163e-18
0.761	4.97215e-18
0.762	1.03978e-17
0.763	6.23223e-18
0.764	4.66889e-18
0.765	1.19017e-17
0.766	7.83038e-18
0.767	3.2118e-18
0.768	8.56736e-18
0.769	8.39541e-18
0.77	2.21922e-18
0.771	7.03363e-18
0.772	7.66035e-18
0.773	2.87799e-18
0.774	4.2122e-18
0.775	8.61511e-18
0.776	3.34607e-18
0.777	4.40909e-18
0.778	1.17649e-17
0.779	5.22278e-18
0.78	2.38869e-18
0.781	1.024e-17
0.782	5.72562e-18
0.783	1.42822e-18
0.784	4.35319e-18
0.785	3.49548e-18
0.786	1.73643e-18
0.787	1.85506e-18
0.788	1.10759e-18
0.789	1.46347e-18
0.79	1.39686e-18
0.791	1.40656e-18
0.792	2.65144e-18
0.793	1.96898e-18
0.794	2.20502e-18
0.795	2.65359e-18
0.796	3.25764e-18
0.797	1.31166e-18
0.798	3.10804e-18
0.799	2.38072e-18
0.8	2.31862e-18
0.801	2.61159e-18
0.802	4.79713e-18
0.803	3.52581e-18
0.804	2.36469e-18
0.805	5.08275e-18
0.806	2.49048e-18
0.807	2.60374e-18
0.808	9.97667e-18
0.809	4.70574e-18
0.81	3.29682e-18
0.811	9.3836e-18
0.812	4.27789e-18
0.813	1.82844e-18
0.814	6.82053e-18
0.815	3.87821e-18
0.816	1.15878e-18
0.817	4.59526e-18
0.818	3.81643e-18
0.819	1.76178e-18
0.82	3.745e-18
0.821	6.37878e-18
0.822	2.335e-18
0.823	1.96517e-18
0.824	4.72429e-18
0.825	1.70797e-18
0.826	1.5662e-18
0.827	3.73321e-18
0.828	3.35714e-18
0.829	1.67262e-18
0.83	2.83171e-18
0.831	6.03201e-18
0.832	3.43473e-18
0.833	2.27401e-18
0.834	4.0114e-18
0.835	4.5064e-18
0.836	1.17101e-18
0.837	1.72395e-18
0.838	2.40152e-18
0.839	1.77334e-18
0.84	1.73572e-18
0.841	2.06029e-18
0.842	1.6976e-18
0.843	2.42307e-18
0.844	1.83767e-18
0.845	1.81899e-18
0.846	2.20975e-18
0.847	1.79985e-18
0.848	2.07187e-18
0.849	3.43979e-18
0.85	1.87552e-18
0.851	3.69999e-18
0.852	5.3114e-18
0.853	2.07677e-18
0.854	2.75807e-18
0.855	2.87299e-18
0.856	1.52896e-18
0.857	1.96667e-18
0.858	1.54581e-18
0.859	2.10097e-18
0.86	1.76508e-18
0.861	1.59295e-18
0.862	2.38211e-18
0.863	1.36274e-18
0.864	3.89194e-18
0.865	3.76053e-18
0.866	1.22492e-18
0.867	2.62569e-18
0.868	5.03433e-18
0.869	2.67006e-18
0.87	2.79415e-18
0.871	2.34186e-18
0.872	1.56745e-18
0.873	2.89304e-18
0.874	1.87746e-18
0.875	4.61154e-18
0.876	4.49589e-18
0.877	1.79304e-18
0.878	8.11899e-18
0.879	5.18e-18
0.88	1.87128e-18
0.881	7.81903e-18
0.882	3.42763e-18
0.883	2.08127e-18
0.884	6.11677e-18
0.885	1.51813e-18
0.886	4.08305e-18
0.887	4.66936e-18
0.888	1.57344e-18
0.889	4.97522e-18
0.89	4.6355e-18
0.891	1.77461e-18
0.892	4.4892e-18
0.893	2.99749e-18
0.894	1.57701e-18
0.895	2.33276e-18
0.896	3.1784e-18
0.897	1.4288e-18
0.898	2.26317e-18
0.899	1.92774e-18
0.9	1.82905e-18
0.901	2.26411e-18
0.902	2.26797e-18
0.903	3.63691e-18
0.904	4.19483e-18
0.905	2.40902e-18
0.906	2.98828e-18
0.907	4.06848e-18
0.908	2.6711e-18
0.909	3.08931e-18
0.91	4.98637e-18
0.911	2.95381e-18
0.912	2.93798e-18
0.913	5.30421e-18
0.914	5.65328e-18
0.915	3.59277e-18
0.916	1.17824e-17
0.917	8.95984e-18
0.918	4.1324e-18
0.919	1.16085e-17
0.92	9.41563e-18
0.921	3.66684e-18
0.922	8.91861e-18
0.923	6.18887e-18
0.924	3.41376e-18
0.925	6.92361e-18
0.926	3.08089e-18
0.927	3.94153e-18
0.928	4.00132e-18
0.929	1.48888e-18
0.93	7.08677e-18
0.931	2.59223e-18
0.932	4.8142e-18
0.933	1.26139e-17
0.934	2.53585e-18
0.935	1.01467e-17
0.936	2.1027e-17
0.937	3.00396e-18
0.938	9.66225e-18
0.939	2.9363e-17
0.94	5.49334e-18
0.941	6.99495e-18
0.942	1.98558e-17
0.943	4.22733e-18
0.944	4.39111e-18
0.945	1.21415e-17
0.946	2.58942e-18
0.947	4.65276e-18
0.948	7.0491e-18
0.949	1.57027e-18
0.95	6.69051e-18
0.951	6.35974e-18
0.952	2.48827e-18
0.953	4.63646e-18
0.954	4.34964e-18
0.955	1.39238e-18
0.956	4.48324e-18
0.957	2.76326e-18
0.958	1.37729e-18
0.959	4.59353e-18
0.96	2.65668e-18
0.961	2.0735e-18
0.962	3.66404e-18
0.963	2.6783e-18
0.964	2.31063e-18
0.965	2.29976e-18
0.966	1.79128e-18
0.967	3.73779e-18
0.968	3.09543e-18
0.969	4.2923e-18
0.97	3.7808e-18
0.971	5.58703e-18
0.972	7.71822e-18
0.973	7.31795e-18
0.974	4.0267e-18
0.975	1.21568e-17
0.976	1.37907e-17
0.977	1.77402e-18
0.978	8.71571e-18
0.979	2.04652e-17
0.98	2.61013e-18
0.981	5.94152e-18
0.982	1.81919e-17
0.983	3.82382e-18
0.984	6.5484e-18
0.985	2.03907e-17
0.986	4.69061e-18
0.987	7.59238e-18
0.988	2.13898e-17
0.989	8.97681e-18
0.99	2.86336e-18
0.991	1.49205e-17
0.992	1.11707e-17
0.993	2.43252e-18
0.994	7.15402e-18
0.995	6.34576e-18
0.996	2.29831e-18
0.997	2.68499e-18
0.998	2.22539e-18
0.999	2.18963e-18
1	0
