0	0
0.001	6.4527e+06
0.002	1.99262e+07
0.003	3.01771e+07
0.004	3.36679e+07
0.005	3.37573e+07
0.006	3.35864e+07
0.007	3.33244e+07
0.008	3.26884e+07
0.009	3.21704e+07
0.01	3.18883e+07
0.011	3.1456e+07
0.012	3.08993e+07
0.013	3.05103e+07
0.014	3.01912e+07
0.015	2.97304e+07
0.016	2.92589e+07
0.017	2.89222e+07
0.018	2.85779e+07
0.019	2.8132e+07
0.02	2.77257e+07
0.021	2.74124e+07
0.022	2.70592e+07
0.023	2.66426e+07
0.024	2.62837e+07
0.025	2.59834e+07
0.026	2.56335e+07
0.027	2.52491e+07
0.028	2.49248e+07
0.029	2.46345e+07
0.03	2.42957e+07
0.031	2.39416e+07
0.032	2.36432e+07
0.033	2.33632e+07
0.034	2.30397e+07
0.035	2.27125e+07
0.036	2.24346e+07
0.037	2.21659e+07
0.038	2.18596e+07
0.039	2.15556e+07
0.04	2.12948e+07
0.041	2.10385e+07
0.042	2.07499e+07
0.043	2.0466e+07
0.044	2.02199e+07
0.045	1.99767e+07
0.046	1.97057e+07
0.047	1.94391e+07
0.048	1.9206e+07
0.049	1.89764e+07
0.05	1.87224e+07
0.051	1.84711e+07
0.052	1.82496e+07
0.053	1.80335e+07
0.054	1.7796e+07
0.055	1.75584e+07
0.056	1.73472e+07
0.057	1.71441e+07
0.058	1.69227e+07
0.059	1.66978e+07
0.06	1.64956e+07
0.061	1.63047e+07
0.062	1.60989e+07
0.063	1.58861e+07
0.064	1.56919e+07
0.065	1.55119e+07
0.066	1.53214e+07
0.067	1.51207e+07
0.068	1.49334e+07
0.069	1.47627e+07
0.07	1.45867e+07
0.071	1.43985e+07
0.072	1.42178e+07
0.073	1.40545e+07
0.074	1.38918e+07
0.075	1.37168e+07
0.076	1.35429e+07
0.077	1.3385e+07
0.078	1.32337e+07
0.079	1.30725e+07
0.08	1.29066e+07
0.081	1.27527e+07
0.082	1.26102e+07
0.083	1.24626e+07
0.084	1.23063e+07
0.085	1.21562e+07
0.086	1.20194e+07
0.087	1.1884e+07
0.088	1.17393e+07
0.089	1.1594e+07
0.09	1.14604e+07
0.091	1.13344e+07
0.092	1.12023e+07
0.093	1.10642e+07
0.094	1.09328e+07
0.095	1.08123e+07
0.096	1.06921e+07
0.097	1.0564e+07
0.098	1.04358e+07
0.099	1.03176e+07
0.1	1.02061e+07
0.101	1.00898e+07
0.102	9.96788e+06
0.103	9.8508e+06
0.104	9.74353e+06
0.105	9.63793e+06
0.106	9.52586e+06
0.107	9.41177e+06
0.108	9.30535e+06
0.109	9.2064e+06
0.11	9.10544e+06
0.111	8.99847e+06
0.112	8.89283e+06
0.113	8.7957e+06
0.114	8.70322e+06
0.115	8.60663e+06
0.116	8.50549e+06
0.117	8.40805e+06
0.118	8.31872e+06
0.119	8.23163e+06
0.12	8.13956e+06
0.121	8.04455e+06
0.122	7.95457e+06
0.123	7.87181e+06
0.124	7.78961e+06
0.125	7.7023e+06
0.126	7.61327e+06
0.127	7.52986e+06
0.128	7.45279e+06
0.129	7.3753e+06
0.13	7.29285e+06
0.131	7.20943e+06
0.132	7.1317e+06
0.133	7.05969e+06
0.134	6.98688e+06
0.135	6.90932e+06
0.136	6.831e+06
0.137	6.75816e+06
0.138	6.69074e+06
0.139	6.62259e+06
0.14	6.54989e+06
0.141	6.4762e+06
0.142	6.40751e+06
0.143	6.34422e+06
0.144	6.28072e+06
0.145	6.21288e+06
0.146	6.14344e+06
0.147	6.07824e+06
0.148	6.01858e+06
0.149	5.9596e+06
0.15	5.89667e+06
0.151	5.83129e+06
0.152	5.76903e+06
0.153	5.71238e+06
0.154	5.65764e+06
0.155	5.5997e+06
0.156	5.53843e+06
0.157	5.47874e+06
0.158	5.42438e+06
0.159	5.37333e+06
0.16	5.32039e+06
0.161	5.26356e+06
0.162	5.2064e+06
0.163	5.15362e+06
0.164	5.10536e+06
0.165	5.05713e+06
0.166	5.00521e+06
0.167	4.95104e+06
0.168	4.89942e+06
0.169	4.8528e+06
0.17	4.80845e+06
0.171	4.76173e+06
0.172	4.71147e+06
0.173	4.66125e+06
0.174	4.61519e+06
0.175	4.57327e+06
0.176	4.53139e+06
0.177	4.48608e+06
0.178	4.43835e+06
0.179	4.3925e+06
0.18	4.35125e+06
0.181	4.31277e+06
0.182	4.27278e+06
0.183	4.22924e+06
0.184	4.18454e+06
0.185	4.14282e+06
0.186	4.10546e+06
0.187	4.06968e+06
0.188	4.03154e+06
0.189	3.99014e+06
0.19	3.94852e+06
0.191	3.91037e+06
0.192	3.87617e+06
0.193	3.84275e+06
0.194	3.80663e+06
0.195	3.76758e+06
0.196	3.72879e+06
0.197	3.69358e+06
0.198	3.66199e+06
0.199	3.63086e+06
0.2	3.59698e+06
0.201	3.56033e+06
0.202	3.52402e+06
0.203	3.49114e+06
0.204	3.46176e+06
0.205	3.43289e+06
0.206	3.40146e+06
0.207	3.36726e+06
0.208	3.33306e+06
0.209	3.30196e+06
0.21	3.27438e+06
0.211	3.24775e+06
0.212	3.21896e+06
0.213	3.18728e+06
0.214	3.15499e+06
0.215	3.12518e+06
0.216	3.09893e+06
0.217	3.07433e+06
0.218	3.0483e+06
0.219	3.01936e+06
0.22	2.98897e+06
0.221	2.96012e+06
0.222	2.93465e+06
0.223	2.91164e+06
0.224	2.88828e+06
0.225	2.86237e+06
0.226	2.8342e+06
0.227	2.80626e+06
0.228	2.78104e+06
0.229	2.7589e+06
0.23	2.73778e+06
0.231	2.71505e+06
0.232	2.68967e+06
0.233	2.66308e+06
0.234	2.63791e+06
0.235	2.61577e+06
0.236	2.59596e+06
0.237	2.57608e+06
0.238	2.55403e+06
0.239	2.52971e+06
0.24	2.50502e+06
0.241	2.48235e+06
0.242	2.46258e+06
0.243	2.44449e+06
0.244	2.42571e+06
0.245	2.40465e+06
0.246	2.38169e+06
0.247	2.35885e+06
0.248	2.33819e+06
0.249	2.32021e+06
0.25	2.30353e+06
0.251	2.28596e+06
0.252	2.26617e+06
0.253	2.2447e+06
0.254	2.22346e+06
0.255	2.20431e+06
0.256	2.18767e+06
0.257	2.17225e+06
0.258	2.15605e+06
0.259	2.13778e+06
0.26	2.11784e+06
0.261	2.09793e+06
0.262	2.07985e+06
0.263	2.06416e+06
0.264	2.04986e+06
0.265	2.03513e+06
0.266	2.01859e+06
0.267	2.00026e+06
0.268	1.98154e+06
0.269	1.96417e+06
0.27	1.94904e+06
0.271	1.93561e+06
0.272	1.92233e+06
0.273	1.90766e+06
0.274	1.89114e+06
0.275	1.87367e+06
0.276	1.85683e+06
0.277	1.84187e+06
0.278	1.82889e+06
0.279	1.81678e+06
0.28	1.80399e+06
0.281	1.78955e+06
0.282	1.77362e+06
0.283	1.75744e+06
0.284	1.74245e+06
0.285	1.72939e+06
0.286	1.71787e+06
0.287	1.70665e+06
0.288	1.69438e+06
0.289	1.68049e+06
0.29	1.66549e+06
0.291	1.65063e+06
0.292	1.63712e+06
0.293	1.62543e+06
0.294	1.61499e+06
0.295	1.60456e+06
0.296	1.59302e+06
0.297	1.57997e+06
0.298	1.56599e+06
0.299	1.55225e+06
0.3	1.53983e+06
0.301	1.5291e+06
0.302	1.5195e+06
0.303	1.50992e+06
0.304	1.49931e+06
0.305	1.4873e+06
0.306	1.47436e+06
0.307	1.46152e+06
0.308	1.44982e+06
0.309	1.4397e+06
0.31	1.43076e+06
0.311	1.42206e+06
0.312	1.41257e+06
0.313	1.40177e+06
0.314	1.38992e+06
0.315	1.37785e+06
0.316	1.36659e+06
0.317	1.35674e+06
0.318	1.34821e+06
0.319	1.34029e+06
0.32	1.33198e+06
0.321	1.32258e+06
0.322	1.31199e+06
0.323	1.30076e+06
0.324	1.28982e+06
0.325	1.27995e+06
0.326	1.27147e+06
0.327	1.264e+06
0.328	1.25674e+06
0.329	1.24882e+06
0.33	1.23977e+06
0.331	1.2297e+06
0.332	1.21925e+06
0.333	1.20928e+06
0.334	1.20045e+06
0.335	1.19289e+06
0.336	1.18618e+06
0.337	1.17953e+06
0.338	1.17219e+06
0.339	1.16375e+06
0.34	1.15437e+06
0.341	1.14466e+06
0.342	1.13541e+06
0.343	1.12723e+06
0.344	1.12025e+06
0.345	1.11412e+06
0.346	1.10813e+06
0.347	1.10155e+06
0.348	1.09395e+06
0.349	1.08539e+06
0.35	1.07638e+06
0.351	1.06762e+06
0.352	1.05975e+06
0.353	1.05303e+06
0.354	1.04727e+06
0.355	1.0419e+06
0.356	1.03621e+06
0.357	1.02967e+06
0.358	1.02213e+06
0.359	1.0139e+06
0.36	1.00555e+06
0.361	997759
0.362	990970
0.363	985248
0.364	980252
0.365	975382
0.366	970016
0.367	963762
0.368	956598
0.369	948878
0.37	941189
0.371	934114
0.372	928018
0.373	922909
0.374	918442
0.375	914057
0.376	909190
0.377	903485
0.378	896914
0.379	889787
0.38	882628
0.381	875983
0.382	870223
0.383	865414
0.384	861300
0.385	857401
0.386	853186
0.387	848257
0.388	842487
0.389	836055
0.39	829379
0.391	822972
0.392	817257
0.393	812437
0.394	808424
0.395	804877
0.396	801321
0.397	797306
0.398	792551
0.399	787037
0.4	781001
0.401	774857
0.402	769060
0.403	763961
0.404	759694
0.405	756143
0.406	752982
0.407	749781
0.408	746141
0.409	741817
0.41	736787
0.411	731257
0.412	725590
0.413	720194
0.414	715403
0.415	711371
0.416	708040
0.417	705154
0.418	702342
0.419	699228
0.42	695539
0.421	691182
0.422	686266
0.423	681066
0.424	675942
0.425	671235
0.426	667174
0.427	663811
0.428	661015
0.429	658507
0.43	655944
0.431	653011
0.432	649507
0.433	645394
0.434	640809
0.435	636017
0.436	631344
0.437	627085
0.438	623430
0.439	620416
0.44	617922
0.441	615698
0.442	613440
0.443	610862
0.444	607769
0.445	604107
0.446	599973
0.447	595584
0.448	591226
0.449	587179
0.45	583648
0.451	580716
0.452	578327
0.453	576299
0.454	574371
0.455	572270
0.456	569772
0.457	566755
0.458	563226
0.459	559318
0.46	555254
0.461	551296
0.462	547683
0.463	544579
0.464	542035
0.465	539977
0.466	538233
0.467	536563
0.468	534723
0.469	532511
0.47	529815
0.471	526634
0.472	523078
0.473	519340
0.474	515654
0.475	512245
0.476	509279
0.477	506833
0.478	504876
0.479	503281
0.48	501851
0.481	500360
0.482	498604
0.483	496438
0.484	493806
0.485	490751
0.486	487405
0.487	483957
0.488	480621
0.489	477587
0.49	474989
0.491	472876
0.492	471204
0.493	469851
0.494	468635
0.495	467356
0.496	465831
0.497	463929
0.498	461596
0.499	458862
0.5	455835
0.501	452678
0.502	449580
0.503	446719
0.504	444230
0.505	442182
0.506	440565
0.507	439294
0.508	438226
0.509	437189
0.51	436006
0.511	434534
0.512	432685
0.513	430441
0.514	427854
0.515	425039
0.516	422151
0.517	419358
0.518	416810
0.519	414620
0.52	412836
0.521	411444
0.522	410363
0.523	409466
0.524	408597
0.525	407602
0.526	406351
0.527	404758
0.528	402798
0.529	400508
0.53	397979
0.531	395341
0.532	392744
0.533	390329
0.534	388210
0.535	386455
0.536	385076
0.537	384027
0.538	383214
0.539	382509
0.54	381771
0.541	380868
0.542	379694
0.543	378191
0.544	376349
0.545	374213
0.546	371874
0.547	369451
0.548	367079
0.549	364883
0.55	362965
0.551	361385
0.552	360156
0.553	359240
0.554	358557
0.555	357997
0.556	357433
0.557	356742
0.558	355823
0.559	354608
0.56	353072
0.561	351240
0.562	349175
0.563	346975
0.564	344757
0.565	342640
0.566	340730
0.567	339104
0.568	337802
0.569	336822
0.57	336117
0.571	335609
0.572	335194
0.573	334757
0.574	334190
0.575	333405
0.576	332341
0.577	330980
0.578	329339
0.579	327476
0.58	325475
0.581	323440
0.582	321478
0.583	319688
0.584	318147
0.585	316899
0.586	315954
0.587	315285
0.588	314832
0.589	314508
0.59	314213
0.591	313848
0.592	313320
0.593	312562
0.594	311532
0.595	310227
0.596	308675
0.597	306935
0.598	305090
0.599	303233
0.6	301461
0.601	299861
0.602	298497
0.603	297409
0.604	296603
0.605	296055
0.606	295709
0.607	295491
0.608	295310
0.609	295075
0.61	294702
0.611	294123
0.612	293296
0.613	292208
0.614	290875
0.615	289343
0.616	287678
0.617	285963
0.618	284287
0.619	282732
0.62	281370
0.621	280249
0.622	279394
0.623	278800
0.624	278435
0.625	278242
0.626	278148
0.627	278071
0.628	277927
0.629	277642
0.63	277156
0.631	276433
0.632	275463
0.633	274261
0.634	272868
0.635	271345
0.636	269765
0.637	268210
0.638	266757
0.639	265473
0.64	264408
0.641	263590
0.642	263023
0.643	262685
0.644	262531
0.645	262501
0.646	262521
0.647	262514
0.648	262407
0.649	262137
0.65	261660
0.651	260950
0.652	260009
0.653	258857
0.654	257540
0.655	256116
0.656	254656
0.657	253235
0.658	251921
0.659	250776
0.66	249842
0.661	249145
0.662	248684
0.663	248441
0.664	248374
0.665	248428
0.666	248534
0.667	248623
0.668	248626
0.669	248482
0.67	248146
0.671	247592
0.672	246812
0.673	245823
0.674	244657
0.675	243367
0.676	242015
0.677	240668
0.678	239394
0.679	238255
0.68	237299
0.681	236560
0.682	236050
0.683	235763
0.684	235673
0.685	235737
0.686	235898
0.687	236092
0.688	236252
0.689	236317
0.69	236231
0.691	235954
0.692	235464
0.693	234757
0.694	233847
0.695	232768
0.696	231567
0.697	230302
0.698	229038
0.699	227839
0.7	226763
0.701	225857
0.702	225157
0.703	224677
0.704	224417
0.705	224356
0.706	224458
0.707	224672
0.708	224941
0.709	225201
0.71	225391
0.711	225456
0.712	225351
0.713	225045
0.714	224527
0.715	223800
0.716	222887
0.717	221825
0.718	220664
0.719	219462
0.72	218280
0.721	217179
0.722	216212
0.723	215422
0.724	214837
0.725	214470
0.726	214316
0.727	214354
0.728	214547
0.729	214847
0.73	215196
0.731	215534
0.732	215802
0.733	215948
0.734	215926
0.735	215709
0.736	215280
0.737	214643
0.738	213817
0.739	212835
0.74	211743
0.741	210597
0.742	209455
0.743	208376
0.744	207415
0.745	206616
0.746	206014
0.747	205625
0.748	205453
0.749	205482
0.75	205684
0.751	206015
0.752	206425
0.753	206855
0.754	207247
0.755	207544
0.756	207698
0.757	207672
0.758	207441
0.759	206997
0.76	206347
0.761	205515
0.762	204538
0.763	203462
0.764	202344
0.765	201242
0.766	200214
0.767	199312
0.768	198579
0.769	198047
0.77	197731
0.771	197633
0.772	197739
0.773	198018
0.774	198429
0.775	198920
0.776	199434
0.777	199912
0.778	200298
0.779	200543
0.78	200608
0.781	200466
0.782	200107
0.783	199534
0.784	198767
0.785	197841
0.786	196801
0.787	195701
0.788	194598
0.789	193552
0.79	192618
0.791	191843
0.792	191263
0.793	190902
0.794	190766
0.795	190849
0.796	191126
0.797	191561
0.798	192107
0.799	192707
0.8	193303
0.801	193835
0.802	194248
0.803	194496
0.804	194544
0.805	194370
0.806	193968
0.807	193349
0.808	192536
0.809	191568
0.81	190496
0.811	189374
0.812	188264
0.813	187227
0.814	186316
0.815	185581
0.816	185055
0.817	184761
0.818	184705
0.819	184877
0.82	185252
0.821	185790
0.822	186442
0.823	187150
0.824	187851
0.825	188484
0.826	188991
0.827	189324
0.828	189445
0.829	189330
0.83	188971
0.831	188377
0.832	187571
0.833	186593
0.834	185492
0.835	184328
0.836	183163
0.837	182062
0.838	181086
0.839	180286
0.84	179705
0.841	179368
0.842	179289
0.843	179462
0.844	179865
0.845	180462
0.846	181202
0.847	182026
0.848	182870
0.849	183665
0.85	184348
0.851	184862
0.852	185159
0.853	185206
0.854	184987
0.855	184502
0.856	183767
0.857	182817
0.858	181700
0.859	180474
0.86	179207
0.861	177970
0.862	176830
0.863	175852
0.864	175090
0.865	174584
0.866	174358
0.867	174420
0.868	174759
0.869	175346
0.87	176136
0.871	177071
0.872	178082
0.873	179097
0.874	180040
0.875	180841
0.876	181438
0.877	181780
0.878	181832
0.879	181578
0.88	181019
0.881	180179
0.882	179095
0.883	177825
0.884	176435
0.885	175003
0.886	173608
0.887	172329
0.888	171240
0.889	170402
0.89	169863
0.891	169651
0.892	169776
0.893	170228
0.894	170973
0.895	171961
0.896	173127
0.897	174391
0.898	175669
0.899	176873
0.9	177918
0.901	178728
0.902	179241
0.903	179411
0.904	179214
0.905	178646
0.906	177728
0.907	176502
0.908	175030
0.909	173389
0.91	171669
0.911	169967
0.912	168380
0.913	166998
0.914	165905
0.915	165164
0.916	164822
0.917	164900
0.918	165394
0.919	166276
0.92	167494
0.921	168974
0.922	170623
0.923	172338
0.924	174008
0.925	175525
0.926	176783
0.927	177695
0.928	178187
0.929	178212
0.93	177750
0.931	176808
0.932	175423
0.933	173659
0.934	171606
0.935	169372
0.936	167079
0.937	164858
0.938	162837
0.939	161137
0.94	159863
0.941	159099
0.942	158900
0.943	159290
0.944	160259
0.945	161762
0.946	163721
0.947	166027
0.948	168549
0.949	171139
0.95	173636
0.951	175881
0.952	177725
0.953	179034
0.954	179701
0.955	179652
0.956	178853
0.957	177311
0.958	175075
0.959	172241
0.96	168940
0.961	165337
0.962	161625
0.963	158010
0.964	154704
0.965	151912
0.966	149823
0.967	148594
0.968	148342
0.969	149137
0.97	150992
0.971	153863
0.972	157644
0.973	162170
0.974	167224
0.975	172541
0.976	177820
0.977	182737
0.978	186958
0.979	190153
0.98	192015
0.981	192271
0.982	190699
0.983	187138
0.984	181501
0.985	173777
0.986	164040
0.987	152446
0.988	139234
0.989	124711
0.99	109253
0.991	93281.3
0.992	77256.1
0.993	61653.8
0.994	46951.6
0.995	33608.9
0.996	22049
0.997	12643.4
0.998	5696.91
0.999	1435.98
1	0
