0	0
0.001	4.33272e+11
0.002	1.24219e+12
0.003	1.76759e+12
0.004	1.93911e+12
0.005	1.94429e+12
0.006	1.90531e+12
0.007	1.8592e+12
0.008	1.81279e+12
0.009	1.76817e+12
0.01	1.72392e+12
0.011	1.68157e+12
0.012	1.63977e+12
0.013	1.59935e+12
0.014	1.55999e+12
0.015	1.5214e+12
0.016	1.48424e+12
0.017	1.44756e+12
0.018	1.41226e+12
0.019	1.37761e+12
0.02	1.3439e+12
0.021	1.31122e+12
0.022	1.27909e+12
0.023	1.24814e+12
0.024	1.21768e+12
0.025	1.18817e+12
0.026	1.15943e+12
0.027	1.13126e+12
0.028	1.10408e+12
0.029	1.07731e+12
0.03	1.05143e+12
0.031	1.02615e+12
0.032	1.00142e+12
0.033	9.77524e+11
0.034	9.53999e+11
0.035	9.31261e+11
0.036	9.09017e+11
0.037	8.87287e+11
0.038	8.66263e+11
0.039	8.4557e+11
0.04	8.25565e+11
0.041	8.05995e+11
0.042	7.86866e+11
0.043	7.68363e+11
0.044	7.50148e+11
0.045	7.32522e+11
0.046	7.15302e+11
0.047	6.98438e+11
0.048	6.82142e+11
0.049	6.66101e+11
0.05	6.50546e+11
0.051	6.35392e+11
0.052	6.20509e+11
0.053	6.06139e+11
0.054	5.92012e+11
0.055	5.78261e+11
0.056	5.64919e+11
0.057	5.51779e+11
0.058	5.39081e+11
0.059	5.26646e+11
0.06	5.14472e+11
0.061	5.02708e+11
0.062	4.91115e+11
0.063	4.79865e+11
0.064	4.6892e+11
0.065	4.58141e+11
0.066	4.47736e+11
0.067	4.37527e+11
0.068	4.27537e+11
0.069	4.17885e+11
0.07	4.08364e+11
0.071	3.99121e+11
0.072	3.90136e+11
0.073	3.81274e+11
0.074	3.72718e+11
0.075	3.64336e+11
0.076	3.56107e+11
0.077	3.4817e+11
0.078	3.40347e+11
0.079	3.32718e+11
0.08	3.25337e+11
0.081	3.18041e+11
0.082	3.10971e+11
0.083	3.04092e+11
0.084	2.97297e+11
0.085	2.90741e+11
0.086	2.8432e+11
0.087	2.78e+11
0.088	2.71912e+11
0.089	2.65917e+11
0.09	2.60044e+11
0.091	2.54382e+11
0.092	2.48785e+11
0.093	2.43329e+11
0.094	2.38056e+11
0.095	2.32831e+11
0.096	2.27762e+11
0.097	2.22846e+11
0.098	2.17972e+11
0.099	2.1326e+11
0.1	2.08674e+11
0.101	2.04128e+11
0.102	1.99745e+11
0.103	1.95465e+11
0.104	1.91226e+11
0.105	1.87145e+11
0.106	1.8315e+11
0.107	1.79196e+11
0.108	1.75396e+11
0.109	1.71667e+11
0.11	1.67978e+11
0.111	1.64435e+11
0.112	1.60955e+11
0.113	1.57512e+11
0.114	1.54208e+11
0.115	1.5096e+11
0.116	1.47745e+11
0.117	1.44661e+11
0.118	1.41631e+11
0.119	1.38628e+11
0.12	1.35748e+11
0.121	1.32922e+11
0.122	1.30115e+11
0.123	1.27423e+11
0.124	1.24788e+11
0.125	1.22164e+11
0.126	1.19645e+11
0.127	1.17189e+11
0.128	1.14736e+11
0.129	1.12376e+11
0.13	1.10086e+11
0.131	1.07795e+11
0.132	1.05581e+11
0.133	1.03446e+11
0.134	1.01308e+11
0.135	9.92278e+10
0.136	9.72343e+10
0.137	9.52422e+10
0.138	9.32868e+10
0.139	9.14217e+10
0.14	8.95686e+10
0.141	8.7731e+10
0.142	8.59805e+10
0.143	8.42588e+10
0.144	8.25351e+10
0.145	8.08861e+10
0.146	7.92859e+10
0.147	7.76749e+10
0.148	7.61168e+10
0.149	7.46253e+10
0.15	7.31266e+10
0.151	7.16533e+10
0.152	7.0255e+10
0.153	6.88664e+10
0.154	6.74775e+10
0.155	6.61567e+10
0.156	6.48709e+10
0.157	6.3571e+10
0.158	6.2316e+10
0.159	6.11191e+10
0.16	5.99133e+10
0.161	5.87209e+10
0.162	5.75942e+10
0.163	5.64821e+10
0.164	5.53585e+10
0.165	5.42853e+10
0.166	5.32562e+10
0.167	5.22119e+10
0.168	5.11859e+10
0.169	5.02193e+10
0.17	4.92596e+10
0.171	4.82883e+10
0.172	4.73642e+10
0.173	4.64792e+10
0.174	4.5578e+10
0.175	4.46898e+10
0.176	4.38563e+10
0.177	4.30321e+10
0.178	4.2192e+10
0.179	4.13889e+10
0.18	4.0628e+10
0.181	3.98548e+10
0.182	3.90812e+10
0.183	3.83562e+10
0.184	3.76522e+10
0.185	3.69285e+10
0.186	3.62232e+10
0.187	3.55649e+10
0.188	3.49079e+10
0.189	3.42351e+10
0.19	3.35948e+10
0.191	3.2992e+10
0.192	3.23774e+10
0.193	3.1756e+10
0.194	3.11745e+10
0.195	3.06186e+10
0.196	3.00444e+10
0.197	2.94728e+10
0.198	2.89431e+10
0.199	2.84285e+10
0.2	2.78935e+10
0.201	2.73684e+10
0.202	2.68841e+10
0.203	2.64071e+10
0.204	2.59099e+10
0.205	2.5427e+10
0.206	2.49827e+10
0.207	2.45411e+10
0.208	2.40798e+10
0.209	2.36344e+10
0.21	2.32257e+10
0.211	2.28179e+10
0.212	2.23906e+10
0.213	2.19782e+10
0.214	2.16012e+10
0.215	2.12259e+10
0.216	2.08307e+10
0.217	2.04471e+10
0.218	2.00982e+10
0.219	1.97541e+10
0.22	1.93896e+10
0.221	1.90314e+10
0.222	1.87065e+10
0.223	1.8392e+10
0.224	1.80578e+10
0.225	1.77223e+10
0.226	1.74173e+10
0.227	1.71298e+10
0.228	1.68259e+10
0.229	1.65122e+10
0.23	1.62229e+10
0.231	1.59583e+10
0.232	1.56848e+10
0.233	1.53942e+10
0.234	1.51173e+10
0.235	1.48698e+10
0.236	1.4625e+10
0.237	1.43606e+10
0.238	1.40959e+10
0.239	1.38585e+10
0.24	1.36376e+10
0.241	1.34027e+10
0.242	1.31541e+10
0.243	1.29218e+10
0.244	1.27157e+10
0.245	1.25099e+10
0.246	1.22849e+10
0.247	1.20586e+10
0.248	1.18568e+10
0.249	1.16727e+10
0.25	1.14775e+10
0.251	1.12659e+10
0.252	1.10635e+10
0.253	1.08868e+10
0.254	1.07185e+10
0.255	1.05338e+10
0.256	1.03379e+10
0.257	1.01573e+10
0.258	1.00004e+10
0.259	9.84531e+09
0.26	9.67231e+09
0.261	9.49209e+09
0.262	9.32973e+09
0.263	9.18873e+09
0.264	9.0465e+09
0.265	8.88632e+09
0.266	8.72032e+09
0.267	8.57213e+09
0.268	8.44436e+09
0.269	8.31546e+09
0.27	8.16906e+09
0.271	8.0155e+09
0.272	7.87763e+09
0.273	7.76055e+09
0.274	7.64541e+09
0.275	7.51401e+09
0.276	7.37194e+09
0.277	7.24092e+09
0.278	7.13124e+09
0.279	7.02921e+09
0.28	6.91447e+09
0.281	6.78485e+09
0.282	6.65852e+09
0.283	6.55179e+09
0.284	6.45981e+09
0.285	6.36271e+09
0.286	6.24894e+09
0.287	6.12833e+09
0.288	6.02036e+09
0.289	5.93194e+09
0.29	5.84994e+09
0.291	5.75617e+09
0.292	5.64732e+09
0.293	5.53818e+09
0.294	5.44531e+09
0.295	5.3694e+09
0.296	5.29494e+09
0.297	5.20664e+09
0.298	5.10512e+09
0.299	5.00586e+09
0.3	4.92322e+09
0.301	4.8562e+09
0.302	4.7898e+09
0.303	4.70988e+09
0.304	4.61672e+09
0.305	4.52435e+09
0.306	4.447e+09
0.307	4.38589e+09
0.308	4.32843e+09
0.309	4.25999e+09
0.31	4.17694e+09
0.311	4.08961e+09
0.312	4.01283e+09
0.313	3.95306e+09
0.314	3.9031e+09
0.315	3.8485e+09
0.316	3.77971e+09
0.317	3.69969e+09
0.318	3.62118e+09
0.319	3.55628e+09
0.32	3.50695e+09
0.321	3.4638e+09
0.322	3.41356e+09
0.323	3.34915e+09
0.324	3.27469e+09
0.325	3.20216e+09
0.326	3.14255e+09
0.327	3.0981e+09
0.328	3.061e+09
0.329	3.01907e+09
0.33	2.96408e+09
0.331	2.89708e+09
0.332	2.82738e+09
0.333	2.76632e+09
0.334	2.72001e+09
0.335	2.68573e+09
0.336	2.65388e+09
0.337	2.61394e+09
0.338	2.56069e+09
0.339	2.497e+09
0.34	2.43193e+09
0.341	2.37544e+09
0.342	2.33294e+09
0.343	2.30255e+09
0.344	2.27639e+09
0.345	2.24479e+09
0.346	2.20125e+09
0.347	2.14548e+09
0.348	2.08325e+09
0.349	2.02347e+09
0.35	1.97394e+09
0.351	1.93787e+09
0.352	1.91273e+09
0.353	1.89151e+09
0.354	1.86589e+09
0.355	1.82965e+09
0.356	1.781e+09
0.357	1.72311e+09
0.358	1.66261e+09
0.359	1.60703e+09
0.36	1.5621e+09
0.361	1.52986e+09
0.362	1.50815e+09
0.363	1.49159e+09
0.364	1.47337e+09
0.365	1.44743e+09
0.366	1.41013e+09
0.367	1.36114e+09
0.368	1.3033e+09
0.369	1.24168e+09
0.37	1.18216e+09
0.371	1.12994e+09
0.372	1.08841e+09
0.373	1.05852e+09
0.374	1.03879e+09
0.375	1.02578e+09
0.376	1.01487e+09
0.377	1.00123e+09
0.378	9.80606e+08
0.379	9.49937e+08
0.38	9.07681e+08
0.381	8.5384e+08
0.382	7.89765e+08
0.383	7.17807e+08
0.384	6.40895e+08
0.385	5.62131e+08
0.386	4.84443e+08
0.387	4.10336e+08
0.388	3.4174e+08
0.389	2.79962e+08
0.39	2.25707e+08
0.391	1.79156e+08
0.392	1.40074e+08
0.393	1.07922e+08
0.394	8.19748e+07
0.395	6.14104e+07
0.396	4.53906e+07
0.397	3.31143e+07
0.398	2.3853e+07
0.399	1.69706e+07
0.4	1.19294e+07
0.401	8.28775e+06
0.402	5.69218e+06
0.403	3.86602e+06
0.404	2.59721e+06
0.405	1.7263e+06
0.406	1.13552e+06
0.407	739336
0.408	476595
0.409	304235
0.41	192356
0.411	120482
0.412	74771.7
0.413	45986
0.414	28032.4
0.415	16939.9
0.416	10149.5
0.417	6030.08
0.418	3553.14
0.419	2076.68
0.42	1204.08
0.421	692.66
0.422	395.386
0.423	223.981
0.424	125.933
0.425	70.2833
0.426	38.9403
0.427	21.4203
0.428	11.6997
0.429	6.34589
0.43	3.41836
0.431	1.8289
0.432	0.97197
0.433	0.513146
0.434	0.269149
0.435	0.140264
0.436	0.0726328
0.437	0.0373758
0.438	0.019114
0.439	0.00971514
0.44	0.00490811
0.441	0.00246479
0.442	0.00123048
0.443	0.000610702
0.444	0.000301351
0.445	0.000147854
0.446	7.21338e-05
0.447	3.49958e-05
0.448	1.68847e-05
0.449	8.10205e-06
0.45	3.86676e-06
0.451	1.83559e-06
0.452	8.66767e-07
0.453	4.0715e-07
0.454	1.90263e-07
0.455	8.84553e-08
0.456	4.09155e-08
0.457	1.88307e-08
0.458	8.62349e-09
0.459	3.92968e-09
0.46	1.78201e-09
0.461	8.042e-10
0.462	3.61192e-10
0.463	1.61457e-10
0.464	7.18356e-11
0.465	3.18134e-11
0.466	1.40248e-11
0.467	6.15492e-12
0.468	2.68909e-12
0.469	1.16973e-12
0.47	5.06548e-13
0.471	2.18413e-13
0.472	9.37775e-14
0.473	4.00973e-14
0.474	1.70785e-14
0.475	7.24357e-15
0.476	3.0533e-15
0.477	1.27545e-15
0.478	5.24548e-16
0.479	2.12507e-16
0.48	8.41707e-17
0.481	3.40033e-17
0.482	1.41523e-17
0.483	6.32916e-18
0.484	6.05384e-18
0.485	1.99035e-18
0.486	4.15759e-18
0.487	2.19338e-18
0.488	3.86635e-18
0.489	3.88163e-18
0.49	2.4119e-18
0.491	2.93829e-18
0.492	2.36115e-18
0.493	2.20619e-18
0.494	2.58778e-18
0.495	2.3206e-18
0.496	2.06504e-18
0.497	2.6137e-18
0.498	1.43428e-18
0.499	1.8472e-18
0.5	1.69845e-18
0.501	1.96469e-18
0.502	3.30108e-18
0.503	2.15826e-18
0.504	2.79611e-18
0.505	2.55516e-18
0.506	2.36448e-18
0.507	3.24461e-18
0.508	2.70123e-18
0.509	2.39582e-18
0.51	3.00526e-18
0.511	1.99526e-18
0.512	2.84068e-18
0.513	2.01824e-18
0.514	1.41533e-18
0.515	2.49732e-18
0.516	1.24046e-18
0.517	1.61384e-18
0.518	1.88485e-18
0.519	1.06083e-18
0.52	1.94472e-18
0.521	8.31287e-19
0.522	1.21773e-18
0.523	7.57405e-19
0.524	1.13555e-18
0.525	9.86023e-19
0.526	1.19819e-18
0.527	1.23312e-18
0.528	1.22527e-18
0.529	1.3046e-18
0.53	1.25612e-18
0.531	1.26566e-18
0.532	1.37579e-18
0.533	1.11886e-18
0.534	1.15813e-18
0.535	1.15568e-18
0.536	1.05781e-18
0.537	1.20474e-18
0.538	1.51898e-18
0.539	1.74324e-18
0.54	2.22592e-18
0.541	1.52418e-18
0.542	1.96846e-18
0.543	1.24783e-18
0.544	1.15621e-18
0.545	1.77487e-18
0.546	1.14354e-18
0.547	1.68732e-18
0.548	2.08014e-18
0.549	1.36635e-18
0.55	2.19709e-18
0.551	2.30436e-18
0.552	2.04978e-18
0.553	2.87295e-18
0.554	1.13162e-18
0.555	1.45774e-18
0.556	1.4092e-18
0.557	7.19459e-19
0.558	1.62067e-18
0.559	1.47271e-18
0.56	9.23582e-19
0.561	1.59379e-18
0.562	3.09629e-18
0.563	1.18583e-18
0.564	2.61215e-18
0.565	2.12279e-18
0.566	1.56347e-18
0.567	3.41883e-18
0.568	1.4782e-18
0.569	2.48985e-18
0.57	2.98149e-18
0.571	1.4771e-18
0.572	2.47996e-18
0.573	2.32319e-18
0.574	1.28073e-18
0.575	2.90244e-18
0.576	1.34986e-18
0.577	1.26417e-18
0.578	1.72815e-18
0.579	1.17915e-18
0.58	9.94698e-19
0.581	1.39299e-18
0.582	7.57966e-19
0.583	2.01097e-18
0.584	1.13174e-18
0.585	5.19454e-19
0.586	1.69627e-18
0.587	1.07355e-18
0.588	8.03717e-19
0.589	2.29148e-18
0.59	8.94137e-19
0.591	2.32335e-18
0.592	2.7258e-18
0.593	7.05501e-19
0.594	2.59609e-18
0.595	2.69232e-18
0.596	8.85845e-19
0.597	3.87631e-18
0.598	1.75785e-18
0.599	1.35917e-18
0.6	2.61865e-18
0.601	8.58184e-19
0.602	1.94974e-18
0.603	1.89694e-18
0.604	6.59326e-19
0.605	2.82074e-18
0.606	1.24097e-18
0.607	1.23767e-18
0.608	2.16792e-18
0.609	1.43331e-18
0.61	1.05193e-18
0.611	2.76007e-18
0.612	1.49061e-18
0.613	1.11723e-18
0.614	1.84177e-18
0.615	4.23835e-19
0.616	1.59797e-18
0.617	1.11736e-18
0.618	6.10642e-19
0.619	2.90903e-18
0.62	1.11305e-18
0.621	1.815e-18
0.622	2.12708e-18
0.623	9.46238e-19
0.624	1.14905e-18
0.625	2.15326e-18
0.626	1.46332e-18
0.627	1.04979e-18
0.628	4.11439e-18
0.629	1.31341e-18
0.63	1.72614e-18
0.631	2.59342e-18
0.632	1.05399e-18
0.633	2.6069e-18
0.634	1.78183e-18
0.635	1.01246e-18
0.636	2.57778e-18
0.637	1.92048e-18
0.638	1.46939e-18
0.639	2.29374e-18
0.64	1.18176e-18
0.641	2.45935e-18
0.642	2.57421e-18
0.643	1.09315e-18
0.644	2.69566e-18
0.645	2.3499e-18
0.646	1.11561e-18
0.647	2.97389e-18
0.648	1.61103e-18
0.649	1.29653e-18
0.65	2.99675e-18
0.651	4.05867e-19
0.652	2.17393e-18
0.653	1.55071e-18
0.654	1.28228e-18
0.655	2.01689e-18
0.656	9.68294e-19
0.657	1.20884e-18
0.658	1.29131e-18
0.659	7.76132e-19
0.66	1.09142e-18
0.661	1.25426e-18
0.662	1.09851e-18
0.663	1.01873e-18
0.664	8.7412e-19
0.665	1.07483e-18
0.666	8.40011e-19
0.667	7.15953e-19
0.668	5.71868e-19
0.669	7.08224e-19
0.67	6.83528e-19
0.671	5.11486e-19
0.672	6.07825e-19
0.673	7.82122e-19
0.674	4.96181e-19
0.675	1.11833e-18
0.676	1.21331e-18
0.677	8.6363e-19
0.678	1.61877e-18
0.679	1.54993e-18
0.68	7.98077e-19
0.681	1.38037e-18
0.682	1.57133e-18
0.683	1.12907e-18
0.684	1.53403e-18
0.685	9.9194e-19
0.686	1.09072e-18
0.687	9.4324e-19
0.688	1.12623e-18
0.689	1.4433e-18
0.69	1.54504e-18
0.691	9.75076e-19
0.692	1.48224e-18
0.693	9.19983e-19
0.694	5.83928e-19
0.695	4.86662e-19
0.696	7.16133e-19
0.697	2.89441e-19
0.698	6.42514e-19
0.699	8.93621e-19
0.7	4.32142e-19
0.701	1.48916e-18
0.702	1.03115e-18
0.703	7.04717e-19
0.704	1.8542e-18
0.705	8.0349e-19
0.706	1.27638e-18
0.707	1.49932e-18
0.708	6.68455e-19
0.709	1.57399e-18
0.71	1.29558e-18
0.711	1.08385e-18
0.712	1.19535e-18
0.713	2.32352e-18
0.714	8.10425e-19
0.715	1.25161e-18
0.716	9.36324e-19
0.717	5.85676e-19
0.718	7.93764e-19
0.719	9.7212e-19
0.72	1.08594e-18
0.721	4.95436e-19
0.722	1.08155e-18
0.723	9.8007e-19
0.724	5.01306e-19
0.725	2.34386e-18
0.726	1.77634e-18
0.727	5.22124e-19
0.728	2.13303e-18
0.729	1.22161e-18
0.73	5.92182e-19
0.731	1.78284e-18
0.732	1.10842e-18
0.733	7.03065e-19
0.734	3.43931e-18
0.735	1.54712e-18
0.736	1.16319e-18
0.737	3.84526e-18
0.738	7.73566e-19
0.739	1.78354e-18
0.74	1.42538e-18
0.741	6.11879e-19
0.742	1.25089e-18
0.743	1.49591e-18
0.744	6.7084e-19
0.745	2.0831e-18
0.746	1.19692e-18
0.747	6.94025e-19
0.748	1.82118e-18
0.749	1.3874e-18
0.75	7.44371e-19
0.751	1.68991e-18
0.752	9.03868e-19
0.753	6.855e-19
0.754	1.31198e-18
0.755	8.34072e-19
0.756	9.08475e-19
0.757	1.70718e-18
0.758	6.09233e-19
0.759	1.11404e-18
0.76	1.6684e-18
0.761	1.01256e-18
0.762	1.16955e-18
0.763	2.43863e-18
0.764	1.13745e-18
0.765	1.68209e-18
0.766	2.29713e-18
0.767	7.53866e-19
0.768	1.83066e-18
0.769	2.71188e-18
0.77	6.50992e-19
0.771	1.27386e-18
0.772	2.0432e-18
0.773	9.61892e-19
0.774	7.70347e-19
0.775	1.98864e-18
0.776	1.28267e-18
0.777	7.8469e-19
0.778	2.88712e-18
0.779	9.03202e-19
0.78	1.28682e-18
0.781	2.99338e-18
0.782	8.42794e-19
0.783	8.61482e-19
0.784	1.51444e-18
0.785	6.55692e-19
0.786	4.8728e-19
0.787	5.76162e-19
0.788	3.88958e-19
0.789	4.5963e-19
0.79	4.5584e-19
0.791	6.48232e-19
0.792	7.55662e-19
0.793	1.14567e-18
0.794	7.17355e-19
0.795	1.90426e-18
0.796	8.37198e-19
0.797	6.46378e-19
0.798	9.29738e-19
0.799	9.6537e-19
0.8	1.30319e-18
0.801	5.98665e-19
0.802	7.93251e-19
0.803	6.6985e-19
0.804	8.7571e-19
0.805	6.65097e-19
0.806	6.50201e-19
0.807	5.39228e-19
0.808	8.23073e-19
0.809	7.20877e-19
0.81	8.4241e-19
0.811	8.47094e-19
0.812	1.27496e-18
0.813	7.80922e-19
0.814	5.98224e-19
0.815	6.90682e-19
0.816	5.27408e-19
0.817	5.68943e-19
0.818	6.18856e-19
0.819	5.84616e-19
0.82	6.49822e-19
0.821	1.00836e-18
0.822	8.00366e-19
0.823	6.22311e-19
0.824	4.98482e-19
0.825	4.72815e-19
0.826	3.81933e-19
0.827	4.94484e-19
0.828	6.76003e-19
0.829	3.90964e-19
0.83	6.18512e-19
0.831	8.92682e-19
0.832	6.83095e-19
0.833	7.72387e-19
0.834	6.90374e-19
0.835	5.43192e-19
0.836	5.03748e-19
0.837	4.04647e-19
0.838	2.94278e-19
0.839	4.56963e-19
0.84	5.48709e-19
0.841	9.77581e-19
0.842	5.26892e-19
0.843	6.25133e-19
0.844	7.91e-19
0.845	4.07806e-19
0.846	3.97546e-19
0.847	3.31889e-19
0.848	5.17452e-19
0.849	7.23215e-19
0.85	4.84598e-19
0.851	6.43306e-19
0.852	7.25713e-19
0.853	7.84341e-19
0.854	5.74591e-19
0.855	9.15281e-19
0.856	6.43554e-19
0.857	4.56377e-19
0.858	7.83789e-19
0.859	6.88929e-19
0.86	7.20403e-19
0.861	5.36092e-19
0.862	5.86927e-19
0.863	5.29501e-19
0.864	8.48005e-19
0.865	6.0931e-19
0.866	6.15792e-19
0.867	7.7935e-19
0.868	5.55619e-19
0.869	6.61738e-19
0.87	5.75182e-19
0.871	6.0999e-19
0.872	9.24527e-19
0.873	4.40763e-19
0.874	1.21492e-18
0.875	7.25561e-19
0.876	7.09283e-19
0.877	6.40843e-19
0.878	1.31401e-18
0.879	7.67343e-19
0.88	4.71025e-19
0.881	5.67384e-19
0.882	7.16916e-19
0.883	5.3004e-19
0.884	9.81817e-19
0.885	6.42987e-19
0.886	1.3845e-18
0.887	1.19579e-18
0.888	5.63325e-19
0.889	1.40528e-18
0.89	1.71708e-18
0.891	7.46971e-19
0.892	9.89342e-19
0.893	6.8779e-19
0.894	4.20949e-19
0.895	1.06359e-18
0.896	7.22274e-19
0.897	4.31074e-19
0.898	6.87174e-19
0.899	1.16844e-18
0.9	4.64837e-19
0.901	1.182e-18
0.902	1.15069e-18
0.903	1.16049e-18
0.904	1.78548e-18
0.905	7.03361e-19
0.906	9.20853e-19
0.907	1.69412e-18
0.908	7.76076e-19
0.909	8.41243e-19
0.91	1.25533e-18
0.911	1.08478e-18
0.912	5.88193e-19
0.913	1.60767e-18
0.914	1.20347e-18
0.915	7.91995e-19
0.916	2.81189e-18
0.917	1.43726e-18
0.918	1.06052e-18
0.919	2.81306e-18
0.92	7.96208e-19
0.921	1.11e-18
0.922	2.36384e-18
0.923	6.67343e-19
0.924	8.6966e-19
0.925	1.78211e-18
0.926	6.6977e-19
0.927	1.07702e-18
0.928	1.8738e-18
0.929	7.66058e-19
0.93	1.96711e-18
0.931	1.0647e-18
0.932	1.20962e-18
0.933	3.10776e-18
0.934	7.31754e-19
0.935	1.34533e-18
0.936	2.81071e-18
0.937	5.81521e-19
0.938	1.34125e-18
0.939	1.91792e-18
0.94	9.81945e-19
0.941	1.08729e-18
0.942	2.84088e-18
0.943	6.60397e-19
0.944	1.06165e-18
0.945	1.60727e-18
0.946	8.19901e-19
0.947	1.6562e-18
0.948	1.92948e-18
0.949	2.23659e-19
0.95	2.42959e-18
0.951	2.21462e-18
0.952	4.3632e-19
0.953	2.55741e-18
0.954	1.70087e-18
0.955	4.36316e-19
0.956	1.14573e-18
0.957	1.01828e-18
0.958	5.69612e-19
0.959	9.95691e-19
0.96	1.14428e-18
0.961	6.05496e-19
0.962	8.47151e-19
0.963	1.01254e-18
0.964	4.6824e-19
0.965	8.30641e-19
0.966	8.24514e-19
0.967	6.19678e-19
0.968	9.38014e-19
0.969	9.05666e-19
0.97	7.0955e-19
0.971	1.38721e-18
0.972	8.65068e-19
0.973	8.53744e-19
0.974	2.3696e-18
0.975	1.16237e-18
0.976	9.74295e-19
0.977	1.70724e-18
0.978	1.04056e-18
0.979	8.93706e-19
0.98	8.46791e-19
0.981	6.74381e-19
0.982	9.01533e-19
0.983	9.66607e-19
0.984	8.37887e-19
0.985	8.41023e-19
0.986	9.55337e-19
0.987	1.32809e-18
0.988	1.02409e-18
0.989	9.73851e-19
0.99	5.90058e-19
0.991	8.46899e-19
0.992	8.42491e-19
0.993	6.45839e-19
0.994	1.1068e-18
0.995	3.76701e-19
0.996	6.85085e-19
0.997	6.34058e-19
0.998	4.17466e-19
0.999	8.31093e-19
1	0
