0	0
0.001	2.0378e+12
0.002	5.82811e+12
0.003	8.2793e+12
0.004	9.07119e+12
0.005	9.08417e+12
0.006	8.89217e+12
0.007	8.66523e+12
0.008	8.43966e+12
0.009	8.22074e+12
0.01	8.00584e+12
0.011	7.79934e+12
0.012	7.5958e+12
0.013	7.40024e+12
0.014	7.20821e+12
0.015	7.02239e+12
0.016	6.84153e+12
0.017	6.66487e+12
0.018	6.49431e+12
0.019	6.32677e+12
0.02	6.16532e+12
0.021	6.00703e+12
0.022	5.85366e+12
0.023	5.70441e+12
0.024	5.5586e+12
0.025	5.41772e+12
0.026	5.27945e+12
0.027	5.14594e+12
0.028	5.0153e+12
0.029	4.88836e+12
0.03	4.76513e+12
0.031	4.64447e+12
0.032	4.52794e+12
0.033	4.41365e+12
0.034	4.30296e+12
0.035	4.19508e+12
0.036	4.08974e+12
0.037	3.98785e+12
0.038	3.88786e+12
0.039	3.79119e+12
0.04	3.69671e+12
0.041	3.60465e+12
0.042	3.51546e+12
0.043	3.42795e+12
0.044	3.34339e+12
0.045	3.26063e+12
0.046	3.18007e+12
0.047	3.10195e+12
0.048	3.02529e+12
0.049	2.95122e+12
0.05	2.87871e+12
0.051	2.8081e+12
0.052	2.73965e+12
0.053	2.67244e+12
0.054	2.60749e+12
0.055	2.54393e+12
0.056	2.48195e+12
0.057	2.42194e+12
0.058	2.36297e+12
0.059	2.30593e+12
0.06	2.2502e+12
0.061	2.19573e+12
0.062	2.14307e+12
0.063	2.0913e+12
0.064	2.04113e+12
0.065	1.99227e+12
0.066	1.94434e+12
0.067	1.89806e+12
0.068	1.85264e+12
0.069	1.80841e+12
0.07	1.76555e+12
0.071	1.72338e+12
0.072	1.6826e+12
0.073	1.64277e+12
0.074	1.60374e+12
0.075	1.56606e+12
0.076	1.529e+12
0.077	1.49296e+12
0.078	1.45802e+12
0.079	1.4236e+12
0.08	1.39034e+12
0.081	1.35784e+12
0.082	1.32596e+12
0.083	1.2952e+12
0.084	1.26495e+12
0.085	1.23546e+12
0.086	1.20694e+12
0.087	1.17881e+12
0.088	1.15156e+12
0.089	1.12505e+12
0.09	1.09892e+12
0.091	1.07372e+12
0.092	1.04904e+12
0.093	1.02481e+12
0.094	1.00146e+12
0.095	9.78482e+11
0.096	9.56034e+11
0.097	9.34375e+11
0.098	9.12975e+11
0.099	8.92187e+11
0.1	8.72058e+11
0.101	8.52145e+11
0.102	8.32888e+11
0.103	8.1416e+11
0.104	7.95641e+11
0.105	7.77791e+11
0.106	7.60354e+11
0.107	7.43138e+11
0.108	7.26578e+11
0.109	7.10339e+11
0.11	6.94336e+11
0.111	6.78961e+11
0.112	6.63834e+11
0.113	6.48958e+11
0.114	6.34673e+11
0.115	6.20583e+11
0.116	6.06748e+11
0.117	5.93468e+11
0.118	5.80345e+11
0.119	5.67473e+11
0.12	5.55121e+11
0.121	5.42899e+11
0.122	5.30915e+11
0.123	5.19422e+11
0.124	5.08042e+11
0.125	4.96876e+11
0.126	4.86177e+11
0.127	4.75584e+11
0.128	4.65172e+11
0.129	4.55207e+11
0.13	4.4535e+11
0.131	4.35636e+11
0.132	4.26347e+11
0.133	4.1718e+11
0.134	4.08111e+11
0.135	3.99444e+11
0.136	3.90922e+11
0.137	3.82454e+11
0.138	3.74356e+11
0.139	3.66438e+11
0.14	3.58534e+11
0.141	3.50954e+11
0.142	3.43597e+11
0.143	3.36228e+11
0.144	3.2912e+11
0.145	3.22279e+11
0.146	3.15421e+11
0.147	3.08745e+11
0.148	3.02372e+11
0.149	2.96005e+11
0.15	2.89734e+11
0.151	2.83774e+11
0.152	2.77877e+11
0.153	2.71994e+11
0.154	2.66394e+11
0.155	2.60936e+11
0.156	2.55441e+11
0.157	2.50156e+11
0.158	2.45091e+11
0.159	2.39987e+11
0.16	2.34992e+11
0.161	2.30259e+11
0.162	2.25547e+11
0.163	2.20838e+11
0.164	2.16376e+11
0.165	2.12031e+11
0.166	2.07631e+11
0.167	2.03392e+11
0.168	1.9936e+11
0.169	1.95295e+11
0.17	1.91268e+11
0.171	1.87475e+11
0.172	1.83744e+11
0.173	1.7996e+11
0.174	1.76342e+11
0.175	1.72897e+11
0.176	1.69402e+11
0.177	1.65944e+11
0.178	1.627e+11
0.179	1.59508e+11
0.18	1.56254e+11
0.181	1.5314e+11
0.182	1.50194e+11
0.183	1.47207e+11
0.184	1.4422e+11
0.185	1.41423e+11
0.186	1.38706e+11
0.187	1.35916e+11
0.188	1.33206e+11
0.189	1.30677e+11
0.19	1.28146e+11
0.191	1.25562e+11
0.192	1.23116e+11
0.193	1.20806e+11
0.194	1.18441e+11
0.195	1.16068e+11
0.196	1.13859e+11
0.197	1.1173e+11
0.198	1.09526e+11
0.199	1.07357e+11
0.2	1.05353e+11
0.201	1.03383e+11
0.202	1.01336e+11
0.203	9.93567e+10
0.204	9.75308e+10
0.205	9.57055e+10
0.206	9.38105e+10
0.207	9.20014e+10
0.208	9.03318e+10
0.209	8.8643e+10
0.21	8.68912e+10
0.211	8.52326e+10
0.212	8.37024e+10
0.213	8.21445e+10
0.214	8.05258e+10
0.215	7.89982e+10
0.216	7.75937e+10
0.217	7.61624e+10
0.218	7.46671e+10
0.219	7.32524e+10
0.22	7.19608e+10
0.221	7.06522e+10
0.222	6.92729e+10
0.223	6.79546e+10
0.224	6.6762e+10
0.225	6.55719e+10
0.226	6.43047e+10
0.227	6.30696e+10
0.228	6.19597e+10
0.229	6.08815e+10
0.23	5.9727e+10
0.231	5.85673e+10
0.232	5.75213e+10
0.233	5.65428e+10
0.234	5.55044e+10
0.235	5.44213e+10
0.236	5.34214e+10
0.237	5.25214e+10
0.238	5.15994e+10
0.239	5.06049e+10
0.24	4.96419e+10
0.241	4.87907e+10
0.242	4.79736e+10
0.243	4.70862e+10
0.244	4.61689e+10
0.245	4.53375e+10
0.246	4.45935e+10
0.247	4.38235e+10
0.248	4.29818e+10
0.249	4.2161e+10
0.25	4.14432e+10
0.251	4.07715e+10
0.252	4.00406e+10
0.253	3.92589e+10
0.254	3.8533e+10
0.255	3.79041e+10
0.256	3.7287e+10
0.257	3.65993e+10
0.258	3.58823e+10
0.259	3.52377e+10
0.26	3.46783e+10
0.261	3.41112e+10
0.262	3.34721e+10
0.263	3.28155e+10
0.264	3.22353e+10
0.265	3.1733e+10
0.266	3.12173e+10
0.267	3.06308e+10
0.268	3.00263e+10
0.269	2.94937e+10
0.27	2.90389e+10
0.271	2.85779e+10
0.272	2.80481e+10
0.273	2.74886e+10
0.274	2.69876e+10
0.275	2.65689e+10
0.276	2.61636e+10
0.277	2.56972e+10
0.278	2.51821e+10
0.279	2.46996e+10
0.28	2.43002e+10
0.281	2.39435e+10
0.282	2.35482e+10
0.283	2.30879e+10
0.284	2.26206e+10
0.285	2.22196e+10
0.286	2.18898e+10
0.287	2.15639e+10
0.288	2.11785e+10
0.289	2.07437e+10
0.29	2.03303e+10
0.291	1.99916e+10
0.292	1.97076e+10
0.293	1.94072e+10
0.294	1.90437e+10
0.295	1.86415e+10
0.296	1.82699e+10
0.297	1.79719e+10
0.298	1.77225e+10
0.299	1.74546e+10
0.3	1.71251e+10
0.301	1.6755e+10
0.302	1.64079e+10
0.303	1.61296e+10
0.304	1.59065e+10
0.305	1.56794e+10
0.306	1.53977e+10
0.307	1.50635e+10
0.308	1.47282e+10
0.309	1.44471e+10
0.31	1.42322e+10
0.311	1.40437e+10
0.312	1.38241e+10
0.313	1.35448e+10
0.314	1.32283e+10
0.315	1.29287e+10
0.316	1.26891e+10
0.317	1.25087e+10
0.318	1.23452e+10
0.319	1.21469e+10
0.32	1.18905e+10
0.321	1.15966e+10
0.322	1.13138e+10
0.323	1.10843e+10
0.324	1.09156e+10
0.325	1.07765e+10
0.326	1.06189e+10
0.327	1.04092e+10
0.328	1.01484e+10
0.329	9.87076e+09
0.33	9.62134e+09
0.331	9.42921e+09
0.332	9.29107e+09
0.333	9.17435e+09
0.334	9.03644e+09
0.335	8.8482e+09
0.336	8.6089e+09
0.337	8.34537e+09
0.338	8.0972e+09
0.339	7.89654e+09
0.34	7.75279e+09
0.341	7.6492e+09
0.342	7.55171e+09
0.343	7.42499e+09
0.344	7.24792e+09
0.345	7.02183e+09
0.346	6.76883e+09
0.347	6.52184e+09
0.348	6.31122e+09
0.349	6.15342e+09
0.35	6.04566e+09
0.351	5.96798e+09
0.352	5.89105e+09
0.353	5.78633e+09
0.354	5.63515e+09
0.355	5.43373e+09
0.356	5.19339e+09
0.357	4.9362e+09
0.358	4.68829e+09
0.359	4.47266e+09
0.36	4.30367e+09
0.361	4.18427e+09
0.362	4.1062e+09
0.363	4.05267e+09
0.364	4.00248e+09
0.365	3.93444e+09
0.366	3.83115e+09
0.367	3.68149e+09
0.368	3.4816e+09
0.369	3.23457e+09
0.37	2.94903e+09
0.371	2.63722e+09
0.372	2.31295e+09
0.373	1.98975e+09
0.374	1.67951e+09
0.375	1.39154e+09
0.376	1.13226e+09
0.377	9.05215e+08
0.378	7.11437e+08
0.379	5.49949e+08
0.38	4.18337e+08
0.381	3.13297e+08
0.382	2.31108e+08
0.383	1.67994e+08
0.384	1.20385e+08
0.385	8.50803e+07
0.386	5.9323e+07
0.387	4.08237e+07
0.388	2.7736e+07
0.389	1.86105e+07
0.39	1.23363e+07
0.391	8.08083e+06
0.392	5.23222e+06
0.393	3.34959e+06
0.394	2.1207e+06
0.395	1.32817e+06
0.396	823029
0.397	504724
0.398	306381
0.399	184130
0.4	109578
0.401	64586.4
0.402	37709.4
0.403	21813.4
0.404	12503.5
0.405	7102.99
0.406	3999.61
0.407	2232.67
0.408	1235.72
0.409	678.207
0.41	369.155
0.411	199.303
0.412	106.74
0.413	56.7158
0.414	29.9013
0.415	15.6435
0.416	8.12238
0.417	4.18582
0.418	2.14127
0.419	1.08742
0.42	0.548275
0.421	0.274483
0.422	0.136455
0.423	0.0673683
0.424	0.0330333
0.425	0.0160884
0.426	0.00778353
0.427	0.00374089
0.428	0.00178625
0.429	0.000847441
0.43	0.000399494
0.431	0.000187144
0.432	8.71234e-05
0.433	4.03105e-05
0.434	1.85377e-05
0.435	8.47372e-06
0.436	3.85037e-06
0.437	1.73927e-06
0.438	7.81078e-07
0.439	3.48748e-07
0.44	1.54826e-07
0.441	6.83464e-08
0.442	3.00021e-08
0.443	1.30971e-08
0.444	5.68604e-09
0.445	2.45516e-09
0.446	1.05439e-09
0.447	4.50406e-10
0.448	1.91381e-10
0.449	8.08911e-11
0.45	3.40119e-11
0.451	1.42271e-11
0.452	5.92033e-12
0.453	2.45075e-12
0.454	1.00934e-12
0.455	4.13753e-13
0.456	1.6882e-13
0.457	6.86149e-14
0.458	2.77325e-14
0.459	1.11638e-14
0.46	4.47573e-15
0.461	1.80022e-15
0.462	7.19421e-16
0.463	2.89103e-16
0.464	1.20203e-16
0.465	5.15495e-17
0.466	2.50129e-17
0.467	1.58486e-17
0.468	1.14796e-17
0.469	1.2641e-17
0.47	1.32385e-17
0.471	1.2878e-17
0.472	1.12655e-17
0.473	1.393e-17
0.474	1.29623e-17
0.475	9.0453e-18
0.476	1.28907e-17
0.477	1.04743e-17
0.478	1.10013e-17
0.479	1.37614e-17
0.48	7.2392e-18
0.481	7.85625e-18
0.482	6.85779e-18
0.483	6.57792e-18
0.484	1.12226e-17
0.485	6.27116e-18
0.486	8.21846e-18
0.487	5.57439e-18
0.488	7.05406e-18
0.489	1.00466e-17
0.49	4.44182e-18
0.491	4.38579e-18
0.492	4.96624e-18
0.493	3.61612e-18
0.494	1.10619e-17
0.495	6.84599e-18
0.496	4.95102e-18
0.497	1.26359e-17
0.498	3.58932e-18
0.499	6.98669e-18
0.5	7.12305e-18
0.501	8.91036e-18
0.502	2.39176e-17
0.503	7.21637e-18
0.504	5.95432e-18
0.505	6.06378e-18
0.506	7.61581e-18
0.507	1.75119e-17
0.508	6.05264e-18
0.509	1.0431e-17
0.51	1.11489e-17
0.511	6.30422e-18
0.512	2.17472e-17
0.513	6.40125e-18
0.514	1.11676e-17
0.515	1.98474e-17
0.516	2.55811e-18
0.517	1.97355e-17
0.518	1.22012e-17
0.519	6.11103e-18
0.52	1.71814e-17
0.521	5.2928e-18
0.522	4.99627e-18
0.523	1.04391e-17
0.524	2.70335e-18
0.525	5.38995e-18
0.526	6.78383e-18
0.527	3.01741e-18
0.528	5.88908e-18
0.529	4.82798e-18
0.53	3.47067e-18
0.531	3.86861e-18
0.532	4.46847e-18
0.533	3.92293e-18
0.534	5.50157e-18
0.535	6.29576e-18
0.536	3.56333e-18
0.537	4.03523e-18
0.538	4.23102e-18
0.539	7.11525e-18
0.54	1.01982e-17
0.541	3.24565e-18
0.542	9.56349e-18
0.543	6.93258e-18
0.544	2.73566e-18
0.545	1.19516e-17
0.546	4.25638e-18
0.547	7.89552e-18
0.548	1.50906e-17
0.549	5.15039e-18
0.55	6.79167e-18
0.551	1.00563e-17
0.552	5.14691e-18
0.553	1.39005e-17
0.554	7.72926e-18
0.555	4.26589e-18
0.556	1.16264e-17
0.557	2.83807e-18
0.558	1.18727e-17
0.559	8.96548e-18
0.56	3.69701e-18
0.561	1.34455e-17
0.562	7.72242e-18
0.563	4.69134e-18
0.564	9.48549e-18
0.565	3.46353e-18
0.566	6.89278e-18
0.567	1.28267e-17
0.568	4.13779e-18
0.569	7.55196e-18
0.57	6.77823e-18
0.571	4.54701e-18
0.572	1.66985e-17
0.573	1.04927e-17
0.574	5.93618e-18
0.575	1.22395e-17
0.576	2.28055e-18
0.577	9.24169e-18
0.578	6.76355e-18
0.579	2.8033e-18
0.58	7.60008e-18
0.581	3.08683e-18
0.582	5.24659e-18
0.583	8.15127e-18
0.584	3.55944e-18
0.585	4.32895e-18
0.586	8.08571e-18
0.587	2.9229e-18
0.588	8.18037e-18
0.589	7.33592e-18
0.59	3.35859e-18
0.591	1.27077e-17
0.592	9.78616e-18
0.593	3.72693e-18
0.594	1.40081e-17
0.595	7.26553e-18
0.596	2.81556e-18
0.597	1.20714e-17
0.598	5.92262e-18
0.599	2.94318e-18
0.6	9.46793e-18
0.601	5.18275e-18
0.602	3.03869e-18
0.603	9.09639e-18
0.604	2.9105e-18
0.605	5.79757e-18
0.606	8.7802e-18
0.607	1.93382e-18
0.608	9.55626e-18
0.609	8.15223e-18
0.61	3.82467e-18
0.611	1.32303e-17
0.612	5.32606e-18
0.613	5.21423e-18
0.614	1.11724e-17
0.615	2.50311e-18
0.616	8.94923e-18
0.617	9.12708e-18
0.618	2.0218e-18
0.619	1.00908e-17
0.62	9.28545e-18
0.621	1.42318e-18
0.622	1.49143e-17
0.623	9.49713e-18
0.624	2.41812e-18
0.625	1.29556e-17
0.626	5.06482e-18
0.627	2.48586e-18
0.628	8.19218e-18
0.629	3.29195e-18
0.63	4.23618e-18
0.631	1.19489e-17
0.632	1.9857e-18
0.633	1.05773e-17
0.634	7.98832e-18
0.635	2.23375e-18
0.636	7.82179e-18
0.637	5.53204e-18
0.638	3.66114e-18
0.639	6.84327e-18
0.64	2.61357e-18
0.641	4.10686e-18
0.642	2.93323e-18
0.643	4.28018e-18
0.644	4.09117e-18
0.645	2.57958e-18
0.646	3.52885e-18
0.647	3.62787e-18
0.648	1.65093e-18
0.649	3.39683e-18
0.65	2.4016e-18
0.651	1.56317e-18
0.652	2.48161e-18
0.653	3.92468e-18
0.654	2.91145e-18
0.655	2.66488e-18
0.656	3.41824e-18
0.657	1.88564e-18
0.658	2.84016e-18
0.659	2.52499e-18
0.66	3.51573e-18
0.661	4.58668e-18
0.662	3.10116e-18
0.663	3.49749e-18
0.664	3.82951e-18
0.665	2.89611e-18
0.666	2.37517e-18
0.667	2.76375e-18
0.668	2.41495e-18
0.669	2.37645e-18
0.67	1.88528e-18
0.671	1.82058e-18
0.672	1.85027e-18
0.673	2.60891e-18
0.674	1.82637e-18
0.675	2.49973e-18
0.676	2.62808e-18
0.677	2.13583e-18
0.678	2.5473e-18
0.679	3.49751e-18
0.68	3.08736e-18
0.681	2.40766e-18
0.682	4.28793e-18
0.683	2.15945e-18
0.684	3.21316e-18
0.685	5.86111e-18
0.686	3.19069e-18
0.687	5.65694e-18
0.688	5.45379e-18
0.689	3.56902e-18
0.69	1.14495e-17
0.691	5.04085e-18
0.692	4.3076e-18
0.693	9.63414e-18
0.694	2.12304e-18
0.695	5.59008e-18
0.696	5.98245e-18
0.697	1.46675e-18
0.698	7.26679e-18
0.699	3.74212e-18
0.7	2.23204e-18
0.701	1.07606e-17
0.702	5.51052e-18
0.703	2.71022e-18
0.704	1.24968e-17
0.705	3.4465e-18
0.706	5.69134e-18
0.707	1.04536e-17
0.708	2.23203e-18
0.709	9.08464e-18
0.71	1.27191e-17
0.711	3.37499e-18
0.712	9.66995e-18
0.713	9.38399e-18
0.714	2.85025e-18
0.715	1.182e-17
0.716	6.18764e-18
0.717	2.78115e-18
0.718	8.04955e-18
0.719	3.39655e-18
0.72	3.4357e-18
0.721	7.42367e-18
0.722	2.99464e-18
0.723	5.27446e-18
0.724	7.79198e-18
0.725	3.50057e-18
0.726	2.77779e-18
0.727	4.18132e-18
0.728	3.515e-18
0.729	2.21715e-18
0.73	4.55976e-18
0.731	5.66505e-18
0.732	2.16302e-18
0.733	4.60776e-18
0.734	8.04319e-18
0.735	2.02185e-18
0.736	6.63857e-18
0.737	1.0406e-17
0.738	1.68167e-18
0.739	7.201e-18
0.74	8.43632e-18
0.741	1.76144e-18
0.742	7.55013e-18
0.743	1.13013e-17
0.744	1.73885e-18
0.745	9.15303e-18
0.746	1.45864e-17
0.747	1.46153e-18
0.748	1.09697e-17
0.749	1.63412e-17
0.75	3.54356e-18
0.751	7.17792e-18
0.752	1.64905e-17
0.753	5.56411e-18
0.754	5.11657e-18
0.755	1.52189e-17
0.756	4.48808e-18
0.757	4.20057e-18
0.758	6.45708e-18
0.759	4.26259e-18
0.76	2.73337e-18
0.761	6.28622e-18
0.762	2.51346e-18
0.763	4.18604e-18
0.764	6.55455e-18
0.765	3.2493e-18
0.766	4.05708e-18
0.767	5.06808e-18
0.768	2.84818e-18
0.769	6.49064e-18
0.77	7.29804e-18
0.771	3.50688e-18
0.772	6.7629e-18
0.773	4.25684e-18
0.774	2.4376e-18
0.775	3.87828e-18
0.776	2.04561e-18
0.777	1.83187e-18
0.778	3.36013e-18
0.779	1.96721e-18
0.78	1.63213e-18
0.781	2.7463e-18
0.782	1.97046e-18
0.783	1.65064e-18
0.784	2.95453e-18
0.785	2.47828e-18
0.786	1.51955e-18
0.787	2.09775e-18
0.788	1.97083e-18
0.789	2.60019e-18
0.79	1.74416e-18
0.791	2.97265e-18
0.792	2.69462e-18
0.793	2.24364e-18
0.794	1.86904e-18
0.795	2.4343e-18
0.796	1.77442e-18
0.797	1.95847e-18
0.798	1.82305e-18
0.799	1.7874e-18
0.8	1.39353e-18
0.801	2.19872e-18
0.802	5.59175e-18
0.803	2.91609e-18
0.804	3.25575e-18
0.805	9.22024e-18
0.806	6.25743e-18
0.807	2.89797e-18
0.808	9.61763e-18
0.809	1.22632e-17
0.81	1.86184e-18
0.811	4.80748e-18
0.812	6.48691e-18
0.813	2.25041e-18
0.814	4.1405e-18
0.815	6.58337e-18
0.816	1.73484e-18
0.817	3.59624e-18
0.818	4.28173e-18
0.819	1.77135e-18
0.82	3.64656e-18
0.821	3.19961e-18
0.822	1.53148e-18
0.823	3.7781e-18
0.824	4.59256e-18
0.825	1.7272e-18
0.826	4.99873e-18
0.827	4.28079e-18
0.828	1.34208e-18
0.829	1.03812e-18
0.83	1.29734e-18
0.831	2.02501e-18
0.832	2.63927e-18
0.833	2.60331e-18
0.834	1.57701e-18
0.835	2.04227e-18
0.836	1.79813e-18
0.837	1.85158e-18
0.838	1.50076e-18
0.839	1.5898e-18
0.84	2.50633e-18
0.841	3.23178e-18
0.842	1.73902e-18
0.843	1.54607e-18
0.844	3.01853e-18
0.845	2.28309e-18
0.846	1.24378e-18
0.847	2.45451e-18
0.848	2.63426e-18
0.849	1.95659e-18
0.85	3.894e-18
0.851	5.38803e-18
0.852	1.72846e-18
0.853	4.93663e-18
0.854	6.40421e-18
0.855	2.6375e-18
0.856	2.14764e-18
0.857	4.42367e-18
0.858	2.02371e-18
0.859	5.01934e-18
0.86	4.08191e-18
0.861	1.74212e-18
0.862	5.06817e-18
0.863	3.09154e-18
0.864	1.97803e-18
0.865	5.39165e-18
0.866	1.64935e-18
0.867	2.8155e-18
0.868	5.37466e-18
0.869	1.99873e-18
0.87	3.21292e-18
0.871	3.08476e-18
0.872	1.2721e-18
0.873	5.23673e-18
0.874	4.23999e-18
0.875	1.93326e-18
0.876	6.70745e-18
0.877	3.09292e-18
0.878	1.95828e-18
0.879	7.8121e-18
0.88	4.15212e-18
0.881	2.08385e-18
0.882	6.30734e-18
0.883	2.86747e-18
0.884	1.86371e-18
0.885	2.53042e-18
0.886	2.0377e-18
0.887	2.23632e-18
0.888	1.57551e-18
0.889	2.06803e-18
0.89	1.99005e-18
0.891	1.79755e-18
0.892	2.23684e-18
0.893	2.43685e-18
0.894	1.82699e-18
0.895	2.26678e-18
0.896	2.37488e-18
0.897	2.25804e-18
0.898	1.95479e-18
0.899	1.41491e-18
0.9	1.29913e-18
0.901	1.62488e-18
0.902	1.48935e-18
0.903	1.55454e-18
0.904	1.73927e-18
0.905	2.2227e-18
0.906	1.55418e-18
0.907	3.16566e-18
0.908	2.41436e-18
0.909	3.06222e-18
0.91	3.82003e-18
0.911	3.7472e-18
0.912	4.00134e-18
0.913	3.66144e-18
0.914	4.23622e-18
0.915	7.36941e-18
0.916	4.50923e-18
0.917	2.58728e-18
0.918	3.57591e-18
0.919	4.70486e-18
0.92	3.01812e-18
0.921	3.24673e-18
0.922	4.5937e-18
0.923	3.11397e-18
0.924	2.93467e-18
0.925	7.21206e-18
0.926	2.38956e-18
0.927	4.45357e-18
0.928	5.78509e-18
0.929	2.2183e-18
0.93	4.66654e-18
0.931	4.95794e-18
0.932	1.40587e-18
0.933	4.1826e-18
0.934	2.42984e-18
0.935	1.7532e-18
0.936	5.35118e-18
0.937	1.8151e-18
0.938	3.44449e-18
0.939	4.84797e-18
0.94	1.64155e-18
0.941	3.85043e-18
0.942	4.67584e-18
0.943	1.66966e-18
0.944	3.82347e-18
0.945	5.98325e-18
0.946	2.12231e-18
0.947	4.31915e-18
0.948	7.47948e-18
0.949	1.94288e-18
0.95	4.15392e-18
0.951	5.53952e-18
0.952	1.71707e-18
0.953	2.24637e-18
0.954	2.85016e-18
0.955	1.54199e-18
0.956	2.32418e-18
0.957	2.64566e-18
0.958	1.7132e-18
0.959	2.28524e-18
0.96	2.55347e-18
0.961	2.20392e-18
0.962	2.36458e-18
0.963	4.9308e-18
0.964	5.99589e-18
0.965	3.16777e-18
0.966	7.1208e-18
0.967	1.23211e-17
0.968	3.30198e-18
0.969	1.11293e-17
0.97	1.63375e-17
0.971	3.82798e-18
0.972	1.23554e-17
0.973	2.12556e-17
0.974	4.65864e-18
0.975	1.02695e-17
0.976	1.74899e-17
0.977	6.02044e-18
0.978	1.3641e-17
0.979	2.71746e-17
0.98	5.32939e-18
0.981	1.64169e-17
0.982	3.19245e-17
0.983	8.99516e-18
0.984	1.55175e-17
0.985	4.35471e-17
0.986	1.18935e-17
0.987	9.0512e-18
0.988	2.9684e-17
0.989	9.1243e-18
0.99	6.56045e-18
0.991	2.70939e-17
0.992	9.8842e-18
0.993	4.2333e-18
0.994	1.45597e-17
0.995	9.09346e-18
0.996	2.7888e-18
0.997	6.79525e-18
0.998	3.64578e-18
0.999	1.30432e-18
1	0
