0	0
0.001	8.98696e+09
0.002	2.60014e+10
0.003	3.72183e+10
0.004	4.09649e+10
0.005	4.12276e+10
0.006	4.05106e+10
0.007	3.96785e+10
0.008	3.88123e+10
0.009	3.79773e+10
0.01	3.71673e+10
0.011	3.63557e+10
0.012	3.55876e+10
0.013	3.48181e+10
0.014	3.40724e+10
0.015	3.33515e+10
0.016	3.26305e+10
0.017	3.19431e+10
0.018	3.12614e+10
0.019	3.05942e+10
0.02	2.99527e+10
0.021	2.93116e+10
0.022	2.86956e+10
0.023	2.80916e+10
0.024	2.74943e+10
0.025	2.6922e+10
0.026	2.6353e+10
0.027	2.57996e+10
0.028	2.52637e+10
0.029	2.47302e+10
0.03	2.42172e+10
0.031	2.3713e+10
0.032	2.32158e+10
0.033	2.27381e+10
0.034	2.22637e+10
0.035	2.18019e+10
0.036	2.13546e+10
0.037	2.09096e+10
0.038	2.04806e+10
0.039	2.00603e+10
0.04	1.96445e+10
0.041	1.9245e+10
0.042	1.88495e+10
0.043	1.84622e+10
0.044	1.80887e+10
0.045	1.77172e+10
0.046	1.73567e+10
0.047	1.70064e+10
0.048	1.66581e+10
0.049	1.63223e+10
0.05	1.59932e+10
0.051	1.56674e+10
0.052	1.53541e+10
0.053	1.50446e+10
0.054	1.47403e+10
0.055	1.44473e+10
0.056	1.41564e+10
0.057	1.38723e+10
0.058	1.35978e+10
0.059	1.33247e+10
0.06	1.30594e+10
0.061	1.28019e+10
0.062	1.25456e+10
0.063	1.22978e+10
0.064	1.20561e+10
0.065	1.18157e+10
0.066	1.1584e+10
0.067	1.13569e+10
0.068	1.11315e+10
0.069	1.09148e+10
0.07	1.07014e+10
0.071	1.04902e+10
0.072	1.02872e+10
0.073	1.00867e+10
0.074	9.88867e+09
0.075	9.69841e+09
0.076	9.51009e+09
0.077	9.32439e+09
0.078	9.14598e+09
0.079	8.9691e+09
0.08	8.79487e+09
0.081	8.62749e+09
0.082	8.46138e+09
0.083	8.29781e+09
0.084	8.14072e+09
0.085	7.98476e+09
0.086	7.83111e+09
0.087	7.68361e+09
0.088	7.5372e+09
0.089	7.39278e+09
0.09	7.25422e+09
0.091	7.11683e+09
0.092	6.981e+09
0.093	6.85076e+09
0.094	6.72187e+09
0.095	6.59406e+09
0.096	6.47155e+09
0.097	6.35067e+09
0.098	6.23039e+09
0.099	6.11502e+09
0.1	6.0017e+09
0.101	5.88852e+09
0.102	5.77973e+09
0.103	5.67351e+09
0.104	5.56706e+09
0.105	5.46435e+09
0.106	5.36473e+09
0.107	5.26475e+09
0.108	5.16763e+09
0.109	5.07411e+09
0.11	4.98034e+09
0.111	4.88845e+09
0.112	4.80047e+09
0.113	4.71268e+09
0.114	4.62575e+09
0.115	4.54273e+09
0.116	4.46065e+09
0.117	4.37856e+09
0.118	4.29994e+09
0.119	4.22319e+09
0.12	4.14592e+09
0.121	4.07125e+09
0.122	3.99931e+09
0.123	3.92689e+09
0.124	3.85588e+09
0.125	3.78813e+09
0.126	3.72052e+09
0.127	3.65314e+09
0.128	3.5889e+09
0.129	3.52587e+09
0.13	3.46229e+09
0.131	3.40104e+09
0.132	3.34207e+09
0.133	3.28254e+09
0.134	3.22404e+09
0.135	3.16841e+09
0.136	3.11302e+09
0.137	3.05742e+09
0.138	3.00438e+09
0.139	2.95283e+09
0.14	2.90055e+09
0.141	2.84967e+09
0.142	2.80124e+09
0.143	2.75264e+09
0.144	2.70401e+09
0.145	2.65784e+09
0.146	2.61276e+09
0.147	2.56694e+09
0.148	2.52246e+09
0.149	2.4802e+09
0.15	2.43768e+09
0.151	2.39504e+09
0.152	2.3546e+09
0.153	2.31528e+09
0.154	2.27518e+09
0.155	2.23604e+09
0.156	2.19905e+09
0.157	2.16202e+09
0.158	2.12456e+09
0.159	2.08887e+09
0.16	2.05461e+09
0.161	2.01966e+09
0.162	1.98503e+09
0.163	1.95243e+09
0.164	1.92035e+09
0.165	1.88751e+09
0.166	1.85572e+09
0.167	1.82573e+09
0.168	1.79554e+09
0.169	1.76489e+09
0.17	1.73578e+09
0.171	1.70797e+09
0.172	1.67953e+09
0.173	1.65109e+09
0.174	1.62438e+09
0.175	1.59844e+09
0.176	1.57171e+09
0.177	1.54541e+09
0.178	1.52083e+09
0.179	1.49655e+09
0.18	1.4715e+09
0.181	1.44721e+09
0.182	1.4245e+09
0.183	1.40176e+09
0.184	1.37834e+09
0.185	1.35587e+09
0.186	1.33483e+09
0.187	1.31355e+09
0.188	1.29168e+09
0.189	1.27086e+09
0.19	1.25133e+09
0.191	1.23144e+09
0.192	1.21104e+09
0.193	1.19169e+09
0.194	1.17354e+09
0.195	1.155e+09
0.196	1.13595e+09
0.197	1.11791e+09
0.198	1.10103e+09
0.199	1.0838e+09
0.2	1.06601e+09
0.201	1.04913e+09
0.202	1.03342e+09
0.203	1.01745e+09
0.204	1.00085e+09
0.205	9.84979e+08
0.206	9.70317e+08
0.207	9.55567e+08
0.208	9.40112e+08
0.209	9.2514e+08
0.21	9.11398e+08
0.211	8.97811e+08
0.212	8.83485e+08
0.213	8.69327e+08
0.214	8.56354e+08
0.215	8.43843e+08
0.216	8.30659e+08
0.217	8.17285e+08
0.218	8.04925e+08
0.219	7.93349e+08
0.22	7.81319e+08
0.221	7.68774e+08
0.222	7.56904e+08
0.223	7.46058e+08
0.224	7.35148e+08
0.225	7.23541e+08
0.226	7.12124e+08
0.227	7.01762e+08
0.228	6.91833e+08
0.229	6.81295e+08
0.23	6.7043e+08
0.231	6.60345e+08
0.232	6.5112e+08
0.233	6.41692e+08
0.234	6.31611e+08
0.235	6.21752e+08
0.236	6.12873e+08
0.237	6.04393e+08
0.238	5.95343e+08
0.239	5.85908e+08
0.24	5.77109e+08
0.241	5.69178e+08
0.242	5.61206e+08
0.243	5.52576e+08
0.244	5.43903e+08
0.245	5.36063e+08
0.246	5.28849e+08
0.247	5.21301e+08
0.248	5.13167e+08
0.249	5.0526e+08
0.25	4.98225e+08
0.251	4.91584e+08
0.252	4.84458e+08
0.253	4.76858e+08
0.254	4.69647e+08
0.255	4.63276e+08
0.256	4.57139e+08
0.257	4.50458e+08
0.258	4.43387e+08
0.259	4.36771e+08
0.26	4.3095e+08
0.261	4.25292e+08
0.262	4.19084e+08
0.263	4.1251e+08
0.264	4.0638e+08
0.265	4.01016e+08
0.266	3.95829e+08
0.267	3.9012e+08
0.268	3.84012e+08
0.269	3.78266e+08
0.27	3.73269e+08
0.271	3.68538e+08
0.272	3.63358e+08
0.273	3.57705e+08
0.274	3.52259e+08
0.275	3.47528e+08
0.276	3.43209e+08
0.277	3.38585e+08
0.278	3.33417e+08
0.279	3.2823e+08
0.28	3.23652e+08
0.281	3.19648e+08
0.282	3.15576e+08
0.283	3.10964e+08
0.284	3.0607e+08
0.285	3.01556e+08
0.286	2.97706e+08
0.287	2.94103e+08
0.288	2.90122e+08
0.289	2.85651e+08
0.29	2.81203e+08
0.291	2.77326e+08
0.292	2.73985e+08
0.293	2.70615e+08
0.294	2.66754e+08
0.295	2.62542e+08
0.296	2.58557e+08
0.297	2.55183e+08
0.298	2.52201e+08
0.299	2.49036e+08
0.3	2.45367e+08
0.301	2.41454e+08
0.302	2.37857e+08
0.303	2.34852e+08
0.304	2.3216e+08
0.305	2.29236e+08
0.306	2.25821e+08
0.307	2.22192e+08
0.308	2.18875e+08
0.309	2.16126e+08
0.31	2.13693e+08
0.311	2.11063e+08
0.312	2.07957e+08
0.313	2.04589e+08
0.314	2.01449e+08
0.315	1.98846e+08
0.316	1.96629e+08
0.317	1.94333e+08
0.318	1.91605e+08
0.319	1.88515e+08
0.32	1.85484e+08
0.321	1.82906e+08
0.322	1.80807e+08
0.323	1.78832e+08
0.324	1.76553e+08
0.325	1.73835e+08
0.326	1.70937e+08
0.327	1.6829e+08
0.328	1.66139e+08
0.329	1.64349e+08
0.33	1.62522e+08
0.331	1.6032e+08
0.332	1.57728e+08
0.333	1.55057e+08
0.334	1.52697e+08
0.335	1.50815e+08
0.336	1.49238e+08
0.337	1.47588e+08
0.338	1.45565e+08
0.339	1.43169e+08
0.34	1.40684e+08
0.341	1.38475e+08
0.342	1.36721e+08
0.343	1.353e+08
0.344	1.33877e+08
0.345	1.32141e+08
0.346	1.30013e+08
0.347	1.27693e+08
0.348	1.25518e+08
0.349	1.2374e+08
0.35	1.22368e+08
0.351	1.21161e+08
0.352	1.19797e+08
0.353	1.18066e+08
0.354	1.16e+08
0.355	1.13848e+08
0.356	1.11915e+08
0.357	1.10385e+08
0.358	1.09215e+08
0.359	1.08165e+08
0.36	1.06943e+08
0.361	1.05367e+08
0.362	1.03466e+08
0.363	1.01453e+08
0.364	9.96087e+07
0.365	9.81274e+07
0.366	9.70192e+07
0.367	9.61096e+07
0.368	9.51345e+07
0.369	9.38751e+07
0.37	9.22645e+07
0.371	9.04155e+07
0.372	8.856e+07
0.373	8.6936e+07
0.374	8.5676e+07
0.375	8.475e+07
0.376	8.39842e+07
0.377	8.3143e+07
0.378	8.20339e+07
0.379	8.05884e+07
0.38	7.88863e+07
0.381	7.71179e+07
0.382	7.55015e+07
0.383	7.41951e+07
0.384	7.32365e+07
0.385	7.25324e+07
0.386	7.18992e+07
0.387	7.11344e+07
0.388	7.00915e+07
0.389	6.87303e+07
0.39	6.7127e+07
0.391	6.54428e+07
0.392	6.38664e+07
0.393	6.25497e+07
0.394	6.15604e+07
0.395	6.08636e+07
0.396	6.03368e+07
0.397	5.9811e+07
0.398	5.9123e+07
0.399	5.81624e+07
0.4	5.69004e+07
0.401	5.53944e+07
0.402	5.3768e+07
0.403	5.21757e+07
0.404	5.07607e+07
0.405	4.96204e+07
0.406	4.8784e+07
0.407	4.82091e+07
0.408	4.77954e+07
0.409	4.74098e+07
0.41	4.69172e+07
0.411	4.62094e+07
0.412	4.52255e+07
0.413	4.39615e+07
0.414	4.24676e+07
0.415	4.08353e+07
0.416	3.91787e+07
0.417	3.76129e+07
0.418	3.62343e+07
0.419	3.51068e+07
0.42	3.42534e+07
0.421	3.36555e+07
0.422	3.32592e+07
0.423	3.29841e+07
0.424	3.27367e+07
0.425	3.24225e+07
0.426	3.19573e+07
0.427	3.12757e+07
0.428	3.03362e+07
0.429	2.91229e+07
0.43	2.76444e+07
0.431	2.59299e+07
0.432	2.40245e+07
0.433	2.19835e+07
0.434	1.98663e+07
0.435	1.77318e+07
0.436	1.56342e+07
0.437	1.362e+07
0.438	1.17264e+07
0.439	9.9806e+06
0.44	8.39981e+06
0.441	6.99241e+06
0.442	5.75905e+06
0.443	4.69419e+06
0.444	3.78769e+06
0.445	3.02625e+06
0.446	2.39476e+06
0.447	1.87737e+06
0.448	1.45839e+06
0.449	1.12287e+06
0.45	857057
0.451	648642
0.452	486857
0.453	362477
0.454	267746
0.455	196246
0.456	142755
0.457	103076
0.458	73887.9
0.459	52589.4
0.46	37170.2
0.461	26093
0.462	18194.5
0.463	12603.7
0.464	8674.66
0.465	5932.72
0.466	4032.28
0.467	2723.9
0.468	1829.03
0.469	1220.91
0.47	810.257
0.471	534.662
0.472	350.828
0.473	228.932
0.474	148.577
0.475	95.9113
0.476	61.5877
0.477	39.3423
0.478	25.0034
0.479	15.8106
0.48	9.94797
0.481	6.22861
0.482	3.88104
0.483	2.40676
0.484	1.48552
0.485	0.912654
0.486	0.558146
0.487	0.339804
0.488	0.205956
0.489	0.124283
0.49	0.0746725
0.491	0.0446735
0.492	0.0266134
0.493	0.0157884
0.494	0.00932785
0.495	0.00548852
0.496	0.00321647
0.497	0.00187749
0.498	0.00109161
0.499	0.000632223
0.5	0.000364759
0.501	0.00020965
0.502	0.000120048
0.503	6.84861e-05
0.504	3.89278e-05
0.505	2.20467e-05
0.506	1.24415e-05
0.507	6.99617e-06
0.508	3.92037e-06
0.509	2.18922e-06
0.51	1.21832e-06
0.511	6.75713e-07
0.512	3.73513e-07
0.513	2.05782e-07
0.514	1.13001e-07
0.515	6.18512e-08
0.516	3.37456e-08
0.517	1.83529e-08
0.518	9.95002e-09
0.519	5.37762e-09
0.52	2.89746e-09
0.521	1.55639e-09
0.522	8.33502e-10
0.523	4.45037e-10
0.524	2.36918e-10
0.525	1.25755e-10
0.526	6.65571e-11
0.527	3.5125e-11
0.528	1.84843e-11
0.529	9.6998e-12
0.53	5.07588e-12
0.531	2.64882e-12
0.532	1.3785e-12
0.533	7.15467e-13
0.534	3.70355e-13
0.535	1.91212e-13
0.536	9.84691e-14
0.537	5.05789e-14
0.538	2.59125e-14
0.539	1.32401e-14
0.54	6.74746e-15
0.541	3.43119e-15
0.542	1.74075e-15
0.543	8.81491e-16
0.544	4.45156e-16
0.545	2.24442e-16
0.546	1.12939e-16
0.547	5.70139e-17
0.548	2.86627e-17
0.549	1.46064e-17
0.55	7.34187e-18
0.551	3.75183e-18
0.552	1.89758e-18
0.553	1.01118e-18
0.554	5.40202e-19
0.555	2.82195e-19
0.556	2.24031e-19
0.557	1.11368e-19
0.558	1.06786e-19
0.559	8.62736e-20
0.56	7.56835e-20
0.561	1.34932e-19
0.562	5.4802e-20
0.563	7.69145e-20
0.564	7.29121e-20
0.565	9.25279e-20
0.566	1.10684e-19
0.567	8.50038e-20
0.568	1.28605e-19
0.569	1.06467e-19
0.57	1.61065e-19
0.571	1.45676e-19
0.572	1.47004e-19
0.573	1.89178e-19
0.574	1.29903e-19
0.575	2.19259e-19
0.576	1.35063e-19
0.577	1.82372e-19
0.578	1.34553e-19
0.579	1.7025e-19
0.58	1.79948e-19
0.581	1.3372e-19
0.582	1.89484e-19
0.583	1.6987e-19
0.584	1.53441e-19
0.585	1.85894e-19
0.586	1.21232e-19
0.587	1.385e-19
0.588	1.35018e-19
0.589	1.01378e-19
0.59	1.14983e-19
0.591	7.53475e-20
0.592	1.12667e-19
0.593	5.08268e-20
0.594	4.73342e-20
0.595	9.52204e-20
0.596	3.54572e-20
0.597	1.42802e-19
0.598	7.73467e-20
0.599	8.33694e-20
0.6	1.18216e-19
0.601	5.98884e-20
0.602	1.27297e-19
0.603	5.22997e-20
0.604	1.25173e-19
0.605	1.03169e-19
0.606	7.05475e-20
0.607	9.14973e-20
0.608	6.7398e-20
0.609	1.00941e-19
0.61	9.51386e-20
0.611	6.98765e-20
0.612	1.16383e-19
0.613	5.73333e-20
0.614	1.00879e-19
0.615	7.00636e-20
0.616	5.44667e-20
0.617	7.74129e-20
0.618	3.81353e-20
0.619	8.15532e-20
0.62	5.4004e-20
0.621	6.43876e-20
0.622	7.65407e-20
0.623	4.50868e-20
0.624	1.10556e-19
0.625	5.87269e-20
0.626	7.17701e-20
0.627	8.08422e-20
0.628	8.01077e-20
0.629	1.17206e-19
0.63	6.95821e-20
0.631	1.18759e-19
0.632	9.47982e-20
0.633	7.53734e-20
0.634	1.14308e-19
0.635	7.66305e-20
0.636	7.53984e-20
0.637	7.50303e-20
0.638	6.2173e-20
0.639	9.88675e-20
0.64	7.42266e-20
0.641	1.35678e-19
0.642	7.32528e-20
0.643	6.61637e-20
0.644	8.34559e-20
0.645	3.65231e-20
0.646	5.61861e-20
0.647	9.17653e-20
0.648	4.84522e-20
0.649	1.26722e-19
0.65	8.47136e-20
0.651	4.5873e-20
0.652	1.21226e-19
0.653	4.66176e-20
0.654	1.26396e-19
0.655	6.86186e-20
0.656	1.00983e-19
0.657	1.24599e-19
0.658	5.28216e-20
0.659	1.79811e-19
0.66	1.21045e-19
0.661	1.12777e-19
0.662	2.12395e-19
0.663	9.5149e-20
0.664	1.7208e-19
0.665	1.07968e-19
0.666	1.04201e-19
0.667	1.74245e-19
0.668	6.17516e-20
0.669	1.42848e-19
0.67	8.14415e-20
0.671	8.63527e-20
0.672	1.25302e-19
0.673	5.21427e-20
0.674	1.40786e-19
0.675	1.25608e-19
0.676	4.64707e-20
0.677	1.26487e-19
0.678	9.72776e-20
0.679	7.08852e-20
0.68	1.39072e-19
0.681	6.98725e-20
0.682	1.36885e-19
0.683	1.26343e-19
0.684	7.23728e-20
0.685	1.28889e-19
0.686	7.0737e-20
0.687	1.06584e-19
0.688	1.10022e-19
0.689	5.8541e-20
0.69	1.24282e-19
0.691	7.40374e-20
0.692	9.24922e-20
0.693	9.10542e-20
0.694	8.27346e-20
0.695	8.75026e-20
0.696	1.27278e-19
0.697	6.79303e-20
0.698	8.72011e-20
0.699	9.87667e-20
0.7	7.49049e-20
0.701	7.70087e-20
0.702	1.6034e-19
0.703	8.21865e-20
0.704	1.03712e-19
0.705	1.28441e-19
0.706	7.36374e-20
0.707	1.61807e-19
0.708	5.24591e-20
0.709	1.50783e-19
0.71	1.08279e-19
0.711	1.29084e-19
0.712	1.8672e-19
0.713	6.69909e-20
0.714	1.82758e-19
0.715	1.13489e-19
0.716	7.11603e-20
0.717	1.08969e-19
0.718	3.65988e-20
0.719	5.83966e-20
0.72	5.21878e-20
0.721	4.14145e-20
0.722	9.68026e-20
0.723	6.57125e-20
0.724	8.26558e-20
0.725	1.24264e-19
0.726	2.83364e-20
0.727	8.64623e-20
0.728	4.58255e-20
0.729	4.10948e-20
0.73	5.43338e-20
0.731	3.30351e-20
0.732	6.66256e-20
0.733	3.67647e-20
0.734	5.54246e-20
0.735	5.03155e-20
0.736	4.41267e-20
0.737	6.49542e-20
0.738	4.23999e-20
0.739	4.85326e-20
0.74	5.38246e-20
0.741	4.61897e-20
0.742	4.69336e-20
0.743	4.38491e-20
0.744	4.45855e-20
0.745	3.96071e-20
0.746	5.03327e-20
0.747	4.67843e-20
0.748	4.14453e-20
0.749	3.93873e-20
0.75	2.70282e-20
0.751	3.15539e-20
0.752	3.02833e-20
0.753	3.18486e-20
0.754	4.02033e-20
0.755	4.00553e-20
0.756	3.41235e-20
0.757	5.02644e-20
0.758	6.26127e-20
0.759	4.78373e-20
0.76	4.15136e-20
0.761	9.93769e-20
0.762	4.30749e-20
0.763	4.34242e-20
0.764	7.71764e-20
0.765	4.99793e-20
0.766	4.08687e-20
0.767	4.44991e-20
0.768	4.96772e-20
0.769	4.81375e-20
0.77	4.29793e-20
0.771	4.60207e-20
0.772	2.86051e-20
0.773	2.81055e-20
0.774	3.02732e-20
0.775	3.63336e-20
0.776	4.83684e-20
0.777	4.40257e-20
0.778	4.13758e-20
0.779	2.00299e-20
0.78	3.65095e-20
0.781	3.187e-20
0.782	4.45046e-20
0.783	3.88707e-20
0.784	4.33363e-20
0.785	4.93131e-20
0.786	3.40589e-20
0.787	3.32261e-20
0.788	3.82313e-20
0.789	3.1454e-20
0.79	2.32614e-20
0.791	4.6933e-20
0.792	3.95882e-20
0.793	3.19425e-20
0.794	5.04811e-20
0.795	6.19861e-20
0.796	2.71608e-20
0.797	6.09835e-20
0.798	5.84228e-20
0.799	2.76446e-20
0.8	5.49404e-20
0.801	4.58553e-20
0.802	5.63311e-20
0.803	5.0293e-20
0.804	5.63499e-20
0.805	7.92545e-20
0.806	4.51605e-20
0.807	1.17121e-19
0.808	3.8509e-20
0.809	6.54258e-20
0.81	7.32158e-20
0.811	3.14966e-20
0.812	6.01695e-20
0.813	7.43914e-20
0.814	5.2618e-20
0.815	4.45596e-20
0.816	3.1249e-20
0.817	4.4861e-20
0.818	4.41998e-20
0.819	4.3757e-20
0.82	8.0174e-20
0.821	1.07753e-19
0.822	5.69881e-20
0.823	9.00755e-20
0.824	1.04622e-19
0.825	3.84272e-20
0.826	8.13149e-20
0.827	3.95021e-20
0.828	5.18605e-20
0.829	9.84841e-20
0.83	2.80571e-20
0.831	5.92232e-20
0.832	5.45316e-20
0.833	6.75422e-20
0.834	7.18635e-20
0.835	2.77662e-20
0.836	7.71149e-20
0.837	8.33871e-20
0.838	2.67244e-20
0.839	1.11516e-19
0.84	1.24372e-19
0.841	4.36791e-20
0.842	8.09715e-20
0.843	4.06343e-20
0.844	7.32916e-20
0.845	4.8517e-20
0.846	5.30184e-20
0.847	1.01024e-19
0.848	4.68894e-20
0.849	5.01336e-20
0.85	1.01719e-19
0.851	5.21227e-20
0.852	5.53851e-20
0.853	7.49755e-20
0.854	2.43871e-20
0.855	8.46957e-20
0.856	6.31142e-20
0.857	5.11897e-20
0.858	1.01048e-19
0.859	4.92331e-20
0.86	1.51367e-19
0.861	4.27297e-20
0.862	1.2505e-19
0.863	1.04096e-19
0.864	3.0669e-20
0.865	1.0461e-19
0.866	3.92355e-20
0.867	6.14312e-20
0.868	7.5407e-20
0.869	4.27217e-20
0.87	5.33139e-20
0.871	6.52686e-20
0.872	4.03479e-20
0.873	7.56271e-20
0.874	5.54266e-20
0.875	2.94388e-20
0.876	4.90449e-20
0.877	3.50239e-20
0.878	6.73752e-20
0.879	4.2638e-20
0.88	3.00308e-20
0.881	8.72858e-20
0.882	3.16536e-20
0.883	4.76205e-20
0.884	9.30111e-20
0.885	2.22367e-20
0.886	7.82346e-20
0.887	7.15636e-20
0.888	4.19452e-20
0.889	8.84816e-20
0.89	3.98218e-20
0.891	1.02862e-19
0.892	8.92024e-20
0.893	5.25557e-20
0.894	9.98216e-20
0.895	3.36327e-20
0.896	8.00076e-20
0.897	6.86256e-20
0.898	2.878e-20
0.899	1.1968e-19
0.9	5.40996e-20
0.901	3.51289e-20
0.902	8.94689e-20
0.903	3.8439e-20
0.904	8.60012e-20
0.905	7.77673e-20
0.906	3.34925e-20
0.907	1.23048e-19
0.908	8.72693e-20
0.909	4.87008e-20
0.91	1.7497e-19
0.911	3.66459e-20
0.912	8.50078e-20
0.913	8.47541e-20
0.914	3.20249e-20
0.915	1.42844e-19
0.916	2.79762e-20
0.917	1.80253e-19
0.918	1.15691e-19
0.919	6.33008e-20
0.92	2.22831e-19
0.921	8.39831e-20
0.922	1.18358e-19
0.923	1.35464e-19
0.924	5.91653e-20
0.925	9.8595e-20
0.926	8.4346e-20
0.927	8.61176e-20
0.928	1.48275e-19
0.929	3.96684e-20
0.93	1.51933e-19
0.931	1.63743e-19
0.932	5.06241e-20
0.933	1.44534e-19
0.934	1.12606e-19
0.935	9.07458e-20
0.936	1.23631e-19
0.937	1.17977e-19
0.938	1.09987e-19
0.939	6.90147e-20
0.94	5.00586e-20
0.941	1.3362e-19
0.942	3.98759e-20
0.943	3.41737e-20
0.944	1.02922e-19
0.945	2.82794e-20
0.946	8.19218e-20
0.947	5.44377e-20
0.948	6.50999e-20
0.949	9.65341e-20
0.95	2.8931e-20
0.951	9.02397e-20
0.952	1.20071e-19
0.953	3.79825e-20
0.954	1.30708e-19
0.955	1.37401e-19
0.956	3.11723e-20
0.957	9.0074e-20
0.958	1.10168e-19
0.959	3.71512e-20
0.96	8.58145e-20
0.961	9.4233e-20
0.962	5.47018e-20
0.963	9.61088e-20
0.964	9.21869e-20
0.965	7.25763e-20
0.966	9.50013e-20
0.967	1.00109e-19
0.968	1.44749e-19
0.969	1.2437e-19
0.97	9.187e-20
0.971	1.883e-19
0.972	6.66626e-20
0.973	9.50454e-20
0.974	2.34192e-19
0.975	5.84734e-20
0.976	1.38306e-19
0.977	1.14366e-19
0.978	1.10257e-19
0.979	2.09114e-19
0.98	6.59294e-20
0.981	2.21578e-19
0.982	1.22908e-19
0.983	6.05976e-20
0.984	1.94499e-19
0.985	8.30565e-20
0.986	6.51227e-20
0.987	1.38732e-19
0.988	4.59649e-20
0.989	4.37152e-20
0.99	7.34074e-20
0.991	2.6565e-20
0.992	4.87845e-20
0.993	3.94515e-20
0.994	8.97265e-20
0.995	2.35341e-20
0.996	3.07218e-20
0.997	4.71549e-20
0.998	2.54363e-20
0.999	2.80931e-20
1	0
