0	0
0.001	3.02919e+09
0.002	8.79827e+09
0.003	1.26255e+10
0.004	1.39089e+10
0.005	1.40158e+10
0.006	1.37837e+10
0.007	1.35137e+10
0.008	1.32355e+10
0.009	1.29598e+10
0.01	1.26998e+10
0.011	1.24344e+10
0.012	1.21821e+10
0.013	1.19349e+10
0.014	1.16875e+10
0.015	1.14536e+10
0.016	1.12188e+10
0.017	1.09901e+10
0.018	1.07705e+10
0.019	1.05493e+10
0.02	1.03378e+10
0.021	1.01301e+10
0.022	9.92353e+09
0.023	9.72666e+09
0.024	9.53034e+09
0.025	9.33829e+09
0.026	9.15379e+09
0.027	8.96882e+09
0.028	8.79043e+09
0.029	8.61668e+09
0.03	8.44321e+09
0.031	8.27711e+09
0.032	8.11317e+09
0.033	7.95108e+09
0.034	7.79584e+09
0.035	7.64124e+09
0.036	7.49005e+09
0.037	7.34446e+09
0.038	7.19892e+09
0.039	7.05792e+09
0.04	6.92103e+09
0.041	6.78429e+09
0.042	6.65267e+09
0.043	6.52377e+09
0.044	6.39552e+09
0.045	6.27246e+09
0.046	6.15103e+09
0.047	6.03088e+09
0.048	5.91563e+09
0.049	5.80125e+09
0.05	5.68873e+09
0.051	5.58064e+09
0.052	5.47295e+09
0.053	5.36757e+09
0.054	5.26608e+09
0.055	5.16474e+09
0.056	5.06602e+09
0.057	4.97064e+09
0.058	4.87531e+09
0.059	4.78276e+09
0.06	4.6931e+09
0.061	4.60345e+09
0.062	4.51663e+09
0.063	4.43232e+09
0.064	4.34801e+09
0.065	4.2665e+09
0.066	4.18722e+09
0.067	4.10793e+09
0.068	4.03135e+09
0.069	3.9568e+09
0.07	3.88223e+09
0.071	3.81023e+09
0.072	3.74013e+09
0.073	3.66998e+09
0.074	3.60223e+09
0.075	3.53633e+09
0.076	3.47034e+09
0.077	3.40653e+09
0.078	3.34458e+09
0.079	3.2825e+09
0.08	3.22235e+09
0.081	3.16411e+09
0.082	3.10572e+09
0.083	3.04898e+09
0.084	2.99421e+09
0.085	2.93931e+09
0.086	2.88574e+09
0.087	2.83421e+09
0.088	2.78262e+09
0.089	2.73201e+09
0.09	2.68348e+09
0.091	2.63504e+09
0.092	2.5872e+09
0.093	2.54143e+09
0.094	2.496e+09
0.095	2.45079e+09
0.096	2.40753e+09
0.097	2.36493e+09
0.098	2.32227e+09
0.099	2.28129e+09
0.1	2.24134e+09
0.101	2.20115e+09
0.102	2.16226e+09
0.103	2.12474e+09
0.104	2.08698e+09
0.105	2.05003e+09
0.106	2.01467e+09
0.107	1.9793e+09
0.108	1.94423e+09
0.109	1.91076e+09
0.11	1.87768e+09
0.111	1.84448e+09
0.112	1.81266e+09
0.113	1.78169e+09
0.114	1.75043e+09
0.115	1.72007e+09
0.116	1.69096e+09
0.117	1.66168e+09
0.118	1.63273e+09
0.119	1.60517e+09
0.12	1.57785e+09
0.121	1.55038e+09
0.122	1.52407e+09
0.123	1.49855e+09
0.124	1.47271e+09
0.125	1.4475e+09
0.126	1.42347e+09
0.127	1.39936e+09
0.128	1.37528e+09
0.129	1.35237e+09
0.13	1.32995e+09
0.131	1.3072e+09
0.132	1.28517e+09
0.133	1.26413e+09
0.134	1.24291e+09
0.135	1.22177e+09
0.136	1.20171e+09
0.137	1.18203e+09
0.138	1.16202e+09
0.139	1.14266e+09
0.14	1.12421e+09
0.141	1.10559e+09
0.142	1.08697e+09
0.143	1.06932e+09
0.144	1.05208e+09
0.145	1.0345e+09
0.146	1.01739e+09
0.147	1.00117e+09
0.148	9.84905e+08
0.149	9.68462e+08
0.15	9.52808e+08
0.151	9.37739e+08
0.152	9.22363e+08
0.153	9.07136e+08
0.154	8.92786e+08
0.155	8.78645e+08
0.156	8.64174e+08
0.157	8.50162e+08
0.158	8.36919e+08
0.159	8.23584e+08
0.16	8.10052e+08
0.161	7.9718e+08
0.162	7.84869e+08
0.163	7.7229e+08
0.164	7.59702e+08
0.165	7.47859e+08
0.166	7.36351e+08
0.167	7.24508e+08
0.168	7.12837e+08
0.169	7.01903e+08
0.17	6.91114e+08
0.171	6.79994e+08
0.172	6.69182e+08
0.173	6.59054e+08
0.174	6.48931e+08
0.175	6.38512e+08
0.176	6.28488e+08
0.177	6.1908e+08
0.178	6.09587e+08
0.179	5.99838e+08
0.18	5.90526e+08
0.181	5.81772e+08
0.182	5.72884e+08
0.183	5.63766e+08
0.184	5.55093e+08
0.185	5.46938e+08
0.186	5.38632e+08
0.187	5.30103e+08
0.188	5.22002e+08
0.189	5.144e+08
0.19	5.06656e+08
0.191	4.98677e+08
0.192	4.91083e+08
0.193	4.83989e+08
0.194	4.7679e+08
0.195	4.69329e+08
0.196	4.62184e+08
0.197	4.55552e+08
0.198	4.48878e+08
0.199	4.41913e+08
0.2	4.35167e+08
0.201	4.28943e+08
0.202	4.22772e+08
0.203	4.16293e+08
0.204	4.0991e+08
0.205	4.04034e+08
0.206	3.98332e+08
0.207	3.9234e+08
0.208	3.86301e+08
0.209	3.8071e+08
0.21	3.75424e+08
0.211	3.69924e+08
0.212	3.64238e+08
0.213	3.58879e+08
0.214	3.53932e+08
0.215	3.48914e+08
0.216	3.43618e+08
0.217	3.38464e+08
0.218	3.33762e+08
0.219	3.29182e+08
0.22	3.24325e+08
0.221	3.19398e+08
0.222	3.14849e+08
0.223	3.10613e+08
0.224	3.06226e+08
0.225	3.016e+08
0.226	2.97159e+08
0.227	2.93131e+08
0.228	2.89179e+08
0.229	2.84956e+08
0.23	2.80665e+08
0.231	2.76717e+08
0.232	2.73073e+08
0.233	2.6931e+08
0.234	2.65296e+08
0.235	2.6139e+08
0.236	2.57871e+08
0.237	2.54501e+08
0.238	2.50905e+08
0.239	2.47147e+08
0.24	2.43622e+08
0.241	2.40447e+08
0.242	2.3729e+08
0.243	2.33874e+08
0.244	2.30392e+08
0.245	2.27207e+08
0.246	2.24311e+08
0.247	2.21345e+08
0.248	2.18125e+08
0.249	2.1491e+08
0.25	2.12014e+08
0.251	2.09353e+08
0.252	2.06575e+08
0.253	2.0356e+08
0.254	2.00587e+08
0.255	1.9793e+08
0.256	1.95479e+08
0.257	1.92896e+08
0.258	1.90085e+08
0.259	1.8732e+08
0.26	1.8486e+08
0.261	1.82601e+08
0.262	1.8022e+08
0.263	1.77613e+08
0.264	1.75025e+08
0.265	1.72721e+08
0.266	1.70635e+08
0.267	1.68464e+08
0.268	1.66063e+08
0.269	1.63629e+08
0.27	1.61441e+08
0.271	1.59502e+08
0.272	1.57541e+08
0.273	1.55359e+08
0.274	1.53073e+08
0.275	1.50965e+08
0.276	1.49131e+08
0.277	1.47367e+08
0.278	1.45421e+08
0.279	1.433e+08
0.28	1.41253e+08
0.281	1.39471e+08
0.282	1.37861e+08
0.283	1.3616e+08
0.284	1.34246e+08
0.285	1.32276e+08
0.286	1.30497e+08
0.287	1.28964e+08
0.288	1.27479e+08
0.289	1.25821e+08
0.29	1.23991e+08
0.291	1.22209e+08
0.292	1.20662e+08
0.293	1.19304e+08
0.294	1.17906e+08
0.295	1.16311e+08
0.296	1.14599e+08
0.297	1.12993e+08
0.298	1.11627e+08
0.299	1.10399e+08
0.3	1.09089e+08
0.301	1.07583e+08
0.302	1.05992e+08
0.303	1.0453e+08
0.304	1.03297e+08
0.305	1.02181e+08
0.306	1.00973e+08
0.307	9.95766e+07
0.308	9.80978e+07
0.309	9.67388e+07
0.31	9.55997e+07
0.311	9.45849e+07
0.312	9.34981e+07
0.313	9.22292e+07
0.314	9.08551e+07
0.315	8.95636e+07
0.316	8.84781e+07
0.317	8.75466e+07
0.318	8.65922e+07
0.319	8.54746e+07
0.32	8.42139e+07
0.321	8.29689e+07
0.322	8.18947e+07
0.323	8.10079e+07
0.324	8.01758e+07
0.325	7.92326e+07
0.326	7.81202e+07
0.327	7.69342e+07
0.328	7.58408e+07
0.329	7.49377e+07
0.33	7.4176e+07
0.331	7.34034e+07
0.332	7.24882e+07
0.333	7.14238e+07
0.334	7.03302e+07
0.335	6.93577e+07
0.336	6.85691e+07
0.337	6.78943e+07
0.338	6.71861e+07
0.339	6.63331e+07
0.34	6.53413e+07
0.341	6.4327e+07
0.342	6.34286e+07
0.343	6.27058e+07
0.344	6.20988e+07
0.345	6.14736e+07
0.346	6.07181e+07
0.347	5.98191e+07
0.348	5.88693e+07
0.349	5.80007e+07
0.35	5.72946e+07
0.351	5.67285e+07
0.352	5.61935e+07
0.353	5.55678e+07
0.354	5.4796e+07
0.355	5.39226e+07
0.356	5.30613e+07
0.357	5.23213e+07
0.358	5.17399e+07
0.359	5.12611e+07
0.36	5.07725e+07
0.361	5.01738e+07
0.362	4.94366e+07
0.363	4.86185e+07
0.364	4.78275e+07
0.365	4.71585e+07
0.366	4.66394e+07
0.367	4.62175e+07
0.368	4.5791e+07
0.369	4.5266e+07
0.37	4.46071e+07
0.371	4.38549e+07
0.372	4.31019e+07
0.373	4.24428e+07
0.374	4.19256e+07
0.375	4.1528e+07
0.376	4.11712e+07
0.377	4.07604e+07
0.378	4.02318e+07
0.379	3.95825e+07
0.38	3.88702e+07
0.381	3.81839e+07
0.382	3.76014e+07
0.383	3.7154e+07
0.384	3.68136e+07
0.385	3.65071e+07
0.386	3.61501e+07
0.387	3.56837e+07
0.388	3.50994e+07
0.389	3.44403e+07
0.39	3.37821e+07
0.391	3.32006e+07
0.392	3.27411e+07
0.393	3.24012e+07
0.394	3.21334e+07
0.395	3.18649e+07
0.396	3.15262e+07
0.397	3.1077e+07
0.398	3.05199e+07
0.399	2.98982e+07
0.4	2.92786e+07
0.401	2.87273e+07
0.402	2.82868e+07
0.403	2.79627e+07
0.404	2.77226e+07
0.405	2.75086e+07
0.406	2.72564e+07
0.407	2.69164e+07
0.408	2.64682e+07
0.409	2.59258e+07
0.41	2.53321e+07
0.411	2.47448e+07
0.412	2.42199e+07
0.413	2.37949e+07
0.414	2.34801e+07
0.415	2.32562e+07
0.416	2.30808e+07
0.417	2.29007e+07
0.418	2.26655e+07
0.419	2.23403e+07
0.42	2.19136e+07
0.421	2.13986e+07
0.422	2.08296e+07
0.423	2.02526e+07
0.424	1.9715e+07
0.425	1.92547e+07
0.426	1.88929e+07
0.427	1.86302e+07
0.428	1.84478e+07
0.429	1.83116e+07
0.43	1.81801e+07
0.431	1.80119e+07
0.432	1.77739e+07
0.433	1.74456e+07
0.434	1.70231e+07
0.435	1.65179e+07
0.436	1.59545e+07
0.437	1.53659e+07
0.438	1.47878e+07
0.439	1.42535e+07
0.44	1.37891e+07
0.441	1.34108e+07
0.442	1.31227e+07
0.443	1.29178e+07
0.444	1.27791e+07
0.445	1.26825e+07
0.446	1.25997e+07
0.447	1.25021e+07
0.448	1.2363e+07
0.449	1.21604e+07
0.45	1.18788e+07
0.451	1.15093e+07
0.452	1.10503e+07
0.453	1.05068e+07
0.454	9.88886e+06
0.455	9.21074e+06
0.456	8.48921e+06
0.457	7.74216e+06
0.458	6.98731e+06
0.459	6.24117e+06
0.46	5.51825e+06
0.461	4.83058e+06
0.462	4.18746e+06
0.463	3.59543e+06
0.464	3.05841e+06
0.465	2.57799e+06
0.466	2.15381e+06
0.467	1.78388e+06
0.468	1.46504e+06
0.469	1.19329e+06
0.47	964159
0.471	772922
0.472	614880
0.473	485501
0.474	380549
0.475	296158
0.476	228876
0.477	175672
0.478	133937
0.479	101450
0.48	76351.6
0.481	57102.4
0.482	42444.1
0.483	31358.7
0.484	23031.9
0.485	16818.2
0.486	12211.2
0.487	8816.7
0.488	6330.98
0.489	4521.63
0.49	3212.32
0.491	2270.3
0.492	1596.34
0.493	1116.82
0.494	777.492
0.495	538.635
0.496	371.377
0.497	254.853
0.498	174.08
0.499	118.366
0.5	80.1227
0.501	53.9957
0.502	36.2301
0.503	24.2055
0.504	16.1034
0.505	10.6687
0.506	7.0391
0.507	4.62553
0.508	3.02739
0.509	1.97361
0.51	1.28164
0.511	0.829091
0.512	0.534311
0.513	0.343054
0.514	0.219446
0.515	0.139866
0.516	0.0888252
0.517	0.0562106
0.518	0.035447
0.519	0.022276
0.52	0.0139512
0.521	0.00870799
0.522	0.00541723
0.523	0.00335897
0.524	0.00207597
0.525	0.00127891
0.526	0.000785378
0.527	0.000480788
0.528	0.000293413
0.529	0.000178515
0.53	0.000108281
0.531	6.54824e-05
0.532	3.94831e-05
0.533	2.3737e-05
0.534	1.42292e-05
0.535	8.50532e-06
0.536	5.06956e-06
0.537	3.01322e-06
0.538	1.78603e-06
0.539	1.05573e-06
0.54	6.22361e-07
0.541	3.65901e-07
0.542	2.14552e-07
0.543	1.25476e-07
0.544	7.31909e-08
0.545	4.25831e-08
0.546	2.47123e-08
0.547	1.43052e-08
0.548	8.26022e-09
0.549	4.75793e-09
0.55	2.73391e-09
0.551	1.56711e-09
0.552	8.96142e-10
0.553	5.1124e-10
0.554	2.90974e-10
0.555	1.65225e-10
0.556	9.36043e-11
0.557	5.29089e-11
0.558	2.98388e-11
0.559	1.67907e-11
0.56	9.4275e-12
0.561	5.28172e-12
0.562	2.95269e-12
0.563	1.64714e-12
0.564	9.1691e-13
0.565	5.09342e-13
0.566	2.82357e-13
0.567	1.56214e-13
0.568	8.62499e-14
0.569	4.75231e-14
0.57	2.61328e-14
0.571	1.43418e-14
0.572	7.85479e-15
0.573	4.29463e-15
0.574	2.34428e-15
0.575	1.27727e-15
0.576	6.95066e-16
0.577	3.77431e-16
0.578	2.04574e-16
0.579	1.10831e-16
0.58	5.99623e-17
0.581	3.2538e-17
0.582	1.76557e-17
0.583	9.60021e-18
0.584	5.23077e-18
0.585	2.85446e-18
0.586	1.57146e-18
0.587	9.01383e-19
0.588	5.29746e-19
0.589	3.25195e-19
0.59	2.07806e-19
0.591	1.28367e-19
0.592	9.66633e-20
0.593	7.0844e-20
0.594	6.78097e-20
0.595	6.26751e-20
0.596	4.68873e-20
0.597	6.22066e-20
0.598	4.94876e-20
0.599	4.50272e-20
0.6	6.9098e-20
0.601	5.43479e-20
0.602	7.24024e-20
0.603	5.88801e-20
0.604	7.80845e-20
0.605	5.53203e-20
0.606	4.32381e-20
0.607	6.15617e-20
0.608	3.68063e-20
0.609	4.62274e-20
0.61	4.57329e-20
0.611	4.11381e-20
0.612	4.20189e-20
0.613	3.18537e-20
0.614	3.9949e-20
0.615	4.11125e-20
0.616	3.87955e-20
0.617	3.68852e-20
0.618	2.77447e-20
0.619	2.83862e-20
0.62	2.75359e-20
0.621	2.73853e-20
0.622	3.31764e-20
0.623	2.81603e-20
0.624	3.6771e-20
0.625	3.9093e-20
0.626	3.41705e-20
0.627	4.74482e-20
0.628	4.47434e-20
0.629	4.87544e-20
0.63	4.37337e-20
0.631	3.96866e-20
0.632	3.98403e-20
0.633	4.63539e-20
0.634	4.7616e-20
0.635	5.70317e-20
0.636	4.61271e-20
0.637	3.64061e-20
0.638	3.54011e-20
0.639	3.68511e-20
0.64	4.50799e-20
0.641	4.85193e-20
0.642	4.35274e-20
0.643	3.48266e-20
0.644	3.08628e-20
0.645	2.84631e-20
0.646	2.44024e-20
0.647	2.56976e-20
0.648	3.25534e-20
0.649	4.37397e-20
0.65	3.78646e-20
0.651	2.99644e-20
0.652	3.32136e-20
0.653	4.01936e-20
0.654	4.02573e-20
0.655	3.87066e-20
0.656	4.54635e-20
0.657	4.46624e-20
0.658	3.77536e-20
0.659	4.34448e-20
0.66	3.76859e-20
0.661	3.56755e-20
0.662	4.12677e-20
0.663	3.47687e-20
0.664	3.82964e-20
0.665	3.66337e-20
0.666	4.80439e-20
0.667	4.76198e-20
0.668	3.01246e-20
0.669	3.93477e-20
0.67	2.7325e-20
0.671	2.67314e-20
0.672	3.15351e-20
0.673	3.32401e-20
0.674	3.83372e-20
0.675	3.49939e-20
0.676	2.46537e-20
0.677	2.66938e-20
0.678	2.89656e-20
0.679	2.99997e-20
0.68	3.26459e-20
0.681	4.29489e-20
0.682	4.70333e-20
0.683	4.20766e-20
0.684	4.56232e-20
0.685	3.82586e-20
0.686	3.30498e-20
0.687	2.61748e-20
0.688	2.27023e-20
0.689	2.89199e-20
0.69	3.26763e-20
0.691	3.45644e-20
0.692	3.46049e-20
0.693	3.10446e-20
0.694	3.12118e-20
0.695	2.27523e-20
0.696	2.86847e-20
0.697	2.95005e-20
0.698	2.21452e-20
0.699	3.75284e-20
0.7	3.36832e-20
0.701	3.58385e-20
0.702	4.56923e-20
0.703	3.31893e-20
0.704	4.73536e-20
0.705	4.41615e-20
0.706	4.04657e-20
0.707	6.27531e-20
0.708	3.97881e-20
0.709	5.41778e-20
0.71	4.83323e-20
0.711	5.5422e-20
0.712	6.67196e-20
0.713	4.20036e-20
0.714	5.16737e-20
0.715	3.58614e-20
0.716	2.71024e-20
0.717	2.87901e-20
0.718	2.22814e-20
0.719	2.17419e-20
0.72	1.70825e-20
0.721	1.61716e-20
0.722	2.26824e-20
0.723	2.05791e-20
0.724	3.72134e-20
0.725	3.6012e-20
0.726	2.34752e-20
0.727	2.6538e-20
0.728	2.35505e-20
0.729	1.75896e-20
0.73	2.1617e-20
0.731	2.22558e-20
0.732	3.10317e-20
0.733	2.39006e-20
0.734	2.29415e-20
0.735	1.95285e-20
0.736	2.02473e-20
0.737	2.74349e-20
0.738	2.74782e-20
0.739	3.49367e-20
0.74	2.86841e-20
0.741	2.11226e-20
0.742	2.8337e-20
0.743	2.18637e-20
0.744	1.78989e-20
0.745	1.70645e-20
0.746	2.00233e-20
0.747	1.66761e-20
0.748	1.95937e-20
0.749	1.64218e-20
0.75	1.44559e-20
0.751	1.13812e-20
0.752	1.05045e-20
0.753	1.3045e-20
0.754	1.40878e-20
0.755	1.81264e-20
0.756	2.25661e-20
0.757	2.40156e-20
0.758	2.5111e-20
0.759	3.37853e-20
0.76	2.29351e-20
0.761	2.97474e-20
0.762	2.50804e-20
0.763	2.90177e-20
0.764	3.04171e-20
0.765	3.52148e-20
0.766	3.61945e-20
0.767	3.47025e-20
0.768	3.53704e-20
0.769	2.84871e-20
0.77	2.15882e-20
0.771	1.6975e-20
0.772	2.45534e-20
0.773	2.24562e-20
0.774	2.50803e-20
0.775	3.2895e-20
0.776	2.55758e-20
0.777	2.6668e-20
0.778	2.41508e-20
0.779	1.99512e-20
0.78	2.00671e-20
0.781	1.76375e-20
0.782	1.78565e-20
0.783	1.48722e-20
0.784	2.10604e-20
0.785	2.02308e-20
0.786	2.41322e-20
0.787	1.94654e-20
0.788	2.19322e-20
0.789	1.44444e-20
0.79	1.1546e-20
0.791	1.8973e-20
0.792	2.37669e-20
0.793	2.05247e-20
0.794	2.33593e-20
0.795	1.93384e-20
0.796	1.73631e-20
0.797	1.90669e-20
0.798	2.81904e-20
0.799	2.84492e-20
0.8	3.3277e-20
0.801	3.24996e-20
0.802	3.55344e-20
0.803	3.72799e-20
0.804	3.58799e-20
0.805	3.44138e-20
0.806	2.80249e-20
0.807	3.23132e-20
0.808	2.21164e-20
0.809	2.66776e-20
0.81	2.9175e-20
0.811	2.94308e-20
0.812	3.8095e-20
0.813	4.401e-20
0.814	2.60201e-20
0.815	2.7908e-20
0.816	2.35763e-20
0.817	2.80766e-20
0.818	2.78993e-20
0.819	2.63722e-20
0.82	3.64614e-20
0.821	2.99978e-20
0.822	2.17908e-20
0.823	2.88726e-20
0.824	2.26525e-20
0.825	1.86601e-20
0.826	2.23525e-20
0.827	1.93629e-20
0.828	2.02277e-20
0.829	1.79703e-20
0.83	2.12863e-20
0.831	2.32536e-20
0.832	2.37591e-20
0.833	3.1612e-20
0.834	2.08379e-20
0.835	1.80452e-20
0.836	1.41493e-20
0.837	2.51368e-20
0.838	1.8374e-20
0.839	2.29334e-20
0.84	3.47769e-20
0.841	2.03717e-20
0.842	3.39737e-20
0.843	2.52514e-20
0.844	3.16441e-20
0.845	2.58871e-20
0.846	2.36416e-20
0.847	2.86997e-20
0.848	2.35265e-20
0.849	2.04652e-20
0.85	2.11228e-20
0.851	1.55684e-20
0.852	2.35413e-20
0.853	1.57181e-20
0.854	1.6453e-20
0.855	3.16889e-20
0.856	1.74927e-20
0.857	1.94222e-20
0.858	1.9397e-20
0.859	2.24369e-20
0.86	2.4257e-20
0.861	1.85728e-20
0.862	2.3166e-20
0.863	1.15018e-20
0.864	1.06955e-20
0.865	1.73196e-20
0.866	1.33246e-20
0.867	1.73609e-20
0.868	1.90264e-20
0.869	2.27116e-20
0.87	2.12842e-20
0.871	1.51589e-20
0.872	2.11253e-20
0.873	2.49626e-20
0.874	1.73558e-20
0.875	1.8511e-20
0.876	1.653e-20
0.877	1.69157e-20
0.878	1.74014e-20
0.879	1.5923e-20
0.88	1.92635e-20
0.881	1.39705e-20
0.882	1.44701e-20
0.883	1.08594e-20
0.884	1.3096e-20
0.885	1.27664e-20
0.886	1.54911e-20
0.887	2.08109e-20
0.888	2.02776e-20
0.889	2.05689e-20
0.89	2.39348e-20
0.891	2.58011e-20
0.892	2.09513e-20
0.893	2.19082e-20
0.894	1.34061e-20
0.895	1.30447e-20
0.896	1.64941e-20
0.897	1.72329e-20
0.898	2.03556e-20
0.899	1.5528e-20
0.9	2.43652e-20
0.901	2.29441e-20
0.902	2.04751e-20
0.903	2.54003e-20
0.904	2.33875e-20
0.905	2.23251e-20
0.906	1.29569e-20
0.907	3.4015e-20
0.908	2.34804e-20
0.909	1.63945e-20
0.91	4.43631e-20
0.911	2.4443e-20
0.912	2.75019e-20
0.913	3.42914e-20
0.914	2.24567e-20
0.915	4.47027e-20
0.916	2.92694e-20
0.917	3.48479e-20
0.918	2.29382e-20
0.919	3.45274e-20
0.92	5.19008e-20
0.921	3.31447e-20
0.922	4.54916e-20
0.923	4.50973e-20
0.924	3.23303e-20
0.925	3.55771e-20
0.926	2.90377e-20
0.927	3.10202e-20
0.928	3.42547e-20
0.929	2.94105e-20
0.93	3.82905e-20
0.931	2.70134e-20
0.932	2.8813e-20
0.933	3.14203e-20
0.934	2.23748e-20
0.935	3.46402e-20
0.936	2.35919e-20
0.937	2.02719e-20
0.938	2.15816e-20
0.939	2.23131e-20
0.94	2.92842e-20
0.941	2.18625e-20
0.942	2.09996e-20
0.943	2.45856e-20
0.944	2.00602e-20
0.945	1.54501e-20
0.946	2.65265e-20
0.947	1.52397e-20
0.948	9.67239e-21
0.949	1.76488e-20
0.95	1.71723e-20
0.951	1.39121e-20
0.952	2.1787e-20
0.953	2.49976e-20
0.954	1.94144e-20
0.955	2.38199e-20
0.956	3.21158e-20
0.957	2.15627e-20
0.958	2.74534e-20
0.959	2.76164e-20
0.96	2.31564e-20
0.961	2.51808e-20
0.962	2.49813e-20
0.963	3.66566e-20
0.964	3.12334e-20
0.965	3.09888e-20
0.966	4.20933e-20
0.967	2.28434e-20
0.968	3.61049e-20
0.969	4.20286e-20
0.97	4.15187e-20
0.971	6.31363e-20
0.972	4.23502e-20
0.973	4.39929e-20
0.974	4.55972e-20
0.975	3.59104e-20
0.976	5.79755e-20
0.977	3.00054e-20
0.978	4.30182e-20
0.979	5.26571e-20
0.98	3.02249e-20
0.981	5.49345e-20
0.982	4.03215e-20
0.983	2.6053e-20
0.984	4.22146e-20
0.985	2.76644e-20
0.986	2.73109e-20
0.987	3.08082e-20
0.988	2.0478e-20
0.989	1.99268e-20
0.99	1.87088e-20
0.991	1.9872e-20
0.992	1.77462e-20
0.993	1.55798e-20
0.994	1.7831e-20
0.995	1.62001e-20
0.996	1.56863e-20
0.997	1.66912e-20
0.998	1.01701e-20
0.999	9.87464e-21
1	0
