0	0
0.001	1.43165e+10
0.002	4.13619e+10
0.003	5.9151e+10
0.004	6.50798e+10
0.005	6.54638e+10
0.006	6.43038e+10
0.007	6.29547e+10
0.008	6.15514e+10
0.009	6.02074e+10
0.01	5.88912e+10
0.011	5.75856e+10
0.012	5.63441e+10
0.013	5.50986e+10
0.014	5.39023e+10
0.015	5.27328e+10
0.016	5.15743e+10
0.017	5.04677e+10
0.018	4.93644e+10
0.019	4.82971e+10
0.02	4.72595e+10
0.021	4.62291e+10
0.022	4.52423e+10
0.023	4.42648e+10
0.024	4.33111e+10
0.025	4.23899e+10
0.026	4.14734e+10
0.027	4.05916e+10
0.028	3.97257e+10
0.029	3.8873e+10
0.03	3.80531e+10
0.031	3.72392e+10
0.032	3.64492e+10
0.033	3.56816e+10
0.034	3.49202e+10
0.035	3.41874e+10
0.036	3.34662e+10
0.037	3.27574e+10
0.038	3.20747e+10
0.039	3.13973e+10
0.04	3.07393e+10
0.041	3.01001e+10
0.042	2.94659e+10
0.043	2.88546e+10
0.044	2.82544e+10
0.045	2.76628e+10
0.046	2.70933e+10
0.047	2.65294e+10
0.048	2.59787e+10
0.049	2.54463e+10
0.05	2.49173e+10
0.051	2.4405e+10
0.052	2.39058e+10
0.053	2.34107e+10
0.054	2.29336e+10
0.055	2.24648e+10
0.056	2.20023e+10
0.057	2.15571e+10
0.058	2.11168e+10
0.059	2.06852e+10
0.06	2.0269e+10
0.061	1.98556e+10
0.062	1.9453e+10
0.063	1.90631e+10
0.064	1.86754e+10
0.065	1.82998e+10
0.066	1.79342e+10
0.067	1.75707e+10
0.068	1.72201e+10
0.069	1.68769e+10
0.07	1.65365e+10
0.071	1.62088e+10
0.072	1.58866e+10
0.073	1.55678e+10
0.074	1.52613e+10
0.075	1.49588e+10
0.076	1.46604e+10
0.077	1.43734e+10
0.078	1.40894e+10
0.079	1.38099e+10
0.08	1.35411e+10
0.081	1.32745e+10
0.082	1.30126e+10
0.083	1.27606e+10
0.084	1.25104e+10
0.085	1.22649e+10
0.086	1.20287e+10
0.087	1.17939e+10
0.088	1.15635e+10
0.089	1.1342e+10
0.09	1.11216e+10
0.091	1.09054e+10
0.092	1.06976e+10
0.093	1.04909e+10
0.094	1.02877e+10
0.095	1.00927e+10
0.096	9.89881e+09
0.097	9.70785e+09
0.098	9.52469e+09
0.099	9.34294e+09
0.1	9.16333e+09
0.101	8.99121e+09
0.102	8.82089e+09
0.103	8.6519e+09
0.104	8.48999e+09
0.105	8.33043e+09
0.106	8.17144e+09
0.107	8.01893e+09
0.108	7.8695e+09
0.109	7.72e+09
0.11	7.57611e+09
0.111	7.43615e+09
0.112	7.29571e+09
0.113	7.15976e+09
0.114	7.02855e+09
0.115	6.89686e+09
0.116	6.76827e+09
0.117	6.64502e+09
0.118	6.52177e+09
0.119	6.40013e+09
0.12	6.28399e+09
0.121	6.16884e+09
0.122	6.05394e+09
0.123	5.9441e+09
0.124	5.83656e+09
0.125	5.72838e+09
0.126	5.62412e+09
0.127	5.52349e+09
0.128	5.42209e+09
0.129	5.32296e+09
0.13	5.22834e+09
0.131	5.13374e+09
0.132	5.03964e+09
0.133	4.95005e+09
0.134	4.86196e+09
0.135	4.77315e+09
0.136	4.68776e+09
0.137	4.60549e+09
0.138	4.52235e+09
0.139	4.44079e+09
0.14	4.36328e+09
0.141	4.28599e+09
0.142	4.20847e+09
0.143	4.13462e+09
0.144	4.0628e+09
0.145	3.98993e+09
0.146	3.91908e+09
0.147	3.85169e+09
0.148	3.78401e+09
0.149	3.71631e+09
0.15	3.65207e+09
0.151	3.5894e+09
0.152	3.52565e+09
0.153	3.46376e+09
0.154	3.40502e+09
0.155	3.34596e+09
0.156	3.28666e+09
0.157	3.23044e+09
0.158	3.17588e+09
0.159	3.1202e+09
0.16	3.06577e+09
0.161	3.01442e+09
0.162	2.96313e+09
0.163	2.9111e+09
0.164	2.86148e+09
0.165	2.81403e+09
0.166	2.76566e+09
0.167	2.71752e+09
0.168	2.67225e+09
0.169	2.62794e+09
0.17	2.58248e+09
0.171	2.53827e+09
0.172	2.49671e+09
0.173	2.45509e+09
0.174	2.41262e+09
0.175	2.37212e+09
0.176	2.3337e+09
0.177	2.29455e+09
0.178	2.25508e+09
0.179	2.21795e+09
0.18	2.18223e+09
0.181	2.14545e+09
0.182	2.10889e+09
0.183	2.07476e+09
0.184	2.04144e+09
0.185	2.00697e+09
0.186	1.97315e+09
0.187	1.94166e+09
0.188	1.91055e+09
0.189	1.87832e+09
0.19	1.847e+09
0.191	1.81787e+09
0.192	1.78885e+09
0.193	1.75875e+09
0.194	1.72968e+09
0.195	1.70269e+09
0.196	1.67565e+09
0.197	1.64757e+09
0.198	1.62052e+09
0.199	1.59545e+09
0.2	1.57032e+09
0.201	1.54414e+09
0.202	1.51888e+09
0.203	1.49555e+09
0.204	1.47226e+09
0.205	1.4479e+09
0.206	1.42422e+09
0.207	1.40244e+09
0.208	1.38092e+09
0.209	1.3583e+09
0.21	1.33604e+09
0.211	1.31561e+09
0.212	1.29576e+09
0.213	1.27485e+09
0.214	1.25389e+09
0.215	1.23461e+09
0.216	1.21628e+09
0.217	1.19708e+09
0.218	1.17737e+09
0.219	1.15902e+09
0.22	1.14202e+09
0.221	1.12451e+09
0.222	1.10612e+09
0.223	1.08855e+09
0.224	1.07256e+09
0.225	1.05667e+09
0.226	1.03973e+09
0.227	1.0229e+09
0.228	1.00761e+09
0.229	9.93108e+08
0.23	9.77771e+08
0.231	9.61841e+08
0.232	9.46974e+08
0.233	9.33453e+08
0.234	9.19737e+08
0.235	9.05026e+08
0.236	8.90544e+08
0.237	8.77505e+08
0.238	8.65143e+08
0.239	8.51976e+08
0.24	8.3818e+08
0.241	8.2527e+08
0.242	8.13677e+08
0.243	8.02086e+08
0.244	7.89515e+08
0.245	7.76829e+08
0.246	7.65359e+08
0.247	7.54854e+08
0.248	7.43884e+08
0.249	7.32027e+08
0.25	7.20475e+08
0.251	7.10217e+08
0.252	7.00569e+08
0.253	6.9021e+08
0.254	6.79133e+08
0.255	6.68619e+08
0.256	6.59355e+08
0.257	6.50451e+08
0.258	6.40741e+08
0.259	6.30442e+08
0.26	6.20814e+08
0.261	6.1237e+08
0.262	6.04171e+08
0.263	5.95153e+08
0.264	5.85587e+08
0.265	5.7668e+08
0.266	5.68914e+08
0.267	5.61409e+08
0.268	5.53124e+08
0.269	5.44244e+08
0.27	5.35903e+08
0.271	5.28678e+08
0.272	5.21846e+08
0.273	5.14343e+08
0.274	5.06132e+08
0.275	4.9823e+08
0.276	4.91391e+08
0.277	4.85168e+08
0.278	4.78488e+08
0.279	4.70995e+08
0.28	4.63468e+08
0.281	4.56845e+08
0.282	4.5108e+08
0.283	4.45221e+08
0.284	4.38558e+08
0.285	4.31461e+08
0.286	4.24915e+08
0.287	4.19362e+08
0.288	4.14194e+08
0.289	4.08477e+08
0.29	4.02015e+08
0.291	3.95559e+08
0.292	3.89938e+08
0.293	3.85136e+08
0.294	3.80326e+08
0.295	3.74792e+08
0.296	3.68702e+08
0.297	3.62905e+08
0.298	3.5801e+08
0.299	3.53741e+08
0.3	3.4925e+08
0.301	3.4401e+08
0.302	3.38348e+08
0.303	3.33093e+08
0.304	3.28722e+08
0.305	3.24882e+08
0.306	3.20766e+08
0.307	3.15917e+08
0.308	3.10668e+08
0.309	3.05797e+08
0.31	3.0177e+08
0.311	2.98298e+08
0.312	2.94633e+08
0.313	2.90273e+08
0.314	2.85424e+08
0.315	2.80793e+08
0.316	2.76929e+08
0.317	2.73733e+08
0.318	2.70559e+08
0.319	2.668e+08
0.32	2.62418e+08
0.321	2.57962e+08
0.322	2.5408e+08
0.323	2.50966e+08
0.324	2.48207e+08
0.325	2.45139e+08
0.326	2.41405e+08
0.327	2.37237e+08
0.328	2.3325e+08
0.329	2.29943e+08
0.33	2.27304e+08
0.331	2.24834e+08
0.332	2.21943e+08
0.333	2.18406e+08
0.334	2.14525e+08
0.335	2.10885e+08
0.336	2.07913e+08
0.337	2.0557e+08
0.338	2.03389e+08
0.339	2.00823e+08
0.34	1.97632e+08
0.341	1.94046e+08
0.342	1.90588e+08
0.343	1.87711e+08
0.344	1.85492e+08
0.345	1.8359e+08
0.346	1.81484e+08
0.347	1.78815e+08
0.348	1.75615e+08
0.349	1.72273e+08
0.35	1.69279e+08
0.351	1.66922e+08
0.352	1.65113e+08
0.353	1.63453e+08
0.354	1.61479e+08
0.355	1.58938e+08
0.356	1.55925e+08
0.357	1.52819e+08
0.358	1.50063e+08
0.359	1.47909e+08
0.36	1.46294e+08
0.361	1.44876e+08
0.362	1.43229e+08
0.363	1.41068e+08
0.364	1.3839e+08
0.365	1.35469e+08
0.366	1.32706e+08
0.367	1.3043e+08
0.368	1.28736e+08
0.369	1.27454e+08
0.37	1.26231e+08
0.371	1.24704e+08
0.372	1.22664e+08
0.373	1.20146e+08
0.374	1.174e+08
0.375	1.14781e+08
0.376	1.12591e+08
0.377	1.10954e+08
0.378	1.09775e+08
0.379	1.08782e+08
0.38	1.07644e+08
0.381	1.06097e+08
0.382	1.04046e+08
0.383	1.0159e+08
0.384	9.8978e+07
0.385	9.6517e+07
0.386	9.44591e+07
0.387	9.29185e+07
0.388	9.18386e+07
0.389	9.10174e+07
0.39	9.01789e+07
0.391	8.90621e+07
0.392	8.75007e+07
0.393	8.54681e+07
0.394	8.30784e+07
0.395	8.05479e+07
0.396	7.81293e+07
0.397	7.60423e+07
0.398	7.44163e+07
0.399	7.32625e+07
0.4	7.24764e+07
0.401	7.18693e+07
0.402	7.12167e+07
0.403	7.03117e+07
0.404	6.90093e+07
0.405	6.7254e+07
0.406	6.50858e+07
0.407	6.26264e+07
0.408	6.00507e+07
0.409	5.75501e+07
0.41	5.52974e+07
0.411	5.34174e+07
0.412	5.19696e+07
0.413	5.09427e+07
0.414	5.02619e+07
0.415	4.98037e+07
0.416	4.94175e+07
0.417	4.89471e+07
0.418	4.8251e+07
0.419	4.72179e+07
0.42	4.57764e+07
0.421	4.38982e+07
0.422	4.15964e+07
0.423	3.89196e+07
0.424	3.59427e+07
0.425	3.27572e+07
0.426	2.94611e+07
0.427	2.61507e+07
0.428	2.29134e+07
0.429	1.98231e+07
0.43	1.69375e+07
0.431	1.4297e+07
0.432	1.1926e+07
0.433	9.83396e+06
0.434	8.01823e+06
0.435	6.46657e+06
0.436	5.15989e+06
0.437	4.07473e+06
0.438	3.18543e+06
0.439	2.46581e+06
0.44	1.89052e+06
0.441	1.43594e+06
0.442	1.08075e+06
0.443	806204
0.444	596187
0.445	437145
0.446	317876
0.447	229276
0.448	164061
0.449	116485
0.45	82077.3
0.451	57402.6
0.452	39852.9
0.453	27470.8
0.454	18802.8
0.455	12781.3
0.456	8629.43
0.457	5787.58
0.458	3856.3
0.459	2553.02
0.46	1679.56
0.461	1098.09
0.462	713.558
0.463	460.905
0.464	295.956
0.465	188.937
0.466	119.928
0.467	75.6963
0.468	47.5136
0.469	29.661
0.47	18.4167
0.471	11.3745
0.472	6.98843
0.473	4.27155
0.474	2.59765
0.475	1.5718
0.476	0.946373
0.477	0.567032
0.478	0.338111
0.479	0.200654
0.48	0.118521
0.481	0.0696839
0.482	0.0407833
0.483	0.0237614
0.484	0.0137823
0.485	0.00795906
0.486	0.00457626
0.487	0.00261995
0.488	0.00149359
0.489	0.000847903
0.49	0.000479359
0.491	0.000269895
0.492	0.000151346
0.493	8.45292e-05
0.494	4.70244e-05
0.495	2.6058e-05
0.496	1.43839e-05
0.497	7.90952e-06
0.498	4.33292e-06
0.499	2.36475e-06
0.5	1.28582e-06
0.501	6.96606e-07
0.502	3.76027e-07
0.503	2.02253e-07
0.504	1.084e-07
0.505	5.78948e-08
0.506	3.08136e-08
0.507	1.63437e-08
0.508	8.6394e-09
0.509	4.55149e-09
0.51	2.38988e-09
0.511	1.25074e-09
0.512	6.52437e-10
0.513	3.39239e-10
0.514	1.75827e-10
0.515	9.08423e-11
0.516	4.67878e-11
0.517	2.40232e-11
0.518	1.22968e-11
0.519	6.2753e-12
0.52	3.19273e-12
0.521	1.61953e-12
0.522	8.19072e-13
0.523	4.13018e-13
0.524	2.07658e-13
0.525	1.04105e-13
0.526	5.20416e-14
0.527	2.59413e-14
0.528	1.28914e-14
0.529	6.38807e-15
0.53	3.15769e-15
0.531	1.55727e-15
0.532	7.67126e-16
0.533	3.77797e-16
0.534	1.86256e-16
0.535	9.18458e-17
0.536	4.55234e-17
0.537	2.25828e-17
0.538	1.11216e-17
0.539	5.64241e-18
0.54	2.74655e-18
0.541	1.50277e-18
0.542	9.54363e-19
0.543	4.11662e-19
0.544	4.38105e-19
0.545	3.55595e-19
0.546	2.52606e-19
0.547	2.44504e-19
0.548	2.06813e-19
0.549	2.87919e-19
0.55	2.05243e-19
0.551	2.51277e-19
0.552	2.27058e-19
0.553	1.93291e-19
0.554	1.57549e-19
0.555	1.10325e-19
0.556	9.79284e-20
0.557	6.75776e-20
0.558	1.31972e-19
0.559	1.12983e-19
0.56	1.18998e-19
0.561	1.22815e-19
0.562	1.42272e-19
0.563	1.67863e-19
0.564	2.25716e-19
0.565	2.07965e-19
0.566	2.87795e-19
0.567	2.46103e-19
0.568	4.6184e-19
0.569	2.7721e-19
0.57	4.8639e-19
0.571	3.87526e-19
0.572	4.14505e-19
0.573	6.85915e-19
0.574	2.66197e-19
0.575	5.16271e-19
0.576	3.06545e-19
0.577	5.39088e-19
0.578	4.05143e-19
0.579	4.02252e-19
0.58	5.52264e-19
0.581	3.4864e-19
0.582	5.03995e-19
0.583	2.86184e-19
0.584	3.60518e-19
0.585	3.91263e-19
0.586	1.17203e-19
0.587	3.82748e-19
0.588	1.97707e-19
0.589	1.58184e-19
0.59	3.22937e-19
0.591	9.74261e-20
0.592	2.43627e-19
0.593	2.11946e-19
0.594	9.96986e-20
0.595	2.18901e-19
0.596	7.79631e-20
0.597	3.57789e-19
0.598	1.5556e-19
0.599	2.97511e-19
0.6	4.0552e-19
0.601	1.21686e-19
0.602	5.44774e-19
0.603	2.34969e-19
0.604	3.46551e-19
0.605	4.46972e-19
0.606	1.22878e-19
0.607	3.80035e-19
0.608	1.48186e-19
0.609	3.07151e-19
0.61	2.07651e-19
0.611	3.00391e-19
0.612	4.52283e-19
0.613	2.48092e-19
0.614	6.13727e-19
0.615	3.42088e-19
0.616	2.34862e-19
0.617	2.71224e-19
0.618	1.20248e-19
0.619	2.14745e-19
0.62	1.2065e-19
0.621	1.28966e-19
0.622	1.9526e-19
0.623	9.37832e-20
0.624	8.83877e-20
0.625	1.13455e-19
0.626	5.25635e-20
0.627	8.23988e-20
0.628	9.24038e-20
0.629	1.37095e-19
0.63	1.15105e-19
0.631	1.8135e-19
0.632	1.87977e-19
0.633	2.07354e-19
0.634	1.74732e-19
0.635	1.95778e-19
0.636	2.23847e-19
0.637	1.92715e-19
0.638	2.34629e-19
0.639	1.85219e-19
0.64	1.68659e-19
0.641	1.7934e-19
0.642	1.52511e-19
0.643	1.30806e-19
0.644	1.81182e-19
0.645	1.74256e-19
0.646	1.42017e-19
0.647	2.83453e-19
0.648	1.79882e-19
0.649	1.6688e-19
0.65	1.3727e-19
0.651	1.9547e-19
0.652	1.99055e-19
0.653	7.14765e-20
0.654	2.87417e-19
0.655	2.06151e-19
0.656	1.95817e-19
0.657	3.38991e-19
0.658	1.46173e-19
0.659	3.02787e-19
0.66	3.08163e-19
0.661	2.7035e-19
0.662	2.72918e-19
0.663	2.16988e-19
0.664	3.2226e-19
0.665	2.1505e-19
0.666	2.66481e-19
0.667	2.68551e-19
0.668	8.54897e-20
0.669	4.07207e-19
0.67	2.11603e-19
0.671	1.24822e-19
0.672	3.91057e-19
0.673	1.50105e-19
0.674	1.5028e-19
0.675	1.86094e-19
0.676	6.82815e-20
0.677	2.22671e-19
0.678	1.36541e-19
0.679	1.14217e-19
0.68	1.64036e-19
0.681	9.49337e-20
0.682	2.03036e-19
0.683	2.17844e-19
0.684	1.06557e-19
0.685	3.54112e-19
0.686	2.215e-19
0.687	1.45649e-19
0.688	2.33789e-19
0.689	1.07649e-19
0.69	1.73376e-19
0.691	2.08567e-19
0.692	9.78186e-20
0.693	2.1797e-19
0.694	1.68345e-19
0.695	1.33921e-19
0.696	2.93242e-19
0.697	1.60695e-19
0.698	1.35773e-19
0.699	3.61912e-19
0.7	1.41053e-19
0.701	3.12887e-19
0.702	3.08065e-19
0.703	1.20562e-19
0.704	5.70471e-19
0.705	3.39773e-19
0.706	1.6117e-19
0.707	6.61426e-19
0.708	2.75064e-19
0.709	5.25071e-19
0.71	6.79227e-19
0.711	1.23956e-19
0.712	7.6533e-19
0.713	3.55374e-19
0.714	2.27397e-19
0.715	4.23107e-19
0.716	1.59191e-19
0.717	2.66994e-19
0.718	2.54184e-19
0.719	1.72391e-19
0.72	3.42326e-19
0.721	1.80618e-19
0.722	2.75719e-19
0.723	1.23953e-19
0.724	2.06627e-19
0.725	1.65139e-19
0.726	8.00413e-20
0.727	1.68568e-19
0.728	1.53757e-19
0.729	7.57762e-20
0.73	1.66087e-19
0.731	6.69291e-20
0.732	2.30538e-19
0.733	1.55142e-19
0.734	1.19335e-19
0.735	1.89075e-19
0.736	1.04263e-19
0.737	1.90538e-19
0.738	1.91363e-19
0.739	1.18451e-19
0.74	1.82937e-19
0.741	8.64665e-20
0.742	1.38173e-19
0.743	7.10561e-20
0.744	6.79909e-20
0.745	5.96969e-20
0.746	5.25895e-20
0.747	4.67382e-20
0.748	4.04464e-20
0.749	4.43727e-20
0.75	4.49764e-20
0.751	4.28886e-20
0.752	5.81332e-20
0.753	4.72667e-20
0.754	6.05417e-20
0.755	4.26605e-20
0.756	5.13793e-20
0.757	4.27641e-20
0.758	8.02493e-20
0.759	8.11009e-20
0.76	1.21051e-19
0.761	1.72454e-19
0.762	8.93316e-20
0.763	2.74074e-19
0.764	1.51788e-19
0.765	1.68773e-19
0.766	2.45821e-19
0.767	1.16663e-19
0.768	1.4936e-19
0.769	1.59602e-19
0.77	1.0895e-19
0.771	9.11673e-20
0.772	1.45631e-19
0.773	1.04204e-19
0.774	1.23409e-19
0.775	3.55256e-19
0.776	1.1968e-19
0.777	1.48946e-19
0.778	2.1191e-19
0.779	4.54134e-20
0.78	1.19945e-19
0.781	7.15195e-20
0.782	8.00161e-20
0.783	1.12389e-19
0.784	6.33764e-20
0.785	8.48572e-20
0.786	5.08238e-20
0.787	5.15067e-20
0.788	5.67431e-20
0.789	4.44026e-20
0.79	3.65482e-20
0.791	4.29766e-20
0.792	1.18475e-19
0.793	8.93716e-20
0.794	6.53524e-20
0.795	1.65952e-19
0.796	1.24491e-19
0.797	8.29768e-20
0.798	1.50696e-19
0.799	1.92253e-19
0.8	1.13162e-19
0.801	1.56887e-19
0.802	2.28591e-19
0.803	1.10374e-19
0.804	4.03101e-19
0.805	2.15877e-19
0.806	1.07656e-19
0.807	2.29031e-19
0.808	7.63596e-20
0.809	1.48978e-19
0.81	1.35605e-19
0.811	1.94975e-19
0.812	1.95465e-19
0.813	1.08978e-19
0.814	1.02937e-19
0.815	1.25102e-19
0.816	6.33521e-20
0.817	8.20954e-20
0.818	1.33668e-19
0.819	6.03422e-20
0.82	1.08248e-19
0.821	2.25512e-19
0.822	6.16889e-20
0.823	1.2621e-19
0.824	1.22279e-19
0.825	1.46436e-19
0.826	2.3867e-19
0.827	1.41535e-19
0.828	3.23996e-19
0.829	2.68826e-19
0.83	7.86127e-20
0.831	2.53545e-19
0.832	1.63488e-19
0.833	1.91509e-19
0.834	1.87924e-19
0.835	3.95365e-20
0.836	1.70331e-19
0.837	1.37876e-19
0.838	4.46769e-20
0.839	2.19868e-19
0.84	8.72335e-20
0.841	9.05246e-20
0.842	3.02493e-19
0.843	7.22422e-20
0.844	6.52105e-20
0.845	1.1785e-19
0.846	6.85025e-20
0.847	7.00342e-20
0.848	7.94167e-20
0.849	7.35847e-20
0.85	2.33516e-19
0.851	6.32915e-20
0.852	1.09011e-19
0.853	1.59115e-19
0.854	3.80893e-20
0.855	6.79429e-20
0.856	1.04252e-19
0.857	2.13927e-19
0.858	1.41497e-19
0.859	8.77577e-20
0.86	1.83556e-19
0.861	7.26704e-20
0.862	2.36561e-19
0.863	1.55314e-19
0.864	6.14355e-20
0.865	2.63218e-19
0.866	2.10984e-19
0.867	4.00777e-20
0.868	2.35381e-19
0.869	1.03811e-19
0.87	1.8153e-19
0.871	2.72704e-19
0.872	3.79425e-20
0.873	1.88165e-19
0.874	1.36193e-19
0.875	9.82187e-20
0.876	1.89254e-19
0.877	7.33999e-20
0.878	7.46706e-20
0.879	1.02047e-19
0.88	4.18732e-20
0.881	9.92712e-20
0.882	5.28973e-20
0.883	9.85813e-20
0.884	9.36097e-20
0.885	5.58984e-20
0.886	1.21385e-19
0.887	6.55899e-20
0.888	1.00022e-19
0.889	1.9583e-19
0.89	6.56804e-20
0.891	1.73749e-19
0.892	1.5184e-19
0.893	1.68035e-19
0.894	1.42282e-19
0.895	1.33981e-19
0.896	1.50101e-19
0.897	7.38832e-20
0.898	7.96168e-20
0.899	1.81794e-19
0.9	5.8823e-20
0.901	4.36761e-20
0.902	2.08827e-19
0.903	3.66667e-20
0.904	7.64643e-20
0.905	2.32132e-19
0.906	9.77884e-20
0.907	2.65528e-19
0.908	2.23567e-19
0.909	2.10179e-19
0.91	2.67828e-19
0.911	1.29585e-19
0.912	4.19213e-19
0.913	2.02161e-19
0.914	5.79252e-20
0.915	4.30104e-19
0.916	7.01842e-20
0.917	1.03689e-19
0.918	5.06584e-19
0.919	2.63461e-19
0.92	1.5943e-19
0.921	1.70215e-19
0.922	2.7781e-19
0.923	1.56819e-19
0.924	7.5886e-20
0.925	4.50361e-19
0.926	9.71609e-20
0.927	8.1461e-20
0.928	4.80619e-19
0.929	8.81575e-20
0.93	1.01962e-19
0.931	3.16606e-19
0.932	2.29329e-19
0.933	8.9354e-20
0.934	1.85898e-19
0.935	3.01568e-19
0.936	9.15871e-20
0.937	9.74946e-20
0.938	3.54652e-19
0.939	1.04258e-19
0.94	5.02387e-20
0.941	2.69257e-19
0.942	7.58906e-20
0.943	1.04432e-19
0.944	1.75349e-19
0.945	7.60377e-20
0.946	1.21638e-19
0.947	1.99335e-19
0.948	1.6952e-19
0.949	1.12964e-19
0.95	2.23183e-19
0.951	2.17171e-19
0.952	6.85347e-20
0.953	1.4016e-19
0.954	3.26703e-19
0.955	3.70974e-20
0.956	1.01771e-19
0.957	4.54549e-19
0.958	6.70365e-20
0.959	4.89697e-20
0.96	4.32092e-19
0.961	4.65988e-20
0.962	1.18066e-19
0.963	5.09465e-19
0.964	6.36712e-20
0.965	1.78997e-19
0.966	7.09821e-19
0.967	1.02932e-19
0.968	2.74608e-19
0.969	5.68135e-19
0.97	1.38292e-19
0.971	5.42871e-19
0.972	4.34968e-19
0.973	6.01234e-19
0.974	5.66781e-19
0.975	1.26105e-19
0.976	1.27672e-18
0.977	5.874e-19
0.978	2.28001e-19
0.979	9.90546e-19
0.98	2.96556e-19
0.981	3.41883e-19
0.982	7.41446e-19
0.983	1.48144e-19
0.984	5.44482e-19
0.985	3.92703e-19
0.986	2.07508e-19
0.987	5.92725e-19
0.988	2.62874e-19
0.989	4.00069e-19
0.99	5.33092e-19
0.991	5.30443e-20
0.992	6.41369e-19
0.993	2.96173e-19
0.994	8.6154e-20
0.995	4.11356e-19
0.996	1.38928e-19
0.997	7.319e-20
0.998	2.25231e-19
0.999	1.1825e-19
1	0
