0	0
0.001	1.28079e+12
0.002	3.66557e+12
0.003	5.20971e+12
0.004	5.71014e+12
0.005	5.72038e+12
0.006	5.60136e+12
0.007	5.46057e+12
0.008	5.32017e+12
0.009	5.18426e+12
0.01	5.05043e+12
0.011	4.92204e+12
0.012	4.79534e+12
0.013	4.67351e+12
0.014	4.55404e+12
0.015	4.43806e+12
0.016	4.32553e+12
0.017	4.2152e+12
0.018	4.10891e+12
0.019	4.00435e+12
0.02	3.9035e+12
0.021	3.8048e+12
0.022	3.7088e+12
0.023	3.61573e+12
0.024	3.52445e+12
0.025	3.4364e+12
0.026	3.34995e+12
0.027	3.26627e+12
0.028	3.18468e+12
0.029	3.105e+12
0.03	3.02794e+12
0.031	2.95227e+12
0.032	2.87917e+12
0.033	2.80764e+12
0.034	2.73802e+12
0.035	2.6705e+12
0.036	2.60425e+12
0.037	2.54028e+12
0.038	2.47756e+12
0.039	2.41664e+12
0.04	2.35744e+12
0.041	2.2994e+12
0.042	2.24334e+12
0.043	2.18834e+12
0.044	2.13495e+12
0.045	2.08302e+12
0.046	2.03212e+12
0.047	1.98295e+12
0.048	1.93468e+12
0.049	1.88782e+12
0.05	1.84226e+12
0.051	1.79756e+12
0.052	1.75439e+12
0.053	1.71203e+12
0.054	1.67084e+12
0.055	1.63085e+12
0.056	1.59156e+12
0.057	1.55361e+12
0.058	1.51642e+12
0.059	1.48015e+12
0.06	1.44503e+12
0.061	1.41048e+12
0.062	1.37706e+12
0.063	1.34442e+12
0.064	1.31244e+12
0.065	1.28156e+12
0.066	1.25119e+12
0.067	1.22169e+12
0.068	1.19303e+12
0.069	1.16483e+12
0.07	1.1376e+12
0.071	1.11093e+12
0.072	1.08484e+12
0.073	1.05964e+12
0.074	1.03481e+12
0.075	1.01072e+12
0.076	9.87307e+11
0.077	9.64249e+11
0.078	9.4199e+11
0.079	9.20187e+11
0.08	8.98825e+11
0.081	8.78211e+11
0.082	8.57903e+11
0.083	8.38144e+11
0.084	8.19e+11
0.085	8.00106e+11
0.086	7.81832e+11
0.087	7.64014e+11
0.088	7.46463e+11
0.089	7.29545e+11
0.09	7.12943e+11
0.091	6.96664e+11
0.092	6.80974e+11
0.093	6.655e+11
0.094	6.50413e+11
0.095	6.35837e+11
0.096	6.21422e+11
0.097	6.07441e+11
0.098	5.93879e+11
0.099	5.80459e+11
0.1	5.67498e+11
0.101	5.54866e+11
0.102	5.42381e+11
0.103	5.30356e+11
0.104	5.18584e+11
0.105	5.06972e+11
0.106	4.95806e+11
0.107	4.84833e+11
0.108	4.74033e+11
0.109	4.63656e+11
0.11	4.53428e+11
0.111	4.43382e+11
0.112	4.33732e+11
0.113	4.24198e+11
0.114	4.1485e+11
0.115	4.05871e+11
0.116	3.96984e+11
0.117	3.88281e+11
0.118	3.79922e+11
0.119	3.7164e+11
0.12	3.63531e+11
0.121	3.55748e+11
0.122	3.4803e+11
0.123	3.4047e+11
0.124	3.33219e+11
0.125	3.2603e+11
0.126	3.18974e+11
0.127	3.12217e+11
0.128	3.05522e+11
0.129	2.98933e+11
0.13	2.92631e+11
0.131	2.86399e+11
0.132	2.80243e+11
0.133	2.7436e+11
0.134	2.68563e+11
0.135	2.62809e+11
0.136	2.57309e+11
0.137	2.51919e+11
0.138	2.46543e+11
0.139	2.41393e+11
0.14	2.36382e+11
0.141	2.31364e+11
0.142	2.26532e+11
0.143	2.21871e+11
0.144	2.17195e+11
0.145	2.12654e+11
0.146	2.0831e+11
0.147	2.03965e+11
0.148	1.99694e+11
0.149	1.95632e+11
0.15	1.91603e+11
0.151	1.87592e+11
0.152	1.83777e+11
0.153	1.80045e+11
0.154	1.76292e+11
0.155	1.7269e+11
0.156	1.69228e+11
0.157	1.65736e+11
0.158	1.62329e+11
0.159	1.59095e+11
0.16	1.55866e+11
0.161	1.5265e+11
0.162	1.49604e+11
0.163	1.46625e+11
0.164	1.43612e+11
0.165	1.40718e+11
0.166	1.37956e+11
0.167	1.35165e+11
0.168	1.32413e+11
0.169	1.29819e+11
0.17	1.27254e+11
0.171	1.24661e+11
0.172	1.22189e+11
0.173	1.19824e+11
0.174	1.1742e+11
0.175	1.15055e+11
0.176	1.12834e+11
0.177	1.10634e+11
0.178	1.08399e+11
0.179	1.06271e+11
0.18	1.04246e+11
0.181	1.02184e+11
0.182	1.00138e+11
0.183	9.82243e+10
0.184	9.63481e+10
0.185	9.4425e+10
0.186	9.25726e+10
0.187	9.08354e+10
0.188	8.90823e+10
0.189	8.73057e+10
0.19	8.56346e+10
0.191	8.404e+10
0.192	8.24008e+10
0.193	8.07735e+10
0.194	7.92621e+10
0.195	7.77861e+10
0.196	7.62589e+10
0.197	7.47755e+10
0.198	7.34012e+10
0.199	7.20297e+10
0.2	7.06132e+10
0.201	6.9262e+10
0.202	6.8006e+10
0.203	6.67312e+10
0.204	6.54213e+10
0.205	6.41884e+10
0.206	6.30365e+10
0.207	6.18537e+10
0.208	6.06437e+10
0.209	5.95151e+10
0.21	5.8457e+10
0.211	5.73626e+10
0.212	5.62446e+10
0.213	5.52068e+10
0.214	5.42348e+10
0.215	5.32258e+10
0.216	5.21914e+10
0.217	5.12322e+10
0.218	5.03395e+10
0.219	4.94134e+10
0.22	4.84556e+10
0.221	4.75635e+10
0.222	4.67427e+10
0.223	4.58975e+10
0.224	4.50115e+10
0.225	4.41759e+10
0.226	4.34181e+10
0.227	4.26517e+10
0.228	4.1836e+10
0.229	4.10485e+10
0.23	4.03421e+10
0.231	3.96502e+10
0.232	3.8907e+10
0.233	3.81635e+10
0.234	3.74949e+10
0.235	3.68685e+10
0.236	3.62017e+10
0.237	3.55052e+10
0.238	3.4862e+10
0.239	3.42848e+10
0.24	3.36952e+10
0.241	3.30567e+10
0.242	3.24341e+10
0.243	3.1884e+10
0.244	3.13618e+10
0.245	3.07957e+10
0.246	3.02034e+10
0.247	2.96612e+10
0.248	2.91811e+10
0.249	2.86925e+10
0.25	2.81547e+10
0.251	2.76192e+10
0.252	2.71479e+10
0.253	2.67176e+10
0.254	2.62568e+10
0.255	2.57543e+10
0.256	2.52748e+10
0.257	2.48605e+10
0.258	2.44692e+10
0.259	2.40375e+10
0.26	2.35732e+10
0.261	2.31422e+10
0.262	2.27729e+10
0.263	2.24166e+10
0.264	2.20173e+10
0.265	2.15897e+10
0.266	2.1197e+10
0.267	2.08635e+10
0.268	2.05418e+10
0.269	2.01783e+10
0.27	1.97845e+10
0.271	1.94202e+10
0.272	1.9114e+10
0.273	1.88265e+10
0.274	1.85026e+10
0.275	1.81417e+10
0.276	1.77972e+10
0.277	1.75083e+10
0.278	1.72517e+10
0.279	1.69712e+10
0.28	1.66471e+10
0.281	1.63184e+10
0.282	1.60353e+10
0.283	1.57993e+10
0.284	1.55625e+10
0.285	1.52843e+10
0.286	1.49772e+10
0.287	1.46914e+10
0.288	1.44578e+10
0.289	1.42536e+10
0.29	1.40289e+10
0.291	1.37615e+10
0.292	1.34794e+10
0.293	1.32304e+10
0.294	1.30308e+10
0.295	1.28497e+10
0.296	1.26414e+10
0.297	1.23922e+10
0.298	1.21333e+10
0.299	1.19086e+10
0.3	1.17312e+10
0.301	1.15717e+10
0.302	1.13873e+10
0.303	1.11623e+10
0.304	1.0922e+10
0.305	1.07083e+10
0.306	1.05412e+10
0.307	1.04013e+10
0.308	1.0248e+10
0.309	1.00557e+10
0.31	9.83502e+09
0.311	9.62281e+09
0.312	9.45057e+09
0.313	9.31852e+09
0.314	9.1963e+09
0.315	9.04818e+09
0.316	8.86136e+09
0.317	8.6552e+09
0.318	8.46534e+09
0.319	8.31629e+09
0.32	8.20352e+09
0.321	8.09768e+09
0.322	7.96644e+09
0.323	7.79742e+09
0.324	7.6061e+09
0.325	7.4243e+09
0.326	7.27816e+09
0.327	7.17107e+09
0.328	7.08222e+09
0.329	6.98067e+09
0.33	6.84502e+09
0.331	6.67618e+09
0.332	6.49601e+09
0.333	6.33355e+09
0.334	6.20798e+09
0.335	6.11805e+09
0.336	6.04354e+09
0.337	5.95701e+09
0.338	5.83865e+09
0.339	5.68628e+09
0.34	5.51573e+09
0.341	5.35214e+09
0.342	5.21739e+09
0.343	5.11977e+09
0.344	5.05076e+09
0.345	4.98962e+09
0.346	4.91303e+09
0.347	4.80524e+09
0.348	4.66422e+09
0.349	4.50181e+09
0.35	4.33837e+09
0.351	4.19448e+09
0.352	4.0833e+09
0.353	4.00621e+09
0.354	3.95294e+09
0.355	3.90571e+09
0.356	3.84542e+09
0.357	3.75772e+09
0.358	3.63707e+09
0.359	3.48777e+09
0.36	3.32208e+09
0.361	3.15638e+09
0.362	3.0066e+09
0.363	2.88432e+09
0.364	2.7943e+09
0.365	2.73399e+09
0.366	2.69457e+09
0.367	2.66331e+09
0.368	2.62633e+09
0.369	2.57115e+09
0.37	2.48868e+09
0.371	2.37425e+09
0.372	2.22776e+09
0.373	2.05313e+09
0.374	1.85718e+09
0.375	1.64836e+09
0.376	1.43558e+09
0.377	1.22707e+09
0.378	1.02976e+09
0.379	8.48817e+08
0.38	6.8756e+08
0.381	5.47571e+08
0.382	4.28962e+08
0.383	3.3072e+08
0.384	2.51055e+08
0.385	1.87736e+08
0.386	1.38352e+08
0.387	1.00522e+08
0.388	7.2037e+07
0.389	5.09363e+07
0.39	3.55496e+07
0.391	2.44977e+07
0.392	1.6674e+07
0.393	1.12127e+07
0.394	7.45184e+06
0.395	4.89578e+06
0.396	3.18052e+06
0.397	2.04362e+06
0.398	1.29907e+06
0.399	817141
0.4	508726
0.401	313534
0.402	191331
0.403	115630
0.404	69217.6
0.405	41048.8
0.406	24121
0.407	14046.6
0.408	8107.68
0.409	4639.1
0.41	2631.76
0.411	1480.46
0.412	825.922
0.413	457.016
0.414	250.859
0.415	136.61
0.416	73.8151
0.417	39.5789
0.418	21.0614
0.419	11.124
0.42	5.83215
0.421	3.03554
0.422	1.56864
0.423	0.804888
0.424	0.410117
0.425	0.207531
0.426	0.104302
0.427	0.0520694
0.428	0.0258216
0.429	0.0127212
0.43	0.00622666
0.431	0.00302827
0.432	0.00146346
0.433	0.000702823
0.434	0.000335444
0.435	0.000159123
0.436	7.50262e-05
0.437	3.51635e-05
0.438	1.63831e-05
0.439	7.58849e-06
0.44	3.49458e-06
0.441	1.60008e-06
0.442	7.28485e-07
0.443	3.29807e-07
0.444	1.48485e-07
0.445	6.64832e-08
0.446	2.96057e-08
0.447	1.31127e-08
0.448	5.77684e-09
0.449	2.53157e-09
0.45	1.1036e-09
0.451	4.78605e-10
0.452	2.06495e-10
0.453	8.86393e-11
0.454	3.78559e-11
0.455	1.60859e-11
0.456	6.80084e-12
0.457	2.86102e-12
0.458	1.1976e-12
0.459	4.98949e-13
0.46	2.06885e-13
0.461	8.54303e-14
0.462	3.51285e-14
0.463	1.44202e-14
0.464	5.90961e-15
0.465	2.42101e-15
0.466	9.90095e-16
0.467	4.05807e-16
0.468	1.69365e-16
0.469	7.34254e-17
0.47	3.43755e-17
0.471	1.8094e-17
0.472	1.10415e-17
0.473	9.08418e-18
0.474	8.26011e-18
0.475	6.43794e-18
0.476	5.59042e-18
0.477	4.96891e-18
0.478	5.31373e-18
0.479	4.6788e-18
0.48	4.72697e-18
0.481	4.892e-18
0.482	4.27822e-18
0.483	4.41286e-18
0.484	4.55704e-18
0.485	5.26795e-18
0.486	5.56446e-18
0.487	4.5481e-18
0.488	4.58192e-18
0.489	3.94437e-18
0.49	4.12994e-18
0.491	4.46256e-18
0.492	3.63613e-18
0.493	3.55925e-18
0.494	3.51624e-18
0.495	2.69203e-18
0.496	3.13026e-18
0.497	2.98841e-18
0.498	3.23359e-18
0.499	3.80731e-18
0.5	3.43097e-18
0.501	3.81227e-18
0.502	4.36101e-18
0.503	5.78639e-18
0.504	5.31618e-18
0.505	5.25267e-18
0.506	5.19321e-18
0.507	4.49738e-18
0.508	4.54199e-18
0.509	5.37364e-18
0.51	4.06838e-18
0.511	3.64323e-18
0.512	4.19254e-18
0.513	2.93465e-18
0.514	2.76043e-18
0.515	2.26823e-18
0.516	1.80115e-18
0.517	2.4772e-18
0.518	2.41497e-18
0.519	2.37893e-18
0.52	2.66679e-18
0.521	1.85486e-18
0.522	1.40875e-18
0.523	1.40985e-18
0.524	1.6727e-18
0.525	1.72635e-18
0.526	2.42849e-18
0.527	1.89875e-18
0.528	2.71744e-18
0.529	3.38122e-18
0.53	3.36316e-18
0.531	4.63016e-18
0.532	3.67114e-18
0.533	3.0098e-18
0.534	3.0411e-18
0.535	2.05002e-18
0.536	1.86327e-18
0.537	3.05559e-18
0.538	2.17627e-18
0.539	2.83353e-18
0.54	3.78124e-18
0.541	3.65034e-18
0.542	3.45065e-18
0.543	2.93811e-18
0.544	2.13085e-18
0.545	2.27815e-18
0.546	2.68697e-18
0.547	2.91533e-18
0.548	2.87891e-18
0.549	2.89763e-18
0.55	3.33425e-18
0.551	3.71246e-18
0.552	3.61781e-18
0.553	2.76902e-18
0.554	3.09515e-18
0.555	2.42579e-18
0.556	2.59877e-18
0.557	2.34919e-18
0.558	2.79823e-18
0.559	3.10246e-18
0.56	2.90866e-18
0.561	2.96524e-18
0.562	2.99499e-18
0.563	3.4189e-18
0.564	3.79789e-18
0.565	2.70023e-18
0.566	2.85022e-18
0.567	3.67352e-18
0.568	4.22062e-18
0.569	4.35339e-18
0.57	3.74945e-18
0.571	4.50777e-18
0.572	4.41439e-18
0.573	4.27492e-18
0.574	3.07888e-18
0.575	3.27691e-18
0.576	2.80838e-18
0.577	3.43485e-18
0.578	3.13719e-18
0.579	2.27854e-18
0.58	3.32927e-18
0.581	2.51832e-18
0.582	3.10982e-18
0.583	3.37898e-18
0.584	2.63096e-18
0.585	2.2218e-18
0.586	2.59878e-18
0.587	2.03258e-18
0.588	2.08e-18
0.589	1.91802e-18
0.59	1.42227e-18
0.591	2.50051e-18
0.592	1.90164e-18
0.593	1.66081e-18
0.594	1.94554e-18
0.595	1.88975e-18
0.596	1.71596e-18
0.597	2.6529e-18
0.598	1.53334e-18
0.599	2.017e-18
0.6	2.50056e-18
0.601	1.82695e-18
0.602	2.73539e-18
0.603	3.50564e-18
0.604	1.41607e-18
0.605	1.86484e-18
0.606	2.99332e-18
0.607	2.16494e-18
0.608	2.27513e-18
0.609	2.70675e-18
0.61	2.42676e-18
0.611	2.9119e-18
0.612	1.87928e-18
0.613	2.42222e-18
0.614	2.85847e-18
0.615	2.00881e-18
0.616	2.36674e-18
0.617	2.4108e-18
0.618	1.68342e-18
0.619	1.82118e-18
0.62	1.86396e-18
0.621	1.84498e-18
0.622	1.88823e-18
0.623	2.05491e-18
0.624	2.26471e-18
0.625	3.49787e-18
0.626	1.86976e-18
0.627	2.261e-18
0.628	2.27759e-18
0.629	1.9115e-18
0.63	1.45727e-18
0.631	1.65896e-18
0.632	1.76783e-18
0.633	2.16162e-18
0.634	2.83866e-18
0.635	2.31456e-18
0.636	2.56228e-18
0.637	2.11308e-18
0.638	2.74244e-18
0.639	3.08275e-18
0.64	2.22263e-18
0.641	2.81463e-18
0.642	2.36984e-18
0.643	2.31073e-18
0.644	1.73451e-18
0.645	1.77446e-18
0.646	1.48168e-18
0.647	1.33123e-18
0.648	1.57119e-18
0.649	1.79291e-18
0.65	1.47354e-18
0.651	1.61006e-18
0.652	1.92322e-18
0.653	1.5783e-18
0.654	2.21816e-18
0.655	1.86164e-18
0.656	1.82337e-18
0.657	1.57764e-18
0.658	2.12521e-18
0.659	2.68997e-18
0.66	3.41492e-18
0.661	3.26583e-18
0.662	3.00949e-18
0.663	2.78935e-18
0.664	3.85331e-18
0.665	2.74914e-18
0.666	2.03871e-18
0.667	1.56164e-18
0.668	1.19144e-18
0.669	2.3233e-18
0.67	1.85455e-18
0.671	1.56916e-18
0.672	1.80278e-18
0.673	1.54543e-18
0.674	2.23029e-18
0.675	1.62359e-18
0.676	1.78777e-18
0.677	2.21493e-18
0.678	1.9069e-18
0.679	2.03748e-18
0.68	2.0496e-18
0.681	2.13145e-18
0.682	1.99272e-18
0.683	2.67208e-18
0.684	2.25735e-18
0.685	2.17065e-18
0.686	1.52734e-18
0.687	2.15988e-18
0.688	1.92628e-18
0.689	1.82481e-18
0.69	2.05363e-18
0.691	1.76202e-18
0.692	2.28007e-18
0.693	2.48274e-18
0.694	1.61897e-18
0.695	1.33354e-18
0.696	1.11822e-18
0.697	1.03045e-18
0.698	9.60813e-19
0.699	9.4305e-19
0.7	9.3921e-19
0.701	1.07637e-18
0.702	1.22037e-18
0.703	1.37109e-18
0.704	1.30357e-18
0.705	1.66873e-18
0.706	1.83856e-18
0.707	1.51188e-18
0.708	1.55064e-18
0.709	1.93238e-18
0.71	1.61925e-18
0.711	1.50493e-18
0.712	1.4462e-18
0.713	1.1245e-18
0.714	1.48868e-18
0.715	1.24805e-18
0.716	1.319e-18
0.717	1.29428e-18
0.718	1.00447e-18
0.719	1.19791e-18
0.72	7.49155e-19
0.721	9.43348e-19
0.722	1.31982e-18
0.723	1.53937e-18
0.724	2.0616e-18
0.725	1.78241e-18
0.726	1.39748e-18
0.727	1.98527e-18
0.728	1.46795e-18
0.729	2.11845e-18
0.73	1.57739e-18
0.731	1.7912e-18
0.732	1.99132e-18
0.733	2.35859e-18
0.734	1.89123e-18
0.735	1.5012e-18
0.736	2.65723e-18
0.737	1.9748e-18
0.738	1.41916e-18
0.739	2.37343e-18
0.74	2.32431e-18
0.741	1.40448e-18
0.742	2.11085e-18
0.743	2.16992e-18
0.744	8.87684e-19
0.745	1.77574e-18
0.746	2.5037e-18
0.747	1.62364e-18
0.748	2.12594e-18
0.749	3.55194e-18
0.75	2.24022e-18
0.751	2.18675e-18
0.752	2.53314e-18
0.753	1.85894e-18
0.754	1.67775e-18
0.755	2.35793e-18
0.756	1.37492e-18
0.757	1.9561e-18
0.758	2.47597e-18
0.759	1.42165e-18
0.76	3.25918e-18
0.761	3.66192e-18
0.762	2.47683e-18
0.763	2.48031e-18
0.764	2.74203e-18
0.765	3.4659e-18
0.766	2.44783e-18
0.767	1.95878e-18
0.768	1.95644e-18
0.769	1.89874e-18
0.77	2.09576e-18
0.771	1.44061e-18
0.772	1.88697e-18
0.773	1.60057e-18
0.774	1.79791e-18
0.775	1.96138e-18
0.776	1.38558e-18
0.777	1.29309e-18
0.778	1.22132e-18
0.779	1.13904e-18
0.78	1.0028e-18
0.781	1.12654e-18
0.782	9.86271e-19
0.783	1.27362e-18
0.784	1.26371e-18
0.785	1.39183e-18
0.786	1.74247e-18
0.787	1.31215e-18
0.788	1.07702e-18
0.789	1.15296e-18
0.79	1.35619e-18
0.791	1.28277e-18
0.792	2.58971e-18
0.793	1.78339e-18
0.794	1.66366e-18
0.795	1.90458e-18
0.796	1.38944e-18
0.797	1.309e-18
0.798	2.00989e-18
0.799	2.14023e-18
0.8	2.01479e-18
0.801	2.01594e-18
0.802	2.89412e-18
0.803	1.51965e-18
0.804	2.54072e-18
0.805	2.14447e-18
0.806	1.87855e-18
0.807	2.38155e-18
0.808	2.48118e-18
0.809	2.80771e-18
0.81	3.03377e-18
0.811	1.9033e-18
0.812	2.1766e-18
0.813	1.71892e-18
0.814	1.81891e-18
0.815	1.89416e-18
0.816	1.16525e-18
0.817	1.98822e-18
0.818	1.61086e-18
0.819	2.11414e-18
0.82	1.47079e-18
0.821	1.66172e-18
0.822	2.28776e-18
0.823	1.61301e-18
0.824	1.81998e-18
0.825	2.9289e-18
0.826	1.06145e-18
0.827	1.99231e-18
0.828	1.36743e-18
0.829	1.21548e-18
0.83	1.30777e-18
0.831	1.20547e-18
0.832	1.71685e-18
0.833	2.31438e-18
0.834	2.46898e-18
0.835	2.28431e-18
0.836	1.50034e-18
0.837	1.75749e-18
0.838	1.26003e-18
0.839	1.19088e-18
0.84	1.63217e-18
0.841	1.34569e-18
0.842	1.67825e-18
0.843	1.41254e-18
0.844	1.29682e-18
0.845	7.33342e-19
0.846	1.6088e-18
0.847	7.00004e-19
0.848	1.06761e-18
0.849	1.21681e-18
0.85	1.15193e-18
0.851	1.50409e-18
0.852	1.2257e-18
0.853	8.46893e-19
0.854	1.06899e-18
0.855	8.92953e-19
0.856	1.64856e-18
0.857	1.40727e-18
0.858	1.62971e-18
0.859	1.76359e-18
0.86	1.38268e-18
0.861	1.52074e-18
0.862	1.01335e-18
0.863	9.33926e-19
0.864	1.39814e-18
0.865	1.14252e-18
0.866	1.04257e-18
0.867	1.15262e-18
0.868	1.14072e-18
0.869	1.3141e-18
0.87	1.60335e-18
0.871	1.05662e-18
0.872	1.08361e-18
0.873	1.8412e-18
0.874	1.03033e-18
0.875	1.47396e-18
0.876	1.29941e-18
0.877	1.38097e-18
0.878	1.72292e-18
0.879	1.44313e-18
0.88	1.04573e-18
0.881	1.18198e-18
0.882	9.33105e-19
0.883	1.18634e-18
0.884	9.3704e-19
0.885	1.12194e-18
0.886	1.10117e-18
0.887	1.63015e-18
0.888	1.66066e-18
0.889	1.15769e-18
0.89	2.01235e-18
0.891	1.83397e-18
0.892	1.69571e-18
0.893	1.21595e-18
0.894	1.4085e-18
0.895	1.73964e-18
0.896	1.50758e-18
0.897	1.40733e-18
0.898	1.43466e-18
0.899	1.92462e-18
0.9	1.37116e-18
0.901	1.42209e-18
0.902	1.68371e-18
0.903	9.284e-19
0.904	7.25574e-19
0.905	1.3859e-18
0.906	1.70134e-18
0.907	2.00061e-18
0.908	1.90173e-18
0.909	1.56682e-18
0.91	2.05672e-18
0.911	1.21203e-18
0.912	1.91003e-18
0.913	1.92718e-18
0.914	2.43951e-18
0.915	2.82196e-18
0.916	3.18585e-18
0.917	2.35529e-18
0.918	2.5694e-18
0.919	1.83654e-18
0.92	1.95416e-18
0.921	2.3923e-18
0.922	2.23559e-18
0.923	1.58733e-18
0.924	2.13792e-18
0.925	1.80416e-18
0.926	1.37125e-18
0.927	1.62892e-18
0.928	1.7558e-18
0.929	1.27306e-18
0.93	1.58266e-18
0.931	1.74469e-18
0.932	1.17584e-18
0.933	1.22229e-18
0.934	1.13754e-18
0.935	1.53836e-18
0.936	1.39231e-18
0.937	1.78859e-18
0.938	1.40355e-18
0.939	2.17814e-18
0.94	1.09674e-18
0.941	1.09048e-18
0.942	9.66029e-19
0.943	1.62184e-18
0.944	1.703e-18
0.945	1.33031e-18
0.946	1.09909e-18
0.947	1.12275e-18
0.948	1.48699e-18
0.949	1.69368e-18
0.95	2.18712e-18
0.951	1.84005e-18
0.952	1.61204e-18
0.953	1.40628e-18
0.954	1.70133e-18
0.955	1.171e-18
0.956	1.23206e-18
0.957	1.33293e-18
0.958	1.21761e-18
0.959	1.38432e-18
0.96	1.72064e-18
0.961	1.19111e-18
0.962	2.15129e-18
0.963	2.19705e-18
0.964	2.16632e-18
0.965	2.68933e-18
0.966	1.92825e-18
0.967	1.90196e-18
0.968	2.53592e-18
0.969	2.73293e-18
0.97	2.5111e-18
0.971	4.1143e-18
0.972	4.05207e-18
0.973	1.66521e-18
0.974	2.31167e-18
0.975	3.54089e-18
0.976	1.3599e-18
0.977	2.15547e-18
0.978	4.04013e-18
0.979	1.58348e-18
0.98	3.05996e-18
0.981	2.66395e-18
0.982	1.97302e-18
0.983	2.77364e-18
0.984	2.55748e-18
0.985	2.58219e-18
0.986	3.80679e-18
0.987	2.5517e-18
0.988	2.04572e-18
0.989	4.54506e-18
0.99	2.40186e-18
0.991	1.9137e-18
0.992	5.4896e-18
0.993	2.03074e-18
0.994	2.37142e-18
0.995	2.85569e-18
0.996	1.98439e-18
0.997	1.25579e-18
0.998	3.10481e-18
0.999	1.81167e-18
1	0
