0	0
0.001	1.95255e+10
0.002	5.63615e+10
0.003	8.05558e+10
0.004	8.86066e+10
0.005	8.90999e+10
0.006	8.75021e+10
0.007	8.56402e+10
0.008	8.37065e+10
0.009	8.186e+10
0.01	8.00424e+10
0.011	7.82509e+10
0.012	7.65401e+10
0.013	7.4826e+10
0.014	7.31853e+10
0.015	7.15718e+10
0.016	6.99843e+10
0.017	6.84624e+10
0.018	6.69446e+10
0.019	6.54841e+10
0.02	6.40539e+10
0.021	6.26431e+10
0.022	6.12896e+10
0.023	5.99446e+10
0.024	5.86425e+10
0.025	5.73749e+10
0.026	5.61198e+10
0.027	5.49145e+10
0.028	5.37229e+10
0.029	5.256e+10
0.03	5.14356e+10
0.031	5.03193e+10
0.032	4.92433e+10
0.033	4.8188e+10
0.034	4.71489e+10
0.035	4.61488e+10
0.036	4.51579e+10
0.037	4.41944e+10
0.038	4.32594e+10
0.039	4.23322e+10
0.04	4.14386e+10
0.041	4.0561e+10
0.042	3.96974e+10
0.043	3.88656e+10
0.044	3.80418e+10
0.045	3.72396e+10
0.046	3.64619e+10
0.047	3.56904e+10
0.048	3.49452e+10
0.049	3.42159e+10
0.05	3.34955e+10
0.051	3.28019e+10
0.052	3.21171e+10
0.053	3.14462e+10
0.054	3.07986e+10
0.055	3.01562e+10
0.056	2.95318e+10
0.057	2.89256e+10
0.058	2.83239e+10
0.059	2.77426e+10
0.06	2.7174e+10
0.061	2.66114e+10
0.062	2.60695e+10
0.063	2.55359e+10
0.064	2.50104e+10
0.065	2.45044e+10
0.066	2.40035e+10
0.067	2.35131e+10
0.068	2.30399e+10
0.069	2.257e+10
0.07	2.21123e+10
0.071	2.16692e+10
0.072	2.12285e+10
0.073	2.08012e+10
0.074	2.03859e+10
0.075	1.99728e+10
0.076	1.95736e+10
0.077	1.91842e+10
0.078	1.87971e+10
0.079	1.8424e+10
0.08	1.80586e+10
0.081	1.7696e+10
0.082	1.73469e+10
0.083	1.70042e+10
0.084	1.66643e+10
0.085	1.63375e+10
0.086	1.60161e+10
0.087	1.56975e+10
0.088	1.53914e+10
0.089	1.50899e+10
0.09	1.47912e+10
0.091	1.45043e+10
0.092	1.42215e+10
0.093	1.39413e+10
0.094	1.36722e+10
0.095	1.34071e+10
0.096	1.31441e+10
0.097	1.28916e+10
0.098	1.26431e+10
0.099	1.23961e+10
0.1	1.2159e+10
0.101	1.19262e+10
0.102	1.16942e+10
0.103	1.14713e+10
0.104	1.12532e+10
0.105	1.10353e+10
0.106	1.08256e+10
0.107	1.06213e+10
0.108	1.04167e+10
0.109	1.02191e+10
0.11	1.00277e+10
0.111	9.83578e+09
0.112	9.6494e+09
0.113	9.46988e+09
0.114	9.29005e+09
0.115	9.1141e+09
0.116	8.9455e+09
0.117	8.77724e+09
0.118	8.6111e+09
0.119	8.45238e+09
0.12	8.29513e+09
0.121	8.13841e+09
0.122	7.98854e+09
0.123	7.84166e+09
0.124	7.69416e+09
0.125	7.55222e+09
0.126	7.41485e+09
0.127	7.27653e+09
0.128	7.14182e+09
0.129	7.0129e+09
0.13	6.8837e+09
0.131	6.75592e+09
0.132	6.63425e+09
0.133	6.51389e+09
0.134	6.39311e+09
0.135	6.27757e+09
0.136	6.16536e+09
0.137	6.05197e+09
0.138	5.9418e+09
0.139	5.83658e+09
0.14	5.73089e+09
0.141	5.62598e+09
0.142	5.52636e+09
0.143	5.42822e+09
0.144	5.32909e+09
0.145	5.23389e+09
0.146	5.14239e+09
0.147	5.04979e+09
0.148	4.95861e+09
0.149	4.87224e+09
0.15	4.78646e+09
0.151	4.69987e+09
0.152	4.61716e+09
0.153	4.5375e+09
0.154	4.45656e+09
0.155	4.37697e+09
0.156	4.30177e+09
0.157	4.22705e+09
0.158	4.15133e+09
0.159	4.07898e+09
0.16	4.00966e+09
0.161	3.93916e+09
0.162	3.86929e+09
0.163	3.80348e+09
0.164	3.73866e+09
0.165	3.67249e+09
0.166	3.60866e+09
0.167	3.54825e+09
0.168	3.48721e+09
0.169	3.42569e+09
0.17	3.36753e+09
0.171	3.31146e+09
0.172	3.254e+09
0.173	3.19727e+09
0.174	3.1441e+09
0.175	3.09165e+09
0.176	3.03779e+09
0.177	2.98573e+09
0.178	2.93683e+09
0.179	2.88759e+09
0.18	2.83735e+09
0.181	2.78962e+09
0.182	2.74438e+09
0.183	2.69815e+09
0.184	2.65147e+09
0.185	2.60765e+09
0.186	2.56563e+09
0.187	2.52228e+09
0.188	2.479e+09
0.189	2.43865e+09
0.19	2.39954e+09
0.191	2.35898e+09
0.192	2.31884e+09
0.193	2.28158e+09
0.194	2.24518e+09
0.195	2.2073e+09
0.196	2.17002e+09
0.197	2.13551e+09
0.198	2.10167e+09
0.199	2.06636e+09
0.2	2.03165e+09
0.201	1.99961e+09
0.202	1.9682e+09
0.203	1.93534e+09
0.204	1.90293e+09
0.205	1.87309e+09
0.206	1.844e+09
0.207	1.81349e+09
0.208	1.78315e+09
0.209	1.75524e+09
0.21	1.72834e+09
0.211	1.70012e+09
0.212	1.67167e+09
0.213	1.64541e+09
0.214	1.62055e+09
0.215	1.59458e+09
0.216	1.56792e+09
0.217	1.54305e+09
0.218	1.51998e+09
0.219	1.49623e+09
0.22	1.47135e+09
0.221	1.44767e+09
0.222	1.42606e+09
0.223	1.40445e+09
0.224	1.38146e+09
0.225	1.35885e+09
0.226	1.33833e+09
0.227	1.31862e+09
0.228	1.29769e+09
0.229	1.27624e+09
0.23	1.25644e+09
0.231	1.23822e+09
0.232	1.21942e+09
0.233	1.19943e+09
0.234	1.18017e+09
0.235	1.16286e+09
0.236	1.14601e+09
0.237	1.12789e+09
0.238	1.10936e+09
0.239	1.09241e+09
0.24	1.07692e+09
0.241	1.0609e+09
0.242	1.04368e+09
0.243	1.02691e+09
0.244	1.01196e+09
0.245	9.97723e+08
0.246	9.82429e+08
0.247	9.6634e+08
0.248	9.5132e+08
0.249	9.37954e+08
0.25	9.24681e+08
0.251	9.10177e+08
0.252	8.95323e+08
0.253	8.81846e+08
0.254	8.69747e+08
0.255	8.57332e+08
0.256	8.43702e+08
0.257	8.30037e+08
0.258	8.17848e+08
0.259	8.06811e+08
0.26	7.95256e+08
0.261	7.82543e+08
0.262	7.69934e+08
0.263	7.58792e+08
0.264	7.48692e+08
0.265	7.38039e+08
0.266	7.26256e+08
0.267	7.14543e+08
0.268	7.04222e+08
0.269	6.94967e+08
0.27	6.85266e+08
0.271	6.74431e+08
0.272	6.63475e+08
0.273	6.5376e+08
0.274	6.45231e+08
0.275	6.36514e+08
0.276	6.26682e+08
0.277	6.16414e+08
0.278	6.07103e+08
0.279	5.99113e+08
0.28	5.91348e+08
0.281	5.82619e+08
0.282	5.73089e+08
0.283	5.64041e+08
0.284	5.56322e+08
0.285	5.4934e+08
0.286	5.41795e+08
0.287	5.33205e+08
0.288	5.24447e+08
0.289	5.16714e+08
0.29	5.10149e+08
0.291	5.03701e+08
0.292	4.96331e+08
0.293	4.88162e+08
0.294	4.8032e+08
0.295	4.73672e+08
0.296	4.67893e+08
0.297	4.61838e+08
0.298	4.54783e+08
0.299	4.47176e+08
0.3	4.40144e+08
0.301	4.34297e+08
0.302	4.29114e+08
0.303	4.23498e+08
0.304	4.169e+08
0.305	4.09853e+08
0.306	4.03421e+08
0.307	3.98128e+08
0.308	3.93464e+08
0.309	3.88396e+08
0.31	3.82376e+08
0.311	3.75844e+08
0.312	3.69791e+08
0.313	3.6482e+08
0.314	3.60597e+08
0.315	3.56177e+08
0.316	3.50876e+08
0.317	3.44875e+08
0.318	3.3904e+08
0.319	3.34139e+08
0.32	3.30176e+08
0.321	3.26404e+08
0.322	3.21983e+08
0.323	3.16689e+08
0.324	3.11085e+08
0.325	3.06035e+08
0.326	3.01988e+08
0.327	2.98623e+08
0.328	2.95125e+08
0.329	2.90846e+08
0.33	2.85805e+08
0.331	2.80656e+08
0.332	2.7617e+08
0.333	2.72643e+08
0.334	2.69691e+08
0.335	2.66547e+08
0.336	2.62638e+08
0.337	2.57988e+08
0.338	2.53191e+08
0.339	2.48967e+08
0.34	2.45661e+08
0.341	2.43012e+08
0.342	2.40346e+08
0.343	2.37043e+08
0.344	2.32949e+08
0.345	2.28458e+08
0.346	2.24247e+08
0.347	2.20827e+08
0.348	2.1823e+08
0.349	2.16e+08
0.35	2.13488e+08
0.351	2.10252e+08
0.352	2.06312e+08
0.353	2.0213e+08
0.354	1.98319e+08
0.355	1.95292e+08
0.356	1.93033e+08
0.357	1.91116e+08
0.358	1.88957e+08
0.359	1.86129e+08
0.36	1.82588e+08
0.361	1.78684e+08
0.362	1.74962e+08
0.363	1.71884e+08
0.364	1.69595e+08
0.365	1.67865e+08
0.366	1.66211e+08
0.367	1.64138e+08
0.368	1.61368e+08
0.369	1.57964e+08
0.37	1.54286e+08
0.371	1.50821e+08
0.372	1.47967e+08
0.373	1.45861e+08
0.374	1.44334e+08
0.375	1.42992e+08
0.376	1.41382e+08
0.377	1.39177e+08
0.378	1.36295e+08
0.379	1.32926e+08
0.38	1.29443e+08
0.381	1.26264e+08
0.382	1.23695e+08
0.383	1.21827e+08
0.384	1.20518e+08
0.385	1.19444e+08
0.386	1.1822e+08
0.387	1.1652e+08
0.388	1.14181e+08
0.389	1.11242e+08
0.39	1.07927e+08
0.391	1.04565e+08
0.392	1.01498e+08
0.393	9.89784e+07
0.394	9.71124e+07
0.395	9.5835e+07
0.396	9.49367e+07
0.397	9.41222e+07
0.398	9.30861e+07
0.399	9.15836e+07
0.4	8.94819e+07
0.401	8.67828e+07
0.402	8.36136e+07
0.403	8.01936e+07
0.404	7.67852e+07
0.405	7.36411e+07
0.406	7.09588e+07
0.407	6.88499e+07
0.408	6.73268e+07
0.409	6.63082e+07
0.41	6.56377e+07
0.411	6.51129e+07
0.412	6.45166e+07
0.413	6.36471e+07
0.414	6.23413e+07
0.415	6.04905e+07
0.416	5.80469e+07
0.417	5.50218e+07
0.418	5.14776e+07
0.419	4.75154e+07
0.42	4.32607e+07
0.421	3.88496e+07
0.422	3.44158e+07
0.423	3.00808e+07
0.424	2.59472e+07
0.425	2.20945e+07
0.426	1.85783e+07
0.427	1.54309e+07
0.428	1.26643e+07
0.429	1.02734e+07
0.43	8.23994e+06
0.431	6.53647e+06
0.432	5.12978e+06
0.433	3.98394e+06
0.434	3.0627e+06
0.435	2.33123e+06
0.436	1.75737e+06
0.437	1.31233e+06
0.438	971002
0.439	712019
0.44	517544
0.441	372969
0.442	266533
0.443	188913
0.444	132825
0.445	92656.9
0.446	64139.5
0.447	44064.6
0.448	30049.3
0.449	20343.3
0.45	13674.5
0.451	9127.62
0.452	6050.88
0.453	3984.25
0.454	2606.11
0.455	1693.58
0.456	1093.54
0.457	701.657
0.458	447.425
0.459	283.573
0.46	178.649
0.461	111.884
0.462	69.6637
0.463	43.1274
0.464	26.5489
0.465	16.2525
0.466	9.89492
0.467	5.99176
0.468	3.60895
0.469	2.16234
0.47	1.28888
0.471	0.764329
0.472	0.450979
0.473	0.264769
0.474	0.154684
0.475	0.089932
0.476	0.0520359
0.477	0.0299667
0.478	0.0171769
0.479	0.00980049
0.48	0.00556637
0.481	0.00314733
0.482	0.00177166
0.483	0.000992912
0.484	0.000554058
0.485	0.000307848
0.486	0.000170324
0.487	9.38412e-05
0.488	5.14887e-05
0.489	2.81352e-05
0.49	1.53119e-05
0.491	8.29977e-06
0.492	4.48108e-06
0.493	2.40989e-06
0.494	1.29101e-06
0.495	6.8896e-07
0.496	3.66279e-07
0.497	1.93999e-07
0.498	1.0237e-07
0.499	5.3821e-08
0.5	2.81936e-08
0.501	1.47159e-08
0.502	7.65375e-09
0.503	3.96672e-09
0.504	2.04867e-09
0.505	1.05442e-09
0.506	5.40841e-10
0.507	2.76474e-10
0.508	1.40859e-10
0.509	7.15273e-11
0.51	3.62017e-11
0.511	1.8263e-11
0.512	9.18366e-12
0.513	4.60327e-12
0.514	2.30007e-12
0.515	1.14565e-12
0.516	5.68872e-13
0.517	2.81597e-13
0.518	1.38974e-13
0.519	6.83806e-14
0.52	3.35431e-14
0.521	1.64035e-14
0.522	7.99773e-15
0.523	3.886e-15
0.524	1.88247e-15
0.525	9.09847e-16
0.526	4.38672e-16
0.527	2.11224e-16
0.528	1.01735e-16
0.529	4.87223e-17
0.53	2.34194e-17
0.531	1.1277e-17
0.532	5.48026e-18
0.533	2.66098e-18
0.534	1.35077e-18
0.535	7.05934e-19
0.536	4.36144e-19
0.537	3.02061e-19
0.538	2.35928e-19
0.539	1.94297e-19
0.54	1.82775e-19
0.541	1.51358e-19
0.542	1.18724e-19
0.543	1.06029e-19
0.544	1.08357e-19
0.545	1.12392e-19
0.546	1.24874e-19
0.547	1.20054e-19
0.548	1.32302e-19
0.549	1.35449e-19
0.55	1.69168e-19
0.551	1.69503e-19
0.552	1.54116e-19
0.553	1.5483e-19
0.554	1.24232e-19
0.555	9.88404e-20
0.556	8.09411e-20
0.557	8.07038e-20
0.558	1.0095e-19
0.559	1.25265e-19
0.56	1.5117e-19
0.561	1.55766e-19
0.562	1.41635e-19
0.563	1.19796e-19
0.564	1.18344e-19
0.565	1.13536e-19
0.566	1.25344e-19
0.567	1.34101e-19
0.568	1.25336e-19
0.569	1.53774e-19
0.57	1.54379e-19
0.571	1.75329e-19
0.572	1.48251e-19
0.573	1.51039e-19
0.574	1.28617e-19
0.575	1.3147e-19
0.576	1.133e-19
0.577	1.2808e-19
0.578	1.36338e-19
0.579	1.36067e-19
0.58	1.61414e-19
0.581	1.59287e-19
0.582	1.77001e-19
0.583	1.58682e-19
0.584	1.40912e-19
0.585	1.18015e-19
0.586	1.00206e-19
0.587	1.05204e-19
0.588	8.58885e-20
0.589	8.01764e-20
0.59	8.29142e-20
0.591	6.60762e-20
0.592	7.49174e-20
0.593	6.95996e-20
0.594	4.39113e-20
0.595	4.43186e-20
0.596	6.40607e-20
0.597	6.47608e-20
0.598	7.29425e-20
0.599	7.95322e-20
0.6	9.91872e-20
0.601	1.06782e-19
0.602	8.8786e-20
0.603	8.28586e-20
0.604	8.03613e-20
0.605	9.66076e-20
0.606	9.14759e-20
0.607	1.03043e-19
0.608	7.0737e-20
0.609	9.52847e-20
0.61	7.65049e-20
0.611	8.01357e-20
0.612	7.40601e-20
0.613	8.40226e-20
0.614	7.26961e-20
0.615	7.43547e-20
0.616	9.43228e-20
0.617	8.20257e-20
0.618	6.84034e-20
0.619	6.74962e-20
0.62	6.43421e-20
0.621	7.38251e-20
0.622	7.22474e-20
0.623	6.30937e-20
0.624	8.18916e-20
0.625	6.43239e-20
0.626	6.28798e-20
0.627	7.44517e-20
0.628	7.80686e-20
0.629	9.14186e-20
0.63	8.6245e-20
0.631	7.16463e-20
0.632	9.02059e-20
0.633	1.09296e-19
0.634	9.23185e-20
0.635	8.25072e-20
0.636	9.81561e-20
0.637	9.32681e-20
0.638	9.8248e-20
0.639	1.05767e-19
0.64	1.22235e-19
0.641	1.46314e-19
0.642	1.14668e-19
0.643	9.97295e-20
0.644	6.92929e-20
0.645	7.17425e-20
0.646	6.52982e-20
0.647	6.49596e-20
0.648	4.64099e-20
0.649	4.96441e-20
0.65	3.68635e-20
0.651	5.08333e-20
0.652	6.83938e-20
0.653	6.15172e-20
0.654	7.93491e-20
0.655	6.82944e-20
0.656	7.63312e-20
0.657	7.52172e-20
0.658	7.81129e-20
0.659	8.3705e-20
0.66	1.077e-19
0.661	1.02489e-19
0.662	1.06548e-19
0.663	1.0409e-19
0.664	1.32028e-19
0.665	1.04771e-19
0.666	8.68291e-20
0.667	9.82556e-20
0.668	5.9229e-20
0.669	8.87644e-20
0.67	5.72296e-20
0.671	5.64519e-20
0.672	6.51814e-20
0.673	6.13725e-20
0.674	7.18837e-20
0.675	6.61333e-20
0.676	5.15401e-20
0.677	6.13477e-20
0.678	5.87197e-20
0.679	6.98669e-20
0.68	7.29831e-20
0.681	7.67205e-20
0.682	9.62511e-20
0.683	1.04381e-19
0.684	1.05512e-19
0.685	8.26445e-20
0.686	9.99187e-20
0.687	6.44193e-20
0.688	7.99366e-20
0.689	7.71683e-20
0.69	6.97432e-20
0.691	8.71461e-20
0.692	7.80066e-20
0.693	9.17492e-20
0.694	7.53423e-20
0.695	6.55568e-20
0.696	5.06767e-20
0.697	4.20721e-20
0.698	4.77331e-20
0.699	6.31329e-20
0.7	6.21146e-20
0.701	6.70029e-20
0.702	6.78352e-20
0.703	6.71736e-20
0.704	6.6595e-20
0.705	6.57765e-20
0.706	5.70458e-20
0.707	5.09734e-20
0.708	6.12064e-20
0.709	6.99696e-20
0.71	7.72502e-20
0.711	9.28411e-20
0.712	9.78733e-20
0.713	9.6593e-20
0.714	8.26981e-20
0.715	7.11676e-20
0.716	6.19004e-20
0.717	5.18262e-20
0.718	4.4706e-20
0.719	5.57085e-20
0.72	4.56313e-20
0.721	5.39888e-20
0.722	6.02667e-20
0.723	5.43015e-20
0.724	4.47772e-20
0.725	6.42965e-20
0.726	6.27192e-20
0.727	6.86786e-20
0.728	9.27996e-20
0.729	7.14069e-20
0.73	9.27376e-20
0.731	5.92563e-20
0.732	7.7858e-20
0.733	5.8849e-20
0.734	7.84519e-20
0.735	7.23058e-20
0.736	8.32151e-20
0.737	9.65177e-20
0.738	9.03487e-20
0.739	6.88994e-20
0.74	8.04189e-20
0.741	4.99709e-20
0.742	5.60607e-20
0.743	6.14959e-20
0.744	6.235e-20
0.745	7.97814e-20
0.746	6.12689e-20
0.747	5.04775e-20
0.748	7.75125e-20
0.749	5.94429e-20
0.75	4.07113e-20
0.751	4.47531e-20
0.752	4.94264e-20
0.753	4.82941e-20
0.754	5.5203e-20
0.755	5.31467e-20
0.756	5.52717e-20
0.757	5.34371e-20
0.758	5.62253e-20
0.759	5.67299e-20
0.76	6.63255e-20
0.761	6.66555e-20
0.762	5.19403e-20
0.763	6.77684e-20
0.764	7.12969e-20
0.765	6.12654e-20
0.766	5.99192e-20
0.767	6.76827e-20
0.768	5.75777e-20
0.769	6.82368e-20
0.77	5.83692e-20
0.771	5.57396e-20
0.772	6.41173e-20
0.773	7.53726e-20
0.774	8.3812e-20
0.775	8.20205e-20
0.776	8.83275e-20
0.777	8.2685e-20
0.778	6.07603e-20
0.779	4.24179e-20
0.78	4.24693e-20
0.781	3.68871e-20
0.782	4.70345e-20
0.783	5.02811e-20
0.784	3.71498e-20
0.785	4.41318e-20
0.786	5.33907e-20
0.787	5.74475e-20
0.788	3.89506e-20
0.789	3.19271e-20
0.79	3.50496e-20
0.791	4.5122e-20
0.792	4.63641e-20
0.793	4.44464e-20
0.794	4.24092e-20
0.795	5.68618e-20
0.796	4.68881e-20
0.797	6.24536e-20
0.798	5.9505e-20
0.799	6.93944e-20
0.8	8.30515e-20
0.801	8.88663e-20
0.802	8.50389e-20
0.803	7.64148e-20
0.804	8.69228e-20
0.805	6.46008e-20
0.806	8.68288e-20
0.807	5.22607e-20
0.808	7.34105e-20
0.809	5.40183e-20
0.81	6.42638e-20
0.811	6.35871e-20
0.812	7.13475e-20
0.813	6.45397e-20
0.814	6.52479e-20
0.815	4.35835e-20
0.816	4.38362e-20
0.817	4.13656e-20
0.818	5.48999e-20
0.819	5.40081e-20
0.82	4.97342e-20
0.821	4.06089e-20
0.822	5.218e-20
0.823	4.71363e-20
0.824	4.37358e-20
0.825	5.75747e-20
0.826	6.09233e-20
0.827	5.24896e-20
0.828	4.73254e-20
0.829	3.82038e-20
0.83	3.76011e-20
0.831	5.37626e-20
0.832	5.75788e-20
0.833	5.6822e-20
0.834	4.12334e-20
0.835	3.8903e-20
0.836	2.97931e-20
0.837	3.39421e-20
0.838	3.24771e-20
0.839	3.96857e-20
0.84	5.57804e-20
0.841	5.87322e-20
0.842	6.63901e-20
0.843	4.8216e-20
0.844	5.02838e-20
0.845	4.33182e-20
0.846	5.81124e-20
0.847	3.23929e-20
0.848	4.12611e-20
0.849	4.20436e-20
0.85	4.94505e-20
0.851	5.29573e-20
0.852	4.39299e-20
0.853	4.00189e-20
0.854	4.16362e-20
0.855	5.50248e-20
0.856	4.02477e-20
0.857	4.47371e-20
0.858	5.82008e-20
0.859	3.75972e-20
0.86	3.80779e-20
0.861	2.89123e-20
0.862	4.45297e-20
0.863	3.07978e-20
0.864	3.94513e-20
0.865	7.01301e-20
0.866	4.71531e-20
0.867	4.49261e-20
0.868	5.66702e-20
0.869	5.27309e-20
0.87	4.45031e-20
0.871	5.54976e-20
0.872	5.6156e-20
0.873	6.26425e-20
0.874	5.26677e-20
0.875	5.45588e-20
0.876	5.14838e-20
0.877	2.9669e-20
0.878	4.0875e-20
0.879	4.28288e-20
0.88	4.69674e-20
0.881	4.13299e-20
0.882	3.85822e-20
0.883	3.55379e-20
0.884	3.69993e-20
0.885	3.91272e-20
0.886	4.88329e-20
0.887	4.68338e-20
0.888	4.25221e-20
0.889	4.01571e-20
0.89	4.5127e-20
0.891	3.843e-20
0.892	4.54389e-20
0.893	4.38192e-20
0.894	4.82901e-20
0.895	4.18832e-20
0.896	5.22682e-20
0.897	4.28984e-20
0.898	4.94737e-20
0.899	4.78428e-20
0.9	4.04991e-20
0.901	4.18205e-20
0.902	5.74981e-20
0.903	4.30693e-20
0.904	3.87405e-20
0.905	5.40288e-20
0.906	4.06092e-20
0.907	5.34567e-20
0.908	4.21539e-20
0.909	5.13004e-20
0.91	6.35773e-20
0.911	6.04952e-20
0.912	5.60229e-20
0.913	6.02465e-20
0.914	6.3223e-20
0.915	7.66011e-20
0.916	6.996e-20
0.917	5.0788e-20
0.918	5.3987e-20
0.919	3.98715e-20
0.92	6.13457e-20
0.921	5.31131e-20
0.922	6.40806e-20
0.923	7.03452e-20
0.924	6.97981e-20
0.925	5.23603e-20
0.926	6.38778e-20
0.927	5.45106e-20
0.928	5.59883e-20
0.929	5.3489e-20
0.93	4.89699e-20
0.931	5.89816e-20
0.932	5.3658e-20
0.933	6.03631e-20
0.934	5.88642e-20
0.935	4.62106e-20
0.936	5.2471e-20
0.937	6.28746e-20
0.938	4.05471e-20
0.939	5.43402e-20
0.94	4.3225e-20
0.941	3.17492e-20
0.942	4.56855e-20
0.943	6.32897e-20
0.944	4.88778e-20
0.945	4.46026e-20
0.946	3.62793e-20
0.947	4.27523e-20
0.948	5.14696e-20
0.949	5.16351e-20
0.95	4.75456e-20
0.951	3.45008e-20
0.952	4.786e-20
0.953	4.05956e-20
0.954	2.98976e-20
0.955	4.87545e-20
0.956	3.72073e-20
0.957	4.64491e-20
0.958	4.75756e-20
0.959	4.58486e-20
0.96	5.30221e-20
0.961	3.28566e-20
0.962	4.1585e-20
0.963	3.91859e-20
0.964	4.67682e-20
0.965	5.65082e-20
0.966	5.06844e-20
0.967	3.72949e-20
0.968	5.32586e-20
0.969	4.78871e-20
0.97	5.80079e-20
0.971	7.88324e-20
0.972	6.33e-20
0.973	7.56232e-20
0.974	6.9823e-20
0.975	7.25372e-20
0.976	7.08166e-20
0.977	1.02199e-19
0.978	6.70606e-20
0.979	7.06351e-20
0.98	8.02144e-20
0.981	7.98e-20
0.982	7.81413e-20
0.983	7.11943e-20
0.984	6.81677e-20
0.985	5.93803e-20
0.986	4.97208e-20
0.987	6.59707e-20
0.988	7.92425e-20
0.989	4.85819e-20
0.99	4.8908e-20
0.991	4.16223e-20
0.992	4.63016e-20
0.993	4.67978e-20
0.994	4.03091e-20
0.995	2.98209e-20
0.996	4.18872e-20
0.997	3.03211e-20
0.998	2.55329e-20
0.999	1.56773e-20
1	0
