0	0
0.001	3.17861e+11
0.002	9.1181e+11
0.003	1.29794e+12
0.004	1.42426e+12
0.005	1.42844e+12
0.006	1.4001e+12
0.007	1.36661e+12
0.008	1.3328e+12
0.009	1.30034e+12
0.01	1.26812e+12
0.011	1.23726e+12
0.012	1.20684e+12
0.013	1.17735e+12
0.014	1.14871e+12
0.015	1.12053e+12
0.016	1.09346e+12
0.017	1.06671e+12
0.018	1.04092e+12
0.019	1.01568e+12
0.02	9.91034e+11
0.021	9.67212e+11
0.022	9.4373e+11
0.023	9.21112e+11
0.024	8.98889e+11
0.025	8.77284e+11
0.026	8.56314e+11
0.027	8.35692e+11
0.028	8.15814e+11
0.029	7.96257e+11
0.03	7.77282e+11
0.031	7.5882e+11
0.032	7.4069e+11
0.033	7.232e+11
0.034	7.05987e+11
0.035	6.89293e+11
0.036	6.73037e+11
0.037	6.57078e+11
0.038	6.41675e+11
0.039	6.26519e+11
0.04	6.11808e+11
0.041	5.97493e+11
0.042	5.83427e+11
0.043	5.6985e+11
0.044	5.565e+11
0.045	5.43517e+11
0.046	5.30908e+11
0.047	5.18498e+11
0.048	5.06515e+11
0.049	4.94756e+11
0.05	4.83279e+11
0.051	4.72166e+11
0.052	4.61213e+11
0.053	4.50617e+11
0.054	4.40261e+11
0.055	4.30103e+11
0.056	4.20294e+11
0.057	4.10633e+11
0.058	4.01242e+11
0.059	3.92119e+11
0.06	3.83128e+11
0.061	3.74446e+11
0.062	3.65934e+11
0.063	3.57598e+11
0.064	3.49544e+11
0.065	3.41602e+11
0.066	3.33888e+11
0.067	3.26391e+11
0.068	3.18996e+11
0.069	3.11856e+11
0.07	3.04858e+11
0.071	2.97992e+11
0.072	2.91367e+11
0.073	2.84833e+11
0.074	2.78469e+11
0.075	2.72304e+11
0.076	2.66211e+11
0.077	2.60313e+11
0.078	2.54563e+11
0.079	2.4889e+11
0.08	2.4342e+11
0.081	2.38049e+11
0.082	2.32776e+11
0.083	2.27693e+11
0.084	2.22676e+11
0.085	2.17778e+11
0.086	2.13046e+11
0.087	2.08362e+11
0.088	2.03815e+11
0.089	1.99403e+11
0.09	1.95032e+11
0.091	1.90808e+11
0.092	1.8669e+11
0.093	1.82615e+11
0.094	1.78689e+11
0.095	1.74842e+11
0.096	1.71045e+11
0.097	1.67391e+11
0.098	1.63798e+11
0.099	1.60259e+11
0.1	1.56857e+11
0.101	1.535e+11
0.102	1.50202e+11
0.103	1.47031e+11
0.104	1.43895e+11
0.105	1.40821e+11
0.106	1.37864e+11
0.107	1.34935e+11
0.108	1.32067e+11
0.109	1.29309e+11
0.11	1.26573e+11
0.111	1.23896e+11
0.112	1.21323e+11
0.113	1.18767e+11
0.114	1.16267e+11
0.115	1.13865e+11
0.116	1.11479e+11
0.117	1.09142e+11
0.118	1.06899e+11
0.119	1.04671e+11
0.12	1.02485e+11
0.121	1.0039e+11
0.122	9.8311e+10
0.123	9.62643e+10
0.124	9.43056e+10
0.125	9.23667e+10
0.126	9.04498e+10
0.127	8.86167e+10
0.128	8.68094e+10
0.129	8.50137e+10
0.13	8.32958e+10
0.131	8.16118e+10
0.132	7.99304e+10
0.133	7.83175e+10
0.134	7.67486e+10
0.135	7.5176e+10
0.136	7.36589e+10
0.137	7.2196e+10
0.138	7.07281e+10
0.139	6.92991e+10
0.14	6.79322e+10
0.141	6.65654e+10
0.142	6.52187e+10
0.143	6.39371e+10
0.144	6.26671e+10
0.145	6.14003e+10
0.146	6.01929e+10
0.147	5.90138e+10
0.148	5.78267e+10
0.149	5.66845e+10
0.15	5.5587e+10
0.151	5.44809e+10
0.152	5.33983e+10
0.153	5.23704e+10
0.154	5.13454e+10
0.155	5.03222e+10
0.156	4.93509e+10
0.157	4.84026e+10
0.158	4.74432e+10
0.159	4.65188e+10
0.16	4.56366e+10
0.161	4.47463e+10
0.162	4.38662e+10
0.163	4.30351e+10
0.164	4.22145e+10
0.165	4.13843e+10
0.166	4.05911e+10
0.167	3.98316e+10
0.168	3.90606e+10
0.169	3.83009e+10
0.17	3.7586e+10
0.171	3.68781e+10
0.172	3.61595e+10
0.173	3.54737e+10
0.174	3.48199e+10
0.175	3.41549e+10
0.176	3.34952e+10
0.177	3.28764e+10
0.178	3.22688e+10
0.179	3.16472e+10
0.18	3.10485e+10
0.181	3.04849e+10
0.182	2.99154e+10
0.183	2.93403e+10
0.184	2.87988e+10
0.185	2.82792e+10
0.186	2.77454e+10
0.187	2.72181e+10
0.188	2.67268e+10
0.189	2.62436e+10
0.19	2.57454e+10
0.191	2.52644e+10
0.192	2.48159e+10
0.193	2.43648e+10
0.194	2.39022e+10
0.195	2.34639e+10
0.196	2.3052e+10
0.197	2.26307e+10
0.198	2.22029e+10
0.199	2.18027e+10
0.2	2.14229e+10
0.201	2.10303e+10
0.202	2.06351e+10
0.203	2.02687e+10
0.204	1.9918e+10
0.205	1.95528e+10
0.206	1.91876e+10
0.207	1.88509e+10
0.208	1.85271e+10
0.209	1.81884e+10
0.21	1.78503e+10
0.211	1.75397e+10
0.212	1.72412e+10
0.213	1.69279e+10
0.214	1.6614e+10
0.215	1.63262e+10
0.216	1.60515e+10
0.217	1.57629e+10
0.218	1.54708e+10
0.219	1.52025e+10
0.22	1.495e+10
0.221	1.46854e+10
0.222	1.44134e+10
0.223	1.41616e+10
0.224	1.3929e+10
0.225	1.36881e+10
0.226	1.34355e+10
0.227	1.31973e+10
0.228	1.29815e+10
0.229	1.27637e+10
0.23	1.2531e+10
0.231	1.23047e+10
0.232	1.21016e+10
0.233	1.1905e+10
0.234	1.16938e+10
0.235	1.14793e+10
0.236	1.12847e+10
0.237	1.11054e+10
0.238	1.09171e+10
0.239	1.0717e+10
0.24	1.05279e+10
0.241	1.03598e+10
0.242	1.01934e+10
0.243	1.00124e+10
0.244	9.82955e+09
0.245	9.66571e+09
0.246	9.51581e+09
0.247	9.35748e+09
0.248	9.18673e+09
0.249	9.02371e+09
0.25	8.88072e+09
0.251	8.74318e+09
0.252	8.59254e+09
0.253	8.43462e+09
0.254	8.29022e+09
0.255	8.16338e+09
0.256	8.03563e+09
0.257	7.89376e+09
0.258	7.74913e+09
0.259	7.62046e+09
0.26	7.50647e+09
0.261	7.38804e+09
0.262	7.25587e+09
0.263	7.12337e+09
0.264	7.00728e+09
0.265	6.90416e+09
0.266	6.79553e+09
0.267	6.67351e+09
0.268	6.5513e+09
0.269	6.4448e+09
0.27	6.35122e+09
0.271	6.25311e+09
0.272	6.14167e+09
0.273	6.02799e+09
0.274	5.92822e+09
0.275	5.84263e+09
0.276	5.75559e+09
0.277	5.65562e+09
0.278	5.54962e+09
0.279	5.4539e+09
0.28	5.3738e+09
0.281	5.29745e+09
0.282	5.21042e+09
0.283	5.11305e+09
0.284	5.01965e+09
0.285	4.94137e+09
0.286	4.87319e+09
0.287	4.80013e+09
0.288	4.7145e+09
0.289	4.62444e+09
0.29	4.54438e+09
0.291	4.47887e+09
0.292	4.41777e+09
0.293	4.34761e+09
0.294	4.26616e+09
0.295	4.18449e+09
0.296	4.11496e+09
0.297	4.05826e+09
0.298	4.00297e+09
0.299	3.93748e+09
0.3	3.86176e+09
0.301	3.78703e+09
0.302	3.72438e+09
0.303	3.67392e+09
0.304	3.6249e+09
0.305	3.56628e+09
0.306	3.49715e+09
0.307	3.4273e+09
0.308	3.36789e+09
0.309	3.32118e+09
0.31	3.27874e+09
0.311	3.22922e+09
0.312	3.16841e+09
0.313	3.1027e+09
0.314	3.04328e+09
0.315	2.99651e+09
0.316	2.95871e+09
0.317	2.91947e+09
0.318	2.87032e+09
0.319	2.81149e+09
0.32	2.75146e+09
0.321	2.70005e+09
0.322	2.66081e+09
0.323	2.62847e+09
0.324	2.59316e+09
0.325	2.54784e+09
0.326	2.49334e+09
0.327	2.43753e+09
0.328	2.38951e+09
0.329	2.35319e+09
0.33	2.3248e+09
0.331	2.29563e+09
0.332	2.25802e+09
0.333	2.21032e+09
0.334	2.15773e+09
0.335	2.1088e+09
0.336	2.06998e+09
0.337	2.04169e+09
0.338	2.01831e+09
0.339	1.99168e+09
0.34	1.95596e+09
0.341	1.91082e+09
0.342	1.86148e+09
0.343	1.81558e+09
0.344	1.779e+09
0.345	1.75279e+09
0.346	1.73282e+09
0.347	1.71205e+09
0.348	1.68417e+09
0.349	1.64661e+09
0.35	1.60161e+09
0.351	1.555e+09
0.352	1.51336e+09
0.353	1.48107e+09
0.354	1.45847e+09
0.355	1.44192e+09
0.356	1.42547e+09
0.357	1.40335e+09
0.358	1.37225e+09
0.359	1.33245e+09
0.36	1.28756e+09
0.361	1.24301e+09
0.362	1.20408e+09
0.363	1.17405e+09
0.364	1.15325e+09
0.365	1.13907e+09
0.366	1.12698e+09
0.367	1.11195e+09
0.368	1.09e+09
0.369	1.05919e+09
0.37	1.02008e+09
0.371	9.75382e+08
0.372	9.2913e+08
0.373	8.85632e+08
0.374	8.48433e+08
0.375	8.19582e+08
0.376	7.99303e+08
0.377	7.8609e+08
0.378	7.77131e+08
0.379	7.68924e+08
0.38	7.57939e+08
0.381	7.4119e+08
0.382	7.16628e+08
0.383	6.83332e+08
0.384	6.41498e+08
0.385	5.92268e+08
0.386	5.37465e+08
0.387	4.7929e+08
0.388	4.20028e+08
0.389	3.6181e+08
0.39	3.06438e+08
0.391	2.55288e+08
0.392	2.09281e+08
0.393	1.68901e+08
0.394	1.34254e+08
0.395	1.0515e+08
0.396	8.11822e+07
0.397	6.18109e+07
0.398	4.64294e+07
0.399	3.442e+07
0.4	2.51927e+07
0.401	1.82111e+07
0.402	1.30058e+07
0.403	9.17933e+06
0.404	6.40458e+06
0.405	4.41873e+06
0.406	3.01541e+06
0.407	2.03587e+06
0.408	1.36023e+06
0.409	899577
0.41	589005
0.411	381899
0.412	245253
0.413	156027
0.414	98352.8
0.415	61439.9
0.416	38042.2
0.417	23350.8
0.418	14211.2
0.419	8576.55
0.42	5133.5
0.421	3047.86
0.422	1795.2
0.423	1049.12
0.424	608.399
0.425	350.148
0.426	200.017
0.427	113.419
0.428	63.8487
0.429	35.6874
0.43	19.807
0.431	10.9171
0.432	5.97612
0.433	3.24937
0.434	1.75504
0.435	0.941717
0.436	0.502038
0.437	0.265934
0.438	0.13998
0.439	0.073223
0.44	0.0380674
0.441	0.0196706
0.442	0.0101035
0.443	0.00515875
0.444	0.00261861
0.445	0.00132153
0.446	0.000663125
0.447	0.000330866
0.448	0.000164164
0.449	8.10023e-05
0.45	3.97501e-05
0.451	1.94011e-05
0.452	9.41867e-06
0.453	4.54831e-06
0.454	2.18491e-06
0.455	1.04416e-06
0.456	4.96442e-07
0.457	2.34836e-07
0.458	1.1053e-07
0.459	5.17644e-08
0.46	2.41238e-08
0.461	1.11878e-08
0.462	5.16352e-09
0.463	2.37178e-09
0.464	1.0843e-09
0.465	4.93389e-10
0.466	2.23469e-10
0.467	1.00751e-10
0.468	4.52174e-11
0.469	2.02024e-11
0.47	8.98589e-12
0.471	3.9794e-12
0.472	1.75477e-12
0.473	7.70593e-13
0.474	3.37042e-13
0.475	1.46832e-13
0.476	6.37212e-14
0.477	2.75352e-14
0.478	1.18421e-14
0.479	5.06673e-15
0.48	2.15016e-15
0.481	9.0371e-16
0.482	3.76889e-16
0.483	1.55864e-16
0.484	6.51201e-17
0.485	2.75262e-17
0.486	1.29023e-17
0.487	6.30427e-18
0.488	4.1931e-18
0.489	3.46414e-18
0.49	2.65365e-18
0.491	2.1686e-18
0.492	1.8611e-18
0.493	1.63773e-18
0.494	1.57459e-18
0.495	1.54075e-18
0.496	1.83564e-18
0.497	1.78646e-18
0.498	1.83372e-18
0.499	1.78783e-18
0.5	1.83081e-18
0.501	2.13617e-18
0.502	2.37394e-18
0.503	2.07409e-18
0.504	2.23835e-18
0.505	1.89143e-18
0.506	1.59371e-18
0.507	1.37994e-18
0.508	1.21019e-18
0.509	1.07052e-18
0.51	1.50883e-18
0.511	1.36533e-18
0.512	1.36051e-18
0.513	1.39463e-18
0.514	1.04193e-18
0.515	1.2183e-18
0.516	1.00538e-18
0.517	1.14327e-18
0.518	1.10113e-18
0.519	1.24625e-18
0.52	1.17434e-18
0.521	1.05209e-18
0.522	9.60938e-19
0.523	7.59065e-19
0.524	9.6505e-19
0.525	8.62281e-19
0.526	9.36583e-19
0.527	8.01371e-19
0.528	8.34933e-19
0.529	8.25838e-19
0.53	8.17416e-19
0.531	7.70213e-19
0.532	8.2125e-19
0.533	6.5494e-19
0.534	5.96049e-19
0.535	6.70377e-19
0.536	6.45076e-19
0.537	8.3183e-19
0.538	8.51588e-19
0.539	1.16366e-18
0.54	1.10768e-18
0.541	1.00506e-18
0.542	9.69598e-19
0.543	8.64365e-19
0.544	7.97731e-19
0.545	8.05739e-19
0.546	1.04579e-18
0.547	1.13489e-18
0.548	9.60501e-19
0.549	1.22302e-18
0.55	1.43421e-18
0.551	1.31684e-18
0.552	1.3429e-18
0.553	1.08918e-18
0.554	8.46833e-19
0.555	7.73526e-19
0.556	6.12793e-19
0.557	6.64017e-19
0.558	9.25164e-19
0.559	1.25476e-18
0.56	1.10261e-18
0.561	1.24223e-18
0.562	1.36003e-18
0.563	1.1283e-18
0.564	1.55346e-18
0.565	1.43857e-18
0.566	1.40767e-18
0.567	1.82229e-18
0.568	1.37662e-18
0.569	1.1646e-18
0.57	1.30165e-18
0.571	8.82905e-19
0.572	1.20867e-18
0.573	1.2899e-18
0.574	1.2904e-18
0.575	1.58814e-18
0.576	1.37387e-18
0.577	1.4158e-18
0.578	1.42529e-18
0.579	1.19452e-18
0.58	1.14832e-18
0.581	1.58989e-18
0.582	9.72142e-19
0.583	1.1343e-18
0.584	8.47417e-19
0.585	6.49279e-19
0.586	8.71139e-19
0.587	7.96252e-19
0.588	6.9418e-19
0.589	9.58359e-19
0.59	6.18235e-19
0.591	4.85622e-19
0.592	8.06758e-19
0.593	3.65953e-19
0.594	5.82777e-19
0.595	6.07605e-19
0.596	4.54236e-19
0.597	1.10185e-18
0.598	5.49225e-19
0.599	7.91146e-19
0.6	1.01761e-18
0.601	6.81577e-19
0.602	1.24379e-18
0.603	1.24324e-18
0.604	6.32379e-19
0.605	1.25696e-18
0.606	8.17855e-19
0.607	8.94557e-19
0.608	1.09743e-18
0.609	7.76417e-19
0.61	8.09052e-19
0.611	1.04648e-18
0.612	7.38957e-19
0.613	8.02693e-19
0.614	8.03872e-19
0.615	6.3053e-19
0.616	7.29022e-19
0.617	7.39778e-19
0.618	5.0148e-19
0.619	7.96544e-19
0.62	3.79588e-19
0.621	6.20363e-19
0.622	6.80953e-19
0.623	6.22686e-19
0.624	7.64524e-19
0.625	9.9171e-19
0.626	6.80235e-19
0.627	7.51753e-19
0.628	1.35671e-18
0.629	7.67251e-19
0.63	8.36776e-19
0.631	8.90112e-19
0.632	7.58708e-19
0.633	1.1093e-18
0.634	8.55407e-19
0.635	8.27273e-19
0.636	1.06993e-18
0.637	8.06527e-19
0.638	9.40849e-19
0.639	1.15635e-18
0.64	8.40349e-19
0.641	1.13859e-18
0.642	8.75095e-19
0.643	7.56115e-19
0.644	8.80983e-19
0.645	9.85989e-19
0.646	5.68229e-19
0.647	8.1065e-19
0.648	5.95285e-19
0.649	4.17525e-19
0.65	1.0784e-18
0.651	3.34015e-19
0.652	7.46852e-19
0.653	8.28267e-19
0.654	7.08135e-19
0.655	9.86179e-19
0.656	6.35048e-19
0.657	6.22686e-19
0.658	5.57959e-19
0.659	4.50527e-19
0.66	5.96756e-19
0.661	8.03524e-19
0.662	7.38671e-19
0.663	7.19431e-19
0.664	7.35003e-19
0.665	5.31741e-19
0.666	6.91357e-19
0.667	5.15623e-19
0.668	5.85499e-19
0.669	5.55145e-19
0.67	5.20003e-19
0.671	3.73064e-19
0.672	5.17268e-19
0.673	6.49985e-19
0.674	4.40441e-19
0.675	4.96009e-19
0.676	6.65712e-19
0.677	4.54477e-19
0.678	6.02819e-19
0.679	5.29007e-19
0.68	4.94875e-19
0.681	7.4124e-19
0.682	7.65671e-19
0.683	9.57718e-19
0.684	8.60928e-19
0.685	8.11843e-19
0.686	7.8166e-19
0.687	5.99491e-19
0.688	6.30285e-19
0.689	6.95646e-19
0.69	5.99741e-19
0.691	5.98883e-19
0.692	7.27307e-19
0.693	6.43368e-19
0.694	5.07087e-19
0.695	3.9157e-19
0.696	3.70318e-19
0.697	2.23176e-19
0.698	2.92507e-19
0.699	3.55806e-19
0.7	5.07802e-19
0.701	5.9231e-19
0.702	5.28149e-19
0.703	6.19677e-19
0.704	6.52611e-19
0.705	7.36939e-19
0.706	6.69316e-19
0.707	7.93262e-19
0.708	7.36205e-19
0.709	8.45257e-19
0.71	8.94651e-19
0.711	7.85617e-19
0.712	8.90583e-19
0.713	7.76877e-19
0.714	6.37961e-19
0.715	6.16674e-19
0.716	5.07616e-19
0.717	4.02766e-19
0.718	3.70353e-19
0.719	3.63049e-19
0.72	5.1938e-19
0.721	3.73966e-19
0.722	6.25748e-19
0.723	6.532e-19
0.724	4.37989e-19
0.725	7.32185e-19
0.726	7.02447e-19
0.727	4.70455e-19
0.728	9.12523e-19
0.729	7.24934e-19
0.73	6.87629e-19
0.731	8.47516e-19
0.732	7.47559e-19
0.733	7.12998e-19
0.734	9.67579e-19
0.735	6.88664e-19
0.736	6.53966e-19
0.737	1.14638e-18
0.738	5.35578e-19
0.739	6.73846e-19
0.74	5.16001e-19
0.741	4.86589e-19
0.742	4.59491e-19
0.743	5.83707e-19
0.744	3.04909e-19
0.745	4.13674e-19
0.746	5.06351e-19
0.747	4.89915e-19
0.748	5.13214e-19
0.749	5.50907e-19
0.75	4.02192e-19
0.751	4.06399e-19
0.752	2.74746e-19
0.753	2.50053e-19
0.754	4.75386e-19
0.755	3.59505e-19
0.756	3.9611e-19
0.757	5.36945e-19
0.758	5.22104e-19
0.759	6.85435e-19
0.76	6.92372e-19
0.761	8.00996e-19
0.762	6.76988e-19
0.763	5.27494e-19
0.764	5.20136e-19
0.765	5.92179e-19
0.766	7.35137e-19
0.767	4.37708e-19
0.768	6.22247e-19
0.769	6.9145e-19
0.77	5.54464e-19
0.771	7.66688e-19
0.772	6.02285e-19
0.773	6.1807e-19
0.774	7.61664e-19
0.775	7.10913e-19
0.776	6.43446e-19
0.777	6.09298e-19
0.778	8.36284e-19
0.779	4.40972e-19
0.78	5.8175e-19
0.781	9.08167e-19
0.782	5.64366e-19
0.783	7.28088e-19
0.784	6.5269e-19
0.785	4.26961e-19
0.786	3.40582e-19
0.787	4.77123e-19
0.788	1.94616e-19
0.789	2.43811e-19
0.79	2.00381e-19
0.791	4.59921e-19
0.792	6.04398e-19
0.793	8.07565e-19
0.794	7.11999e-19
0.795	7.50141e-19
0.796	6.67639e-19
0.797	5.32709e-19
0.798	5.85907e-19
0.799	5.89569e-19
0.8	6.15826e-19
0.801	5.44236e-19
0.802	8.01592e-19
0.803	7.77298e-19
0.804	6.90518e-19
0.805	6.73921e-19
0.806	5.54527e-19
0.807	7.9625e-19
0.808	6.58768e-19
0.809	9.32646e-19
0.81	7.29777e-19
0.811	7.24755e-19
0.812	8.6096e-19
0.813	4.25177e-19
0.814	3.95902e-19
0.815	4.8851e-19
0.816	3.88274e-19
0.817	4.45359e-19
0.818	3.77016e-19
0.819	3.85155e-19
0.82	4.91065e-19
0.821	5.47342e-19
0.822	4.79023e-19
0.823	4.15964e-19
0.824	4.63961e-19
0.825	4.54667e-19
0.826	4.78243e-19
0.827	3.53603e-19
0.828	3.24536e-19
0.829	3.34294e-19
0.83	3.04693e-19
0.831	4.6489e-19
0.832	6.26827e-19
0.833	5.88966e-19
0.834	4.83018e-19
0.835	3.99599e-19
0.836	2.53725e-19
0.837	2.80981e-19
0.838	3.09869e-19
0.839	2.62061e-19
0.84	2.91539e-19
0.841	4.09858e-19
0.842	3.74365e-19
0.843	3.60987e-19
0.844	4.24814e-19
0.845	3.71571e-19
0.846	3.71475e-19
0.847	2.9432e-19
0.848	3.07843e-19
0.849	4.12671e-19
0.85	2.89705e-19
0.851	4.05607e-19
0.852	3.79585e-19
0.853	3.06193e-19
0.854	3.99686e-19
0.855	3.89293e-19
0.856	3.9361e-19
0.857	3.48756e-19
0.858	4.79644e-19
0.859	5.62509e-19
0.86	5.42929e-19
0.861	3.20639e-19
0.862	4.07582e-19
0.863	2.16716e-19
0.864	3.27351e-19
0.865	3.43589e-19
0.866	3.67532e-19
0.867	4.6251e-19
0.868	3.61193e-19
0.869	4.0467e-19
0.87	4.52791e-19
0.871	4.54735e-19
0.872	5.09921e-19
0.873	3.76236e-19
0.874	4.17335e-19
0.875	3.9968e-19
0.876	5.30486e-19
0.877	3.01376e-19
0.878	5.84196e-19
0.879	4.7087e-19
0.88	3.91327e-19
0.881	3.22265e-19
0.882	5.21587e-19
0.883	2.97093e-19
0.884	3.83716e-19
0.885	3.34093e-19
0.886	4.68598e-19
0.887	4.62385e-19
0.888	4.54277e-19
0.889	4.90321e-19
0.89	5.46684e-19
0.891	3.24505e-19
0.892	5.38603e-19
0.893	4.277e-19
0.894	2.91934e-19
0.895	5.01938e-19
0.896	4.40954e-19
0.897	3.22173e-19
0.898	4.246e-19
0.899	6.54636e-19
0.9	3.142e-19
0.901	5.58083e-19
0.902	5.08721e-19
0.903	4.47587e-19
0.904	6.57191e-19
0.905	4.99943e-19
0.906	3.07756e-19
0.907	5.55706e-19
0.908	5.48675e-19
0.909	3.93798e-19
0.91	5.83213e-19
0.911	5.36689e-19
0.912	6.30549e-19
0.913	6.38698e-19
0.914	7.0298e-19
0.915	5.93915e-19
0.916	9.04831e-19
0.917	7.64235e-19
0.918	6.08302e-19
0.919	1.29145e-18
0.92	8.25598e-19
0.921	7.85453e-19
0.922	1.16693e-18
0.923	4.9918e-19
0.924	8.48667e-19
0.925	9.40018e-19
0.926	4.55674e-19
0.927	6.48494e-19
0.928	9.85122e-19
0.929	4.54214e-19
0.93	9.20395e-19
0.931	6.02137e-19
0.932	3.42562e-19
0.933	1.20909e-18
0.934	5.20609e-19
0.935	6.00488e-19
0.936	1.14465e-18
0.937	4.89936e-19
0.938	5.7899e-19
0.939	1.20157e-18
0.94	3.64272e-19
0.941	4.43016e-19
0.942	1.11372e-18
0.943	2.64983e-19
0.944	4.5323e-19
0.945	5.15695e-19
0.946	3.95959e-19
0.947	7.97399e-19
0.948	7.19325e-19
0.949	3.83788e-19
0.95	8.34334e-19
0.951	8.51986e-19
0.952	3.51049e-19
0.953	7.30087e-19
0.954	7.62435e-19
0.955	3.67166e-19
0.956	8.26881e-19
0.957	5.52025e-19
0.958	2.53842e-19
0.959	5.43068e-19
0.96	5.23012e-19
0.961	4.00426e-19
0.962	4.6829e-19
0.963	6.76314e-19
0.964	4.27009e-19
0.965	6.64462e-19
0.966	3.75781e-19
0.967	5.01846e-19
0.968	4.21498e-19
0.969	5.77973e-19
0.97	5.27218e-19
0.971	4.84673e-19
0.972	4.22303e-19
0.973	5.20987e-19
0.974	5.11895e-19
0.975	7.23969e-19
0.976	5.31739e-19
0.977	5.9545e-19
0.978	5.64622e-19
0.979	5.1281e-19
0.98	4.97956e-19
0.981	6.85602e-19
0.982	7.31571e-19
0.983	6.24766e-19
0.984	7.83114e-19
0.985	9.36165e-19
0.986	5.16123e-19
0.987	8.41395e-19
0.988	7.64209e-19
0.989	4.21522e-19
0.99	5.48655e-19
0.991	7.65598e-19
0.992	4.30473e-19
0.993	5.071e-19
0.994	5.98268e-19
0.995	4.45989e-19
0.996	5.01248e-19
0.997	2.9836e-19
0.998	3.5577e-19
0.999	3.67905e-19
1	0
