0	0
0.001	1.09709e+12
0.002	3.14058e+12
0.003	4.46429e+12
0.004	4.89374e+12
0.005	4.90311e+12
0.006	4.80163e+12
0.007	4.68157e+12
0.008	4.5617e+12
0.009	4.44577e+12
0.01	4.33149e+12
0.011	4.22191e+12
0.012	4.11375e+12
0.013	4.00968e+12
0.014	3.90771e+12
0.015	3.8086e+12
0.016	3.71254e+12
0.017	3.61824e+12
0.018	3.52745e+12
0.019	3.43812e+12
0.02	3.35189e+12
0.021	3.2676e+12
0.022	3.18548e+12
0.023	3.10596e+12
0.024	3.02789e+12
0.025	2.9526e+12
0.026	2.8787e+12
0.027	2.80707e+12
0.028	2.73734e+12
0.029	2.66913e+12
0.03	2.60322e+12
0.031	2.53848e+12
0.032	2.47588e+12
0.033	2.41472e+12
0.034	2.35506e+12
0.035	2.2973e+12
0.036	2.24057e+12
0.037	2.18577e+12
0.038	2.1321e+12
0.039	2.07986e+12
0.04	2.0292e+12
0.041	1.97946e+12
0.042	1.93141e+12
0.043	1.88433e+12
0.044	1.83851e+12
0.045	1.79405e+12
0.046	1.7504e+12
0.047	1.70823e+12
0.048	1.6669e+12
0.049	1.62666e+12
0.05	1.58763e+12
0.051	1.54928e+12
0.052	1.51222e+12
0.053	1.47593e+12
0.054	1.44053e+12
0.055	1.40625e+12
0.056	1.37254e+12
0.057	1.33992e+12
0.058	1.30806e+12
0.059	1.27688e+12
0.06	1.24674e+12
0.061	1.2171e+12
0.062	1.18834e+12
0.063	1.16036e+12
0.064	1.13287e+12
0.065	1.10632e+12
0.066	1.08027e+12
0.067	1.05487e+12
0.068	1.03027e+12
0.069	1.00605e+12
0.07	9.826e+11
0.071	9.59726e+11
0.072	9.37262e+11
0.073	9.15585e+11
0.074	8.94279e+11
0.075	8.73505e+11
0.076	8.53398e+11
0.077	8.33571e+11
0.078	8.14375e+11
0.079	7.95669e+11
0.08	7.77259e+11
0.081	7.59502e+11
0.082	7.42072e+11
0.083	7.25013e+11
0.084	7.08548e+11
0.085	6.92308e+11
0.086	6.76519e+11
0.087	6.61216e+11
0.088	6.46099e+11
0.089	6.31485e+11
0.09	6.17235e+11
0.091	6.03184e+11
0.092	5.89644e+11
0.093	5.7636e+11
0.094	5.63315e+11
0.095	5.50751e+11
0.096	5.38366e+11
0.097	5.26262e+11
0.098	5.14588e+11
0.099	5.03042e+11
0.1	4.91812e+11
0.101	4.80951e+11
0.102	4.70192e+11
0.103	4.5977e+11
0.104	4.49658e+11
0.105	4.39635e+11
0.106	4.29957e+11
0.107	4.20536e+11
0.108	4.11201e+11
0.109	4.02208e+11
0.11	3.93428e+11
0.111	3.84733e+11
0.112	3.76372e+11
0.113	3.68188e+11
0.114	3.60089e+11
0.115	3.52308e+11
0.116	3.44681e+11
0.117	3.37133e+11
0.118	3.29889e+11
0.119	3.22781e+11
0.12	3.15744e+11
0.121	3.08995e+11
0.122	3.02373e+11
0.123	2.9581e+11
0.124	2.89516e+11
0.125	2.83349e+11
0.126	2.77224e+11
0.127	2.71351e+11
0.128	2.65608e+11
0.129	2.59892e+11
0.13	2.54406e+11
0.131	2.4906e+11
0.132	2.43725e+11
0.133	2.38593e+11
0.134	2.33617e+11
0.135	2.28641e+11
0.136	2.23834e+11
0.137	2.192e+11
0.138	2.14563e+11
0.139	2.10055e+11
0.14	2.05735e+11
0.141	2.0142e+11
0.142	1.97188e+11
0.143	1.93154e+11
0.144	1.89146e+11
0.145	1.85174e+11
0.146	1.81394e+11
0.147	1.77675e+11
0.148	1.73955e+11
0.149	1.70399e+11
0.15	1.66949e+11
0.151	1.63476e+11
0.152	1.60121e+11
0.153	1.5691e+11
0.154	1.53684e+11
0.155	1.50516e+11
0.156	1.47511e+11
0.157	1.44526e+11
0.158	1.41542e+11
0.159	1.38709e+11
0.16	1.3595e+11
0.161	1.3316e+11
0.162	1.30471e+11
0.163	1.27908e+11
0.164	1.25324e+11
0.165	1.22771e+11
0.166	1.20362e+11
0.167	1.17984e+11
0.168	1.15581e+11
0.169	1.13289e+11
0.17	1.11092e+11
0.171	1.08863e+11
0.172	1.06672e+11
0.173	1.04612e+11
0.174	1.02568e+11
0.175	1.00497e+11
0.176	9.85282e+10
0.177	9.66463e+10
0.178	9.47294e+10
0.179	9.28382e+10
0.18	9.10669e+10
0.181	8.93183e+10
0.182	8.75332e+10
0.183	8.58258e+10
0.184	8.42134e+10
0.185	8.25762e+10
0.186	8.09335e+10
0.187	7.93953e+10
0.188	7.79081e+10
0.189	7.63776e+10
0.19	7.48804e+10
0.191	7.34875e+10
0.192	7.21041e+10
0.193	7.06818e+10
0.194	6.93234e+10
0.195	6.80525e+10
0.196	6.67617e+10
0.197	6.54478e+10
0.198	6.42154e+10
0.199	6.30482e+10
0.2	6.18448e+10
0.201	6.06356e+10
0.202	5.95146e+10
0.203	5.84387e+10
0.204	5.73195e+10
0.205	5.62078e+10
0.206	5.51843e+10
0.207	5.41916e+10
0.208	5.31533e+10
0.209	5.213e+10
0.21	5.11923e+10
0.211	5.02773e+10
0.212	4.93164e+10
0.213	4.83717e+10
0.214	4.75094e+10
0.215	4.66681e+10
0.216	4.5781e+10
0.217	4.49057e+10
0.218	4.41093e+10
0.219	4.33381e+10
0.22	4.25221e+10
0.221	4.17082e+10
0.222	4.09682e+10
0.223	4.02629e+10
0.224	3.95165e+10
0.225	3.8758e+10
0.226	3.8065e+10
0.227	3.74194e+10
0.228	3.67421e+10
0.229	3.60367e+10
0.23	3.53813e+10
0.231	3.47865e+10
0.232	3.41773e+10
0.233	3.3527e+10
0.234	3.29026e+10
0.235	3.23457e+10
0.236	3.18004e+10
0.237	3.12111e+10
0.238	3.0617e+10
0.239	3.00835e+10
0.24	2.95908e+10
0.241	2.90685e+10
0.242	2.85133e+10
0.243	2.79927e+10
0.244	2.75326e+10
0.245	2.70757e+10
0.246	2.65752e+10
0.247	2.60698e+10
0.248	2.56196e+10
0.249	2.52107e+10
0.25	2.47779e+10
0.251	2.43073e+10
0.252	2.38563e+10
0.253	2.34639e+10
0.254	2.30914e+10
0.255	2.26822e+10
0.256	2.22469e+10
0.257	2.18458e+10
0.258	2.14987e+10
0.259	2.11565e+10
0.26	2.07737e+10
0.261	2.03738e+10
0.262	2.0014e+10
0.263	1.97032e+10
0.264	1.93903e+10
0.265	1.90367e+10
0.266	1.86689e+10
0.267	1.83409e+10
0.268	1.80599e+10
0.269	1.77775e+10
0.27	1.74554e+10
0.271	1.71157e+10
0.272	1.68103e+10
0.273	1.6553e+10
0.274	1.6302e+10
0.275	1.60146e+10
0.276	1.57012e+10
0.277	1.54105e+10
0.278	1.51686e+10
0.279	1.49469e+10
0.28	1.46983e+10
0.281	1.44142e+10
0.282	1.41338e+10
0.283	1.38965e+10
0.284	1.36958e+10
0.285	1.34876e+10
0.286	1.32418e+10
0.287	1.29759e+10
0.288	1.27341e+10
0.289	1.25375e+10
0.29	1.23613e+10
0.291	1.2163e+10
0.292	1.19282e+10
0.293	1.16854e+10
0.294	1.14748e+10
0.295	1.13059e+10
0.296	1.11488e+10
0.297	1.09652e+10
0.298	1.07472e+10
0.299	1.05244e+10
0.3	1.03336e+10
0.301	1.0183e+10
0.302	1.00449e+10
0.303	9.88292e+09
0.304	9.68618e+09
0.305	9.47862e+09
0.306	9.29612e+09
0.307	9.15387e+09
0.308	9.03337e+09
0.309	8.89957e+09
0.31	8.73157e+09
0.311	8.54007e+09
0.312	8.35734e+09
0.313	8.20982e+09
0.314	8.09658e+09
0.315	7.99085e+09
0.316	7.86203e+09
0.317	7.69976e+09
0.318	7.52122e+09
0.319	7.35723e+09
0.32	7.22869e+09
0.321	7.13147e+09
0.322	7.04016e+09
0.323	6.92688e+09
0.324	6.78084e+09
0.325	6.61528e+09
0.326	6.45757e+09
0.327	6.33051e+09
0.328	6.23745e+09
0.329	6.16082e+09
0.33	6.07392e+09
0.331	5.95781e+09
0.332	5.81255e+09
0.333	5.65647e+09
0.334	5.51467e+09
0.335	5.40438e+09
0.336	5.32546e+09
0.337	5.26119e+09
0.338	5.18789e+09
0.339	5.08773e+09
0.34	4.95769e+09
0.341	4.81049e+09
0.342	4.66758e+09
0.343	4.54845e+09
0.344	4.46141e+09
0.345	4.40033e+09
0.346	4.34797e+09
0.347	4.28403e+09
0.348	4.19397e+09
0.349	4.07471e+09
0.35	3.93533e+09
0.351	3.79286e+09
0.352	3.66543e+09
0.353	3.5654e+09
0.354	3.49531e+09
0.355	3.44747e+09
0.356	3.40712e+09
0.357	3.35762e+09
0.358	3.28575e+09
0.359	3.18553e+09
0.36	3.05942e+09
0.361	2.91714e+09
0.362	2.7725e+09
0.363	2.63953e+09
0.364	2.52902e+09
0.365	2.44617e+09
0.366	2.38983e+09
0.367	2.35326e+09
0.368	2.32595e+09
0.369	2.29592e+09
0.37	2.25206e+09
0.371	2.18586e+09
0.372	2.0925e+09
0.373	1.97112e+09
0.374	1.82442e+09
0.375	1.65784e+09
0.376	1.47844e+09
0.377	1.29389e+09
0.378	1.11149e+09
0.379	9.3748e+08
0.38	7.76698e+08
0.381	6.32377e+08
0.382	5.06226e+08
0.383	3.98631e+08
0.384	3.08934e+08
0.385	2.35743e+08
0.386	1.77209e+08
0.387	1.3128e+08
0.388	9.58867e+07
0.389	6.90782e+07
0.39	4.91033e+07
0.391	3.44527e+07
0.392	2.38686e+07
0.393	1.63329e+07
0.394	1.10425e+07
0.395	7.3784e+06
0.396	4.87385e+06
0.397	3.18354e+06
0.398	2.05677e+06
0.399	1.31463e+06
0.4	831504
0.401	520546
0.402	322612
0.403	197977
0.404	120321
0.405	72434.7
0.406	43201.8
0.407	25531.7
0.408	14953.9
0.409	8681.36
0.41	4996.3
0.411	2851.01
0.412	1613.24
0.413	905.329
0.414	503.939
0.415	278.271
0.416	152.45
0.417	82.8723
0.418	44.7056
0.419	23.935
0.42	12.7195
0.421	6.70988
0.422	3.51409
0.423	1.82729
0.424	0.943489
0.425	0.483775
0.426	0.246357
0.427	0.124606
0.428	0.0626042
0.429	0.0312459
0.43	0.0154933
0.431	0.0076329
0.432	0.00373649
0.433	0.0018176
0.434	0.000878665
0.435	0.000422156
0.436	0.000201593
0.437	9.56887e-05
0.438	4.515e-05
0.439	2.11785e-05
0.44	9.87645e-06
0.441	4.57932e-06
0.442	2.11117e-06
0.443	9.67813e-07
0.444	4.41198e-07
0.445	2.0002e-07
0.446	9.0185e-08
0.447	4.04429e-08
0.448	1.80392e-08
0.449	8.00364e-09
0.45	3.5324e-09
0.451	1.55093e-09
0.452	6.77446e-10
0.453	2.94397e-10
0.454	1.27291e-10
0.455	5.47634e-11
0.456	2.3444e-11
0.457	9.98696e-12
0.458	4.23391e-12
0.459	1.78626e-12
0.46	7.49832e-13
0.461	3.13343e-13
0.462	1.30367e-13
0.463	5.39784e-14
0.464	2.22577e-14
0.465	9.14906e-15
0.466	3.73797e-15
0.467	1.52114e-15
0.468	6.18148e-16
0.469	2.49061e-16
0.47	9.93525e-17
0.471	4.00449e-17
0.472	1.79332e-17
0.473	9.63979e-18
0.474	7.2402e-18
0.475	4.90126e-18
0.476	4.85919e-18
0.477	4.39972e-18
0.478	4.60406e-18
0.479	5.3579e-18
0.48	3.53955e-18
0.481	5.78068e-18
0.482	4.00635e-18
0.483	3.71105e-18
0.484	5.41571e-18
0.485	3.24197e-18
0.486	5.55721e-18
0.487	3.56317e-18
0.488	4.11195e-18
0.489	4.09923e-18
0.49	3.46453e-18
0.491	6.1712e-18
0.492	3.14988e-18
0.493	1.93982e-18
0.494	2.03077e-18
0.495	1.51217e-18
0.496	2.26877e-18
0.497	3.2264e-18
0.498	1.92508e-18
0.499	3.87077e-18
0.5	4.33228e-18
0.501	2.43951e-18
0.502	4.33436e-18
0.503	2.67623e-18
0.504	4.26073e-18
0.505	4.6681e-18
0.506	2.14824e-18
0.507	2.6372e-18
0.508	1.79314e-18
0.509	2.67621e-18
0.51	3.92774e-18
0.511	1.92034e-18
0.512	4.09762e-18
0.513	2.25783e-18
0.514	1.53477e-18
0.515	3.50268e-18
0.516	1.27212e-18
0.517	3.97325e-18
0.518	3.5221e-18
0.519	1.73082e-18
0.52	4.06096e-18
0.521	1.67135e-18
0.522	1.15413e-18
0.523	1.8176e-18
0.524	1.0688e-18
0.525	1.43571e-18
0.526	1.51423e-18
0.527	1.20563e-18
0.528	1.34597e-18
0.529	1.54643e-18
0.53	1.6221e-18
0.531	1.30305e-18
0.532	1.20255e-18
0.533	1.63304e-18
0.534	1.15229e-18
0.535	1.20406e-18
0.536	1.4923e-18
0.537	1.99836e-18
0.538	2.81423e-18
0.539	1.90569e-18
0.54	2.41296e-18
0.541	2.12223e-18
0.542	4.46033e-18
0.543	4.04809e-18
0.544	1.61237e-18
0.545	4.78308e-18
0.546	2.97911e-18
0.547	2.40142e-18
0.548	3.70446e-18
0.549	3.65242e-18
0.55	8.06056e-18
0.551	5.40033e-18
0.552	3.56569e-18
0.553	3.11368e-18
0.554	1.92091e-18
0.555	2.47932e-18
0.556	2.26455e-18
0.557	9.25335e-19
0.558	2.28264e-18
0.559	3.67711e-18
0.56	1.99118e-18
0.561	2.79456e-18
0.562	2.92556e-18
0.563	2.78907e-18
0.564	7.1834e-18
0.565	4.94392e-18
0.566	2.35933e-18
0.567	4.40543e-18
0.568	2.33886e-18
0.569	4.5046e-18
0.57	5.89839e-18
0.571	2.12683e-18
0.572	3.33045e-18
0.573	3.14011e-18
0.574	3.22464e-18
0.575	5.63901e-18
0.576	2.42278e-18
0.577	1.96001e-18
0.578	2.64608e-18
0.579	1.2938e-18
0.58	3.77382e-18
0.581	3.87933e-18
0.582	2.19686e-18
0.583	3.61624e-18
0.584	2.1513e-18
0.585	1.30888e-18
0.586	3.44912e-18
0.587	1.65092e-18
0.588	1.71074e-18
0.589	1.97467e-18
0.59	8.68739e-19
0.591	2.97554e-18
0.592	2.70968e-18
0.593	1.54344e-18
0.594	4.63936e-18
0.595	2.23396e-18
0.596	1.70025e-18
0.597	5.45488e-18
0.598	2.64635e-18
0.599	1.68112e-18
0.6	4.68552e-18
0.601	1.63188e-18
0.602	2.51692e-18
0.603	4.18206e-18
0.604	1.53004e-18
0.605	1.55818e-18
0.606	2.08384e-18
0.607	1.34763e-18
0.608	4.28088e-18
0.609	3.14406e-18
0.61	1.82236e-18
0.611	3.78696e-18
0.612	1.65333e-18
0.613	3.22266e-18
0.614	5.61863e-18
0.615	1.13026e-18
0.616	4.80915e-18
0.617	4.22244e-18
0.618	1.25651e-18
0.619	5.25795e-18
0.62	4.00118e-18
0.621	1.00687e-18
0.622	2.62674e-18
0.623	2.43027e-18
0.624	1.22035e-18
0.625	2.62263e-18
0.626	1.53707e-18
0.627	1.74753e-18
0.628	3.0701e-18
0.629	1.45404e-18
0.63	3.05415e-18
0.631	2.08969e-18
0.632	1.1233e-18
0.633	4.40705e-18
0.634	3.7042e-18
0.635	1.42423e-18
0.636	5.28926e-18
0.637	3.26411e-18
0.638	2.0215e-18
0.639	4.87919e-18
0.64	2.48991e-18
0.641	1.82551e-18
0.642	1.31838e-18
0.643	2.00496e-18
0.644	2.88323e-18
0.645	1.36648e-18
0.646	1.40853e-18
0.647	2.14309e-18
0.648	9.00412e-19
0.649	1.96351e-18
0.65	2.40959e-18
0.651	9.03622e-19
0.652	2.47051e-18
0.653	2.23464e-18
0.654	1.49735e-18
0.655	1.32277e-18
0.656	1.62804e-18
0.657	1.08845e-18
0.658	9.60144e-19
0.659	1.4641e-18
0.66	1.17416e-18
0.661	1.25431e-18
0.662	1.92996e-18
0.663	1.31235e-18
0.664	1.35315e-18
0.665	1.06959e-18
0.666	2.02245e-18
0.667	1.38435e-18
0.668	1.0067e-18
0.669	1.22635e-18
0.67	1.38561e-18
0.671	8.82104e-19
0.672	1.27147e-18
0.673	1.01717e-18
0.674	1.42841e-18
0.675	1.32846e-18
0.676	1.54017e-18
0.677	9.54491e-19
0.678	1.31729e-18
0.679	1.48743e-18
0.68	1.2828e-18
0.681	1.28463e-18
0.682	1.80002e-18
0.683	1.43982e-18
0.684	2.3935e-18
0.685	1.85099e-18
0.686	1.48887e-18
0.687	2.80927e-18
0.688	1.9435e-18
0.689	2.20285e-18
0.69	3.00665e-18
0.691	1.46848e-18
0.692	1.69986e-18
0.693	1.79838e-18
0.694	7.4467e-19
0.695	1.29064e-18
0.696	1.29734e-18
0.697	8.57079e-19
0.698	1.76786e-18
0.699	1.16269e-18
0.7	8.66918e-19
0.701	2.21241e-18
0.702	1.6582e-18
0.703	1.1082e-18
0.704	3.14073e-18
0.705	1.62831e-18
0.706	1.76541e-18
0.707	3.40495e-18
0.708	1.71564e-18
0.709	3.6728e-18
0.71	4.48841e-18
0.711	1.57895e-18
0.712	2.60944e-18
0.713	3.5703e-18
0.714	1.15303e-18
0.715	2.55842e-18
0.716	1.81342e-18
0.717	9.46751e-19
0.718	1.45432e-18
0.719	1.59813e-18
0.72	7.17231e-19
0.721	1.43122e-18
0.722	1.42989e-18
0.723	8.0839e-19
0.724	1.43588e-18
0.725	2.41575e-18
0.726	1.13144e-18
0.727	1.01527e-18
0.728	2.32936e-18
0.729	1.61529e-18
0.73	1.27872e-18
0.731	3.3751e-18
0.732	1.55537e-18
0.733	1.21837e-18
0.734	3.97162e-18
0.735	1.46406e-18
0.736	1.93271e-18
0.737	5.67926e-18
0.738	1.43602e-18
0.739	2.73169e-18
0.74	4.37115e-18
0.741	1.1179e-18
0.742	2.90707e-18
0.743	3.48847e-18
0.744	1.03448e-18
0.745	2.68189e-18
0.746	2.7135e-18
0.747	8.77189e-19
0.748	3.84021e-18
0.749	2.82926e-18
0.75	1.18971e-18
0.751	2.90214e-18
0.752	2.9471e-18
0.753	9.35671e-19
0.754	2.18108e-18
0.755	3.0386e-18
0.756	9.86673e-19
0.757	1.71797e-18
0.758	2.88681e-18
0.759	9.93886e-19
0.76	2.19815e-18
0.761	2.52296e-18
0.762	1.3136e-18
0.763	2.83771e-18
0.764	2.17894e-18
0.765	2.27739e-18
0.766	2.61991e-18
0.767	1.87963e-18
0.768	2.64012e-18
0.769	3.4376e-18
0.77	1.70868e-18
0.771	1.50927e-18
0.772	2.91368e-18
0.773	2.65703e-18
0.774	1.07496e-18
0.775	3.22081e-18
0.776	1.93719e-18
0.777	9.07637e-19
0.778	1.6849e-18
0.779	1.39614e-18
0.78	1.42547e-18
0.781	1.46617e-18
0.782	9.19168e-19
0.783	2.18103e-18
0.784	1.10995e-18
0.785	7.27555e-19
0.786	1.7764e-18
0.787	1.5665e-18
0.788	6.89843e-19
0.789	9.19934e-19
0.79	1.1036e-18
0.791	1.0184e-18
0.792	1.01194e-18
0.793	1.00045e-18
0.794	1.44318e-18
0.795	1.09704e-18
0.796	1.40229e-18
0.797	1.02163e-18
0.798	9.69359e-19
0.799	1.20386e-18
0.8	1.28342e-18
0.801	1.21821e-18
0.802	1.64705e-18
0.803	1.43049e-18
0.804	1.24312e-18
0.805	1.89538e-18
0.806	1.21881e-18
0.807	1.16195e-18
0.808	2.38088e-18
0.809	2.01398e-18
0.81	1.6607e-18
0.811	1.81299e-18
0.812	2.16143e-18
0.813	1.10731e-18
0.814	1.0038e-18
0.815	6.33614e-19
0.816	8.99078e-19
0.817	9.23027e-19
0.818	8.87914e-19
0.819	1.03036e-18
0.82	1.01402e-18
0.821	9.92574e-19
0.822	8.54452e-19
0.823	8.81631e-19
0.824	1.38005e-18
0.825	9.70286e-19
0.826	1.77857e-18
0.827	1.22486e-18
0.828	1.07374e-18
0.829	8.75489e-19
0.83	6.08796e-19
0.831	9.90919e-19
0.832	1.20146e-18
0.833	1.74366e-18
0.834	8.56247e-19
0.835	9.74063e-19
0.836	8.51909e-19
0.837	6.75962e-19
0.838	6.28654e-19
0.839	5.33602e-19
0.84	1.209e-18
0.841	1.16047e-18
0.842	8.62346e-19
0.843	1.3306e-18
0.844	1.19088e-18
0.845	1.1823e-18
0.846	1.37202e-18
0.847	8.55647e-19
0.848	8.12884e-19
0.849	1.30842e-18
0.85	1.72132e-18
0.851	9.85799e-19
0.852	7.77362e-19
0.853	1.11836e-18
0.854	1.56826e-18
0.855	9.74195e-19
0.856	8.34477e-19
0.857	6.61814e-19
0.858	9.82733e-19
0.859	1.06432e-18
0.86	1.04076e-18
0.861	8.18649e-19
0.862	1.45287e-18
0.863	1.15796e-18
0.864	9.67421e-19
0.865	2.22101e-18
0.866	1.83231e-18
0.867	9.41977e-19
0.868	2.80891e-18
0.869	1.82598e-18
0.87	8.47345e-19
0.871	1.28453e-18
0.872	1.24481e-18
0.873	9.81799e-19
0.874	1.27099e-18
0.875	1.19051e-18
0.876	1.02495e-18
0.877	1.00094e-18
0.878	1.00601e-18
0.879	1.0555e-18
0.88	1.00917e-18
0.881	1.21163e-18
0.882	1.00583e-18
0.883	1.74048e-18
0.884	1.9209e-18
0.885	8.3582e-19
0.886	1.69701e-18
0.887	1.55241e-18
0.888	1.18236e-18
0.889	1.5458e-18
0.89	1.34578e-18
0.891	1.22125e-18
0.892	8.53502e-19
0.893	1.23311e-18
0.894	1.33938e-18
0.895	1.26798e-18
0.896	1.07949e-18
0.897	1.00063e-18
0.898	1.61644e-18
0.899	1.11928e-18
0.9	7.54189e-19
0.901	1.71272e-18
0.902	2.10614e-18
0.903	9.41375e-19
0.904	1.72117e-18
0.905	1.53622e-18
0.906	7.91157e-19
0.907	1.49505e-18
0.908	1.67876e-18
0.909	1.15722e-18
0.91	2.03657e-18
0.911	7.83866e-19
0.912	2.47544e-18
0.913	2.29974e-18
0.914	1.4994e-18
0.915	3.72536e-18
0.916	3.49282e-18
0.917	1.23408e-18
0.918	1.93032e-18
0.919	1.97871e-18
0.92	1.29943e-18
0.921	1.32633e-18
0.922	1.08378e-18
0.923	9.58091e-19
0.924	7.18422e-19
0.925	9.09472e-19
0.926	1.30314e-18
0.927	1.09149e-18
0.928	1.06624e-18
0.929	1.00292e-18
0.93	1.25708e-18
0.931	9.2149e-19
0.932	8.10785e-19
0.933	1.67879e-18
0.934	1.15542e-18
0.935	8.99425e-19
0.936	1.33789e-18
0.937	8.14498e-19
0.938	9.7089e-19
0.939	1.82691e-18
0.94	9.26065e-19
0.941	1.34995e-18
0.942	1.88028e-18
0.943	5.36362e-19
0.944	1.12683e-18
0.945	2.14185e-18
0.946	1.09927e-18
0.947	1.55651e-18
0.948	1.60366e-18
0.949	8.36277e-19
0.95	1.53044e-18
0.951	1.35282e-18
0.952	7.72345e-19
0.953	1.20476e-18
0.954	1.25296e-18
0.955	8.50994e-19
0.956	1.32433e-18
0.957	1.24384e-18
0.958	9.58574e-19
0.959	1.38101e-18
0.96	2.2579e-18
0.961	1.02195e-18
0.962	1.45429e-18
0.963	1.93608e-18
0.964	1.86583e-18
0.965	1.42693e-18
0.966	2.55333e-18
0.967	1.84287e-18
0.968	1.52636e-18
0.969	1.68793e-18
0.97	2.21197e-18
0.971	1.85231e-18
0.972	1.56006e-18
0.973	2.81071e-18
0.974	2.23947e-18
0.975	1.373e-18
0.976	3.50422e-18
0.977	2.42614e-18
0.978	1.41162e-18
0.979	4.29535e-18
0.98	1.8354e-18
0.981	1.60002e-18
0.982	4.99843e-18
0.983	1.84174e-18
0.984	1.91465e-18
0.985	4.22273e-18
0.986	1.79031e-18
0.987	1.93524e-18
0.988	4.18793e-18
0.989	1.44184e-18
0.99	1.62695e-18
0.991	2.40267e-18
0.992	1.53265e-18
0.993	1.11807e-18
0.994	1.27745e-18
0.995	1.34405e-18
0.996	1.12792e-18
0.997	8.35735e-19
0.998	1.14108e-18
0.999	5.31604e-19
1	0
