0	0
0.001	6.07508e+07
0.002	1.81181e+08
0.003	2.6512e+08
0.004	2.9296e+08
0.005	2.96157e+08
0.006	2.93227e+08
0.007	2.87937e+08
0.008	2.83301e+08
0.009	2.79011e+08
0.01	2.74008e+08
0.011	2.69564e+08
0.012	2.65437e+08
0.013	2.60804e+08
0.014	2.56538e+08
0.015	2.52607e+08
0.016	2.48298e+08
0.017	2.44203e+08
0.018	2.40464e+08
0.019	2.36452e+08
0.02	2.32525e+08
0.021	2.2896e+08
0.022	2.25227e+08
0.023	2.21472e+08
0.024	2.18059e+08
0.025	2.14585e+08
0.026	2.11011e+08
0.027	2.07728e+08
0.028	2.0449e+08
0.029	2.01109e+08
0.03	1.97938e+08
0.031	1.94905e+08
0.032	1.9173e+08
0.033	1.88667e+08
0.034	1.85802e+08
0.035	1.8284e+08
0.036	1.7989e+08
0.037	1.77156e+08
0.038	1.74402e+08
0.039	1.71584e+08
0.04	1.68948e+08
0.041	1.66382e+08
0.042	1.6372e+08
0.043	1.61166e+08
0.044	1.58752e+08
0.045	1.56265e+08
0.046	1.53796e+08
0.047	1.51493e+08
0.048	1.49184e+08
0.049	1.46822e+08
0.05	1.44594e+08
0.051	1.42442e+08
0.052	1.40217e+08
0.053	1.38052e+08
0.054	1.36017e+08
0.055	1.33949e+08
0.056	1.3186e+08
0.057	1.29899e+08
0.058	1.2798e+08
0.059	1.26e+08
0.06	1.24089e+08
0.061	1.22283e+08
0.062	1.20441e+08
0.063	1.18588e+08
0.064	1.1685e+08
0.065	1.15144e+08
0.066	1.13385e+08
0.067	1.11687e+08
0.068	1.10082e+08
0.069	1.08448e+08
0.07	1.068e+08
0.071	1.05249e+08
0.072	1.03737e+08
0.073	1.02178e+08
0.074	1.00657e+08
0.075	9.92278e+07
0.076	9.77865e+07
0.077	9.63167e+07
0.078	9.49224e+07
0.079	9.35849e+07
0.08	9.22087e+07
0.081	9.08407e+07
0.082	8.9558e+07
0.083	8.82915e+07
0.084	8.69858e+07
0.085	8.57224e+07
0.086	8.45318e+07
0.087	8.33263e+07
0.088	8.2098e+07
0.089	8.09331e+07
0.09	7.98177e+07
0.091	7.86707e+07
0.092	7.75232e+07
0.093	7.64464e+07
0.094	7.53943e+07
0.095	7.43066e+07
0.096	7.3239e+07
0.097	7.22389e+07
0.098	7.12431e+07
0.099	7.02158e+07
0.1	6.92238e+07
0.101	6.82906e+07
0.102	6.73473e+07
0.103	6.63803e+07
0.104	6.54578e+07
0.105	6.45838e+07
0.106	6.3691e+07
0.107	6.27826e+07
0.108	6.1923e+07
0.109	6.11026e+07
0.11	6.02589e+07
0.111	5.94061e+07
0.112	5.86033e+07
0.113	5.78324e+07
0.114	5.70365e+07
0.115	5.62356e+07
0.116	5.54839e+07
0.117	5.47595e+07
0.118	5.40099e+07
0.119	5.3257e+07
0.12	5.25514e+07
0.121	5.1871e+07
0.122	5.11662e+07
0.123	5.04576e+07
0.124	4.97936e+07
0.125	4.91548e+07
0.126	4.84933e+07
0.127	4.78256e+07
0.128	4.71989e+07
0.129	4.65994e+07
0.13	4.59799e+07
0.131	4.53502e+07
0.132	4.47569e+07
0.133	4.4194e+07
0.134	4.36152e+07
0.135	4.30216e+07
0.136	4.24581e+07
0.137	4.19285e+07
0.138	4.13893e+07
0.139	4.08307e+07
0.14	4.02938e+07
0.141	3.97936e+07
0.142	3.92922e+07
0.143	3.87687e+07
0.144	3.82563e+07
0.145	3.7781e+07
0.146	3.73149e+07
0.147	3.6827e+07
0.148	3.63385e+07
0.149	3.58835e+07
0.15	3.54485e+07
0.151	3.49969e+07
0.152	3.45337e+07
0.153	3.40953e+07
0.154	3.36856e+07
0.155	3.32697e+07
0.156	3.28347e+07
0.157	3.24113e+07
0.158	3.20201e+07
0.159	3.16366e+07
0.16	3.12336e+07
0.161	3.08271e+07
0.162	3.04481e+07
0.163	3.00903e+07
0.164	2.97215e+07
0.165	2.93371e+07
0.166	2.89672e+07
0.167	2.8626e+07
0.168	2.82889e+07
0.169	2.79333e+07
0.17	2.75751e+07
0.171	2.72422e+07
0.172	2.69288e+07
0.173	2.66057e+07
0.174	2.62671e+07
0.175	2.59392e+07
0.176	2.5638e+07
0.177	2.53441e+07
0.178	2.50341e+07
0.179	2.47166e+07
0.18	2.44185e+07
0.181	2.41426e+07
0.182	2.38638e+07
0.183	2.35681e+07
0.184	2.32737e+07
0.185	2.30024e+07
0.186	2.27465e+07
0.187	2.24811e+07
0.188	2.22015e+07
0.189	2.19298e+07
0.19	2.16814e+07
0.191	2.14422e+07
0.192	2.11901e+07
0.193	2.09273e+07
0.194	2.06765e+07
0.195	2.04476e+07
0.196	2.02233e+07
0.197	1.99849e+07
0.198	1.97386e+07
0.199	1.95064e+07
0.2	1.92942e+07
0.201	1.90841e+07
0.202	1.88596e+07
0.203	1.8629e+07
0.204	1.84128e+07
0.205	1.82154e+07
0.206	1.8019e+07
0.207	1.78087e+07
0.208	1.75925e+07
0.209	1.739e+07
0.21	1.72056e+07
0.211	1.70227e+07
0.212	1.68266e+07
0.213	1.66238e+07
0.214	1.64329e+07
0.215	1.62597e+07
0.216	1.60901e+07
0.217	1.59084e+07
0.218	1.57182e+07
0.219	1.5537e+07
0.22	1.53733e+07
0.221	1.52161e+07
0.222	1.50491e+07
0.223	1.48714e+07
0.224	1.46986e+07
0.225	1.45423e+07
0.226	1.43962e+07
0.227	1.42437e+07
0.228	1.40793e+07
0.229	1.39144e+07
0.23	1.37635e+07
0.231	1.3626e+07
0.232	1.34875e+07
0.233	1.33374e+07
0.234	1.31813e+07
0.235	1.30342e+07
0.236	1.29023e+07
0.237	1.27759e+07
0.238	1.2641e+07
0.239	1.24959e+07
0.24	1.23528e+07
0.241	1.22232e+07
0.242	1.2105e+07
0.243	1.19848e+07
0.244	1.18537e+07
0.245	1.1717e+07
0.246	1.15881e+07
0.247	1.14731e+07
0.248	1.13642e+07
0.249	1.12487e+07
0.25	1.1123e+07
0.251	1.09964e+07
0.252	1.08806e+07
0.253	1.0777e+07
0.254	1.06752e+07
0.255	1.05646e+07
0.256	1.04457e+07
0.257	1.03291e+07
0.258	1.02244e+07
0.259	1.01297e+07
0.26	1.00342e+07
0.261	9.92936e+06
0.262	9.81777e+06
0.263	9.7102e+06
0.264	9.61438e+06
0.265	9.52718e+06
0.266	9.43801e+06
0.267	9.33963e+06
0.268	9.23529e+06
0.269	9.13528e+06
0.27	9.04652e+06
0.271	8.96586e+06
0.272	8.88333e+06
0.273	8.792e+06
0.274	8.69464e+06
0.275	8.60075e+06
0.276	8.51738e+06
0.277	8.44241e+06
0.278	8.36675e+06
0.279	8.28307e+06
0.28	8.19258e+06
0.281	8.10372e+06
0.282	8.02416e+06
0.283	7.95375e+06
0.284	7.88483e+06
0.285	7.80935e+06
0.286	7.72614e+06
0.287	7.64183e+06
0.288	7.56468e+06
0.289	7.49725e+06
0.29	7.43421e+06
0.291	7.36721e+06
0.292	7.29223e+06
0.293	7.21298e+06
0.294	7.13748e+06
0.295	7.0711e+06
0.296	7.012e+06
0.297	6.95288e+06
0.298	6.88721e+06
0.299	6.81471e+06
0.3	6.74143e+06
0.301	6.67458e+06
0.302	6.61655e+06
0.303	6.56306e+06
0.304	6.50679e+06
0.305	6.44337e+06
0.306	6.3748e+06
0.307	6.30772e+06
0.308	6.24803e+06
0.309	6.19618e+06
0.31	6.14702e+06
0.311	6.09386e+06
0.312	6.03375e+06
0.313	5.96963e+06
0.314	5.90793e+06
0.315	5.85363e+06
0.316	5.80646e+06
0.317	5.76125e+06
0.318	5.7119e+06
0.319	5.65592e+06
0.32	5.59621e+06
0.321	5.53874e+06
0.322	5.4882e+06
0.323	5.44455e+06
0.324	5.4032e+06
0.325	5.35837e+06
0.326	5.30724e+06
0.327	5.25188e+06
0.328	5.19764e+06
0.329	5.1494e+06
0.33	5.1081e+06
0.331	5.07026e+06
0.332	5.03041e+06
0.333	4.98488e+06
0.334	4.93424e+06
0.335	4.88281e+06
0.336	4.83568e+06
0.337	4.7953e+06
0.338	4.75994e+06
0.339	4.7249e+06
0.34	4.68565e+06
0.341	4.64075e+06
0.342	4.5927e+06
0.343	4.54624e+06
0.344	4.5053e+06
0.345	4.47053e+06
0.346	4.43896e+06
0.347	4.40593e+06
0.348	4.36803e+06
0.349	4.32513e+06
0.35	4.28041e+06
0.351	4.23834e+06
0.352	4.20195e+06
0.353	4.17103e+06
0.354	4.14237e+06
0.355	4.11168e+06
0.356	4.07617e+06
0.357	4.03611e+06
0.358	3.99461e+06
0.359	3.95576e+06
0.36	3.92228e+06
0.361	3.89397e+06
0.362	3.86793e+06
0.363	3.84021e+06
0.364	3.80807e+06
0.365	3.77143e+06
0.366	3.73286e+06
0.367	3.69613e+06
0.368	3.66411e+06
0.369	3.63725e+06
0.37	3.61342e+06
0.371	3.58907e+06
0.372	3.56114e+06
0.373	3.52867e+06
0.374	3.49322e+06
0.375	3.45803e+06
0.376	3.42627e+06
0.377	3.39949e+06
0.378	3.37681e+06
0.379	3.35546e+06
0.38	3.33218e+06
0.381	3.30488e+06
0.382	3.27359e+06
0.383	3.24045e+06
0.384	3.20856e+06
0.385	3.18052e+06
0.386	3.15713e+06
0.387	3.13712e+06
0.388	3.11775e+06
0.389	3.09614e+06
0.39	3.07064e+06
0.391	3.0415e+06
0.392	3.01079e+06
0.393	2.98134e+06
0.394	2.95547e+06
0.395	2.93397e+06
0.396	2.91575e+06
0.397	2.8984e+06
0.398	2.87927e+06
0.399	2.85662e+06
0.4	2.83037e+06
0.401	2.80207e+06
0.402	2.77424e+06
0.403	2.74921e+06
0.404	2.72821e+06
0.405	2.71082e+06
0.406	2.69524e+06
0.407	2.67903e+06
0.408	2.66012e+06
0.409	2.63768e+06
0.41	2.61238e+06
0.411	2.58609e+06
0.412	2.56113e+06
0.413	2.53934e+06
0.414	2.52134e+06
0.415	2.50634e+06
0.416	2.49249e+06
0.417	2.47759e+06
0.418	2.45995e+06
0.419	2.43902e+06
0.42	2.41553e+06
0.421	2.39125e+06
0.422	2.36824e+06
0.423	2.34814e+06
0.424	2.33155e+06
0.425	2.31787e+06
0.426	2.30552e+06
0.427	2.29252e+06
0.428	2.27723e+06
0.429	2.25889e+06
0.43	2.23787e+06
0.431	2.21549e+06
0.432	2.19359e+06
0.433	2.17386e+06
0.434	2.15727e+06
0.435	2.14377e+06
0.436	2.13236e+06
0.437	2.12138e+06
0.438	2.10914e+06
0.439	2.09441e+06
0.44	2.07685e+06
0.441	2.05705e+06
0.442	2.03635e+06
0.443	2.01642e+06
0.444	1.99865e+06
0.445	1.98382e+06
0.446	1.97181e+06
0.447	1.9617e+06
0.448	1.95203e+06
0.449	1.9413e+06
0.45	1.92837e+06
0.451	1.91281e+06
0.452	1.895e+06
0.453	1.87601e+06
0.454	1.85727e+06
0.455	1.84014e+06
0.456	1.82552e+06
0.457	1.81364e+06
0.458	1.80398e+06
0.459	1.79546e+06
0.46	1.78673e+06
0.461	1.77654e+06
0.462	1.76411e+06
0.463	1.74928e+06
0.464	1.73259e+06
0.465	1.71506e+06
0.466	1.69795e+06
0.467	1.68241e+06
0.468	1.66922e+06
0.469	1.65852e+06
0.47	1.64989e+06
0.471	1.64241e+06
0.472	1.63489e+06
0.473	1.62623e+06
0.474	1.61564e+06
0.475	1.60283e+06
0.476	1.58808e+06
0.477	1.57216e+06
0.478	1.5561e+06
0.479	1.54099e+06
0.48	1.52769e+06
0.481	1.51665e+06
0.482	1.50781e+06
0.483	1.50063e+06
0.484	1.49424e+06
0.485	1.4876e+06
0.486	1.4798e+06
0.487	1.4702e+06
0.488	1.45858e+06
0.489	1.44518e+06
0.49	1.43064e+06
0.491	1.41584e+06
0.492	1.40173e+06
0.493	1.38909e+06
0.494	1.37842e+06
0.495	1.36982e+06
0.496	1.36296e+06
0.497	1.35722e+06
0.498	1.35176e+06
0.499	1.3457e+06
0.5	1.33835e+06
0.501	1.32925e+06
0.502	1.31835e+06
0.503	1.30591e+06
0.504	1.29252e+06
0.505	1.27896e+06
0.506	1.266e+06
0.507	1.25433e+06
0.508	1.2444e+06
0.509	1.23634e+06
0.51	1.22996e+06
0.511	1.22478e+06
0.512	1.22014e+06
0.513	1.2153e+06
0.514	1.20957e+06
0.515	1.20247e+06
0.516	1.19374e+06
0.517	1.18342e+06
0.518	1.17184e+06
0.519	1.15951e+06
0.52	1.14709e+06
0.521	1.13525e+06
0.522	1.12455e+06
0.523	1.11537e+06
0.524	1.10787e+06
0.525	1.10193e+06
0.526	1.09721e+06
0.527	1.09319e+06
0.528	1.08929e+06
0.529	1.08489e+06
0.53	1.07949e+06
0.531	1.07275e+06
0.532	1.06454e+06
0.533	1.05495e+06
0.534	1.04429e+06
0.535	1.033e+06
0.536	1.02161e+06
0.537	1.01069e+06
0.538	1.00071e+06
0.539	992016
0.54	984788
0.541	979007
0.542	974469
0.543	970818
0.544	967594
0.545	964297
0.546	960453
0.547	955671
0.548	949692
0.549	942413
0.55	933901
0.551	924375
0.552	914178
0.553	903729
0.554	893475
0.555	883838
0.556	875163
0.557	867683
0.558	861499
0.559	856566
0.56	852708
0.561	849638
0.562	846996
0.563	844383
0.564	841413
0.565	837746
0.566	833127
0.567	827407
0.568	820554
0.569	812657
0.57	803909
0.571	794585
0.572	785017
0.573	775556
0.574	766537
0.575	758253
0.576	750924
0.577	744681
0.578	739558
0.579	735488
0.58	732316
0.581	729813
0.582	727701
0.583	725674
0.584	723429
0.585	720690
0.586	717230
0.587	712888
0.588	707580
0.589	701304
0.59	694136
0.591	686224
0.592	677771
0.593	669021
0.594	660237
0.595	651679
0.596	643590
0.597	636174
0.598	629585
0.599	623916
0.6	619196
0.601	615390
0.602	612401
0.603	610082
0.604	608245
0.605	606677
0.606	605152
0.607	603448
0.608	601360
0.609	598714
0.61	595374
0.611	591250
0.612	586305
0.613	580550
0.614	574044
0.615	566891
0.616	559230
0.617	551227
0.618	543062
0.619	534925
0.62	526999
0.621	519452
0.622	512431
0.623	506054
0.624	500402
0.625	495523
0.626	491422
0.627	488069
0.628	485401
0.629	483323
0.63	481715
0.631	480441
0.632	479351
0.633	478292
0.634	477114
0.635	475676
0.636	473850
0.637	471531
0.638	468633
0.639	465098
0.64	460895
0.641	456019
0.642	450492
0.643	444361
0.644	437693
0.645	430575
0.646	423106
0.647	415397
0.648	407566
0.649	399730
0.65	392005
0.651	384501
0.652	377318
0.653	370543
0.654	364250
0.655	358496
0.656	353320
0.657	348744
0.658	344774
0.659	341396
0.66	338582
0.661	336290
0.662	334464
0.663	333039
0.664	331939
0.665	331086
0.666	330393
0.667	329777
0.668	329150
0.669	328430
0.67	327537
0.671	326398
0.672	324947
0.673	323124
0.674	320879
0.675	318173
0.676	314972
0.677	311256
0.678	307013
0.679	302239
0.68	296939
0.681	291126
0.682	284823
0.683	278054
0.684	270854
0.685	263260
0.686	255312
0.687	247055
0.688	238536
0.689	229801
0.69	220898
0.691	211876
0.692	202780
0.693	193657
0.694	184550
0.695	175499
0.696	166544
0.697	157719
0.698	149057
0.699	140588
0.7	132336
0.701	124324
0.702	116572
0.703	109095
0.704	101905
0.705	95013.5
0.706	88426
0.707	82147.3
0.708	76179.2
0.709	70521.4
0.71	65171.6
0.711	60125.5
0.712	55377.6
0.713	50920.8
0.714	46746.8
0.715	42846.5
0.716	39209.8
0.717	35826.3
0.718	32684.7
0.719	29773.8
0.72	27082
0.721	24597.5
0.722	22308.8
0.723	20204.3
0.724	18272.8
0.725	16503.2
0.726	14884.7
0.727	13406.9
0.728	12059.9
0.729	10834
0.73	9720.33
0.731	8710.05
0.732	7795.02
0.733	6967.51
0.734	6220.28
0.735	5546.52
0.736	4939.89
0.737	4394.46
0.738	3904.76
0.739	3465.67
0.74	3072.51
0.741	2720.93
0.742	2406.94
0.743	2126.89
0.744	1877.42
0.745	1655.46
0.746	1458.23
0.747	1283.18
0.748	1127.99
0.749	990.586
0.75	869.055
0.751	761.69
0.752	666.944
0.753	583.427
0.754	509.887
0.755	445.202
0.756	388.366
0.757	338.477
0.758	294.732
0.759	256.413
0.76	222.88
0.761	193.565
0.762	167.961
0.763	145.62
0.764	126.145
0.765	109.184
0.766	94.4265
0.767	81.5973
0.768	70.4546
0.769	60.7853
0.77	52.402
0.771	45.1398
0.772	38.8543
0.773	33.4187
0.774	28.7219
0.775	24.6669
0.776	21.1689
0.777	18.1537
0.778	15.5568
0.779	13.3219
0.78	11.4001
0.781	9.74872
0.782	8.3308
0.783	7.11427
0.784	6.07128
0.785	5.17774
0.786	4.41279
0.787	3.7584
0.788	3.19897
0.789	2.72107
0.79	2.31309
0.791	1.96505
0.792	1.66834
0.793	1.41555
0.794	1.20034
0.795	1.01723
0.796	0.861542
0.797	0.729248
0.798	0.616907
0.799	0.521569
0.8	0.440711
0.801	0.372177
0.802	0.314123
0.803	0.264976
0.804	0.223395
0.805	0.188236
0.806	0.158524
0.807	0.13343
0.808	0.112249
0.809	0.0943801
0.81	0.0793143
0.811	0.066619
0.812	0.0559269
0.813	0.046927
0.814	0.0393555
0.815	0.0329892
0.816	0.027639
0.817	0.0231452
0.818	0.0193726
0.819	0.0162071
0.82	0.0135523
0.821	0.0113271
0.822	0.00946278
0.823	0.00790164
0.824	0.00659501
0.825	0.00550192
0.826	0.00458794
0.827	0.00382406
0.828	0.00318595
0.829	0.00265315
0.83	0.00220848
0.831	0.00183754
0.832	0.00152825
0.833	0.00127048
0.834	0.00105573
0.835	0.000876919
0.836	0.000728089
0.837	0.000604269
0.838	0.0005013
0.839	0.000415709
0.84	0.000344593
0.841	0.000285529
0.842	0.000236495
0.843	0.000195804
0.844	0.000162052
0.845	0.000134066
0.846	0.00011087
0.847	9.1653e-05
0.848	7.57382e-05
0.849	6.25634e-05
0.85	5.16613e-05
0.851	4.26431e-05
0.852	3.51864e-05
0.853	2.9023e-05
0.854	2.39306e-05
0.855	1.97247e-05
0.856	1.62522e-05
0.857	1.33864e-05
0.858	1.1022e-05
0.859	9.07211e-06
0.86	7.4646e-06
0.861	6.13984e-06
0.862	5.04847e-06
0.863	4.1497e-06
0.864	3.4098e-06
0.865	2.80089e-06
0.866	2.29997e-06
0.867	1.88801e-06
0.868	1.54934e-06
0.869	1.27101e-06
0.87	1.04235e-06
0.871	8.54557e-07
0.872	7.00375e-07
0.873	5.73832e-07
0.874	4.70006e-07
0.875	3.84847e-07
0.876	3.15022e-07
0.877	2.57786e-07
0.878	2.10887e-07
0.879	1.72467e-07
0.88	1.41006e-07
0.881	1.15249e-07
0.882	9.41693e-08
0.883	7.69229e-08
0.884	6.28168e-08
0.885	5.12827e-08
0.886	4.18544e-08
0.887	3.41498e-08
0.888	2.78556e-08
0.889	2.27151e-08
0.89	1.85181e-08
0.891	1.50924e-08
0.892	1.2297e-08
0.893	1.00166e-08
0.894	8.15692e-09
0.895	6.6407e-09
0.896	5.40486e-09
0.897	4.39783e-09
0.898	3.57749e-09
0.899	2.9094e-09
0.9	2.36545e-09
0.901	1.9227e-09
0.902	1.56242e-09
0.903	1.26932e-09
0.904	1.03094e-09
0.905	8.37113e-10
0.906	6.79557e-10
0.907	5.51516e-10
0.908	4.47488e-10
0.909	3.62992e-10
0.91	2.94378e-10
0.911	2.38675e-10
0.912	1.93464e-10
0.913	1.5678e-10
0.914	1.27021e-10
0.915	1.02886e-10
0.916	8.33167e-11
0.917	6.74537e-11
0.918	5.4598e-11
0.919	4.4182e-11
0.92	3.57448e-11
0.921	2.89122e-11
0.922	2.33801e-11
0.923	1.89022e-11
0.924	1.52785e-11
0.925	1.23466e-11
0.926	9.97504e-12
0.927	8.0572e-12
0.928	6.50663e-12
0.929	5.2533e-12
0.93	4.24044e-12
0.931	3.42213e-12
0.932	2.76113e-12
0.933	2.22734e-12
0.934	1.79635e-12
0.935	1.44845e-12
0.936	1.16768e-12
0.937	9.41149e-13
0.938	7.58399e-13
0.939	6.11008e-13
0.94	4.92155e-13
0.941	3.96344e-13
0.942	3.19112e-13
0.943	2.56878e-13
0.944	2.06734e-13
0.945	1.66344e-13
0.946	1.33815e-13
0.947	1.07625e-13
0.948	8.65389e-14
0.949	6.95713e-14
0.95	5.59179e-14
0.951	4.49353e-14
0.952	3.61012e-14
0.953	2.89989e-14
0.954	2.32878e-14
0.955	1.86976e-14
0.956	1.50081e-14
0.957	1.20439e-14
0.958	9.66235e-15
0.959	7.74988e-15
0.96	6.21409e-15
0.961	4.9815e-15
0.962	3.99199e-15
0.963	3.19827e-15
0.964	2.56152e-15
0.965	2.05123e-15
0.966	1.64207e-15
0.967	1.31435e-15
0.968	1.0515e-15
0.969	8.4112e-16
0.97	6.72322e-16
0.971	5.37173e-16
0.972	4.2889e-16
0.973	3.42338e-16
0.974	2.73066e-16
0.975	2.17752e-16
0.976	1.73524e-16
0.977	1.38279e-16
0.978	1.10121e-16
0.979	8.76291e-17
0.98	6.96575e-17
0.981	5.53451e-17
0.982	4.38777e-17
0.983	3.47272e-17
0.984	2.73859e-17
0.985	2.15378e-17
0.986	1.68467e-17
0.987	1.31002e-17
0.988	1.01152e-17
0.989	7.75375e-18
0.99	5.88611e-18
0.991	4.40372e-18
0.992	3.24254e-18
0.993	2.33252e-18
0.994	1.62261e-18
0.995	1.07608e-18
0.996	6.64276e-19
0.997	3.64848e-19
0.998	1.58887e-19
0.999	3.96654e-20
1	0
