0	0
0.001	1.89969e+09
0.002	5.52846e+09
0.003	7.94358e+09
0.004	8.75424e+09
0.005	8.82655e+09
0.006	8.68391e+09
0.007	8.51685e+09
0.008	8.34683e+09
0.009	8.17528e+09
0.01	8.01551e+09
0.011	7.85216e+09
0.012	7.69495e+09
0.013	7.54365e+09
0.014	7.39e+09
0.015	7.24488e+09
0.016	7.10092e+09
0.017	6.95799e+09
0.018	6.82255e+09
0.019	6.68609e+09
0.02	6.55361e+09
0.021	6.42613e+09
0.022	6.29762e+09
0.023	6.17463e+09
0.024	6.05414e+09
0.025	5.93378e+09
0.026	5.81912e+09
0.027	5.70519e+09
0.028	5.59285e+09
0.029	5.48547e+09
0.03	5.37792e+09
0.031	5.27318e+09
0.032	5.17224e+09
0.033	5.07096e+09
0.034	4.97326e+09
0.035	4.87818e+09
0.036	4.78301e+09
0.037	4.69174e+09
0.038	4.60207e+09
0.039	4.51281e+09
0.04	4.42738e+09
0.041	4.34281e+09
0.042	4.25915e+09
0.043	4.17905e+09
0.044	4.09932e+09
0.045	4.02095e+09
0.046	3.94574e+09
0.047	3.87061e+09
0.048	3.79717e+09
0.049	3.72647e+09
0.05	3.65573e+09
0.051	3.58686e+09
0.052	3.52037e+09
0.053	3.45378e+09
0.054	3.38916e+09
0.055	3.3266e+09
0.056	3.26393e+09
0.057	3.20325e+09
0.058	3.14438e+09
0.059	3.0854e+09
0.06	3.02838e+09
0.061	2.97298e+09
0.062	2.91748e+09
0.063	2.86385e+09
0.064	2.81172e+09
0.065	2.75948e+09
0.066	2.709e+09
0.067	2.65996e+09
0.068	2.61079e+09
0.069	2.56323e+09
0.07	2.51709e+09
0.071	2.47081e+09
0.072	2.42597e+09
0.073	2.38257e+09
0.074	2.33901e+09
0.075	2.2967e+09
0.076	2.25585e+09
0.077	2.21487e+09
0.078	2.17491e+09
0.079	2.13646e+09
0.08	2.09792e+09
0.081	2.06015e+09
0.082	2.02392e+09
0.083	1.98771e+09
0.084	1.952e+09
0.085	1.91782e+09
0.086	1.88382e+09
0.087	1.85006e+09
0.088	1.81776e+09
0.089	1.78586e+09
0.09	1.75395e+09
0.091	1.72337e+09
0.092	1.69343e+09
0.093	1.66334e+09
0.094	1.63432e+09
0.095	1.6062e+09
0.096	1.57788e+09
0.097	1.5503e+09
0.098	1.52383e+09
0.099	1.49725e+09
0.1	1.47103e+09
0.101	1.44601e+09
0.102	1.42112e+09
0.103	1.39626e+09
0.104	1.3725e+09
0.105	1.34921e+09
0.106	1.32572e+09
0.107	1.30307e+09
0.108	1.28121e+09
0.109	1.25914e+09
0.11	1.23752e+09
0.111	1.21688e+09
0.112	1.19625e+09
0.113	1.17566e+09
0.114	1.15602e+09
0.115	1.13676e+09
0.116	1.11729e+09
0.117	1.09849e+09
0.118	1.08042e+09
0.119	1.06217e+09
0.12	1.04416e+09
0.121	1.02704e+09
0.122	1.01004e+09
0.123	9.92904e+08
0.124	9.76497e+08
0.125	9.60627e+08
0.126	9.44523e+08
0.127	9.28732e+08
0.128	9.13733e+08
0.129	8.98757e+08
0.13	8.8367e+08
0.131	8.69274e+08
0.132	8.55332e+08
0.133	8.41151e+08
0.134	8.27241e+08
0.135	8.14058e+08
0.136	8.00906e+08
0.137	7.87604e+08
0.138	7.74892e+08
0.139	7.62656e+08
0.14	7.50203e+08
0.141	7.37884e+08
0.142	7.26244e+08
0.143	7.14741e+08
0.144	7.03016e+08
0.145	6.91706e+08
0.146	6.8095e+08
0.147	6.70073e+08
0.148	6.59133e+08
0.149	6.48766e+08
0.15	6.38726e+08
0.151	6.28449e+08
0.152	6.18321e+08
0.153	6.08785e+08
0.154	5.99344e+08
0.155	5.89678e+08
0.156	5.8034e+08
0.157	5.71514e+08
0.158	5.62611e+08
0.159	5.53565e+08
0.16	5.44962e+08
0.161	5.36746e+08
0.162	5.28349e+08
0.163	5.19917e+08
0.164	5.11977e+08
0.165	5.04298e+08
0.166	4.96392e+08
0.167	4.88548e+08
0.168	4.812e+08
0.169	4.74008e+08
0.17	4.66579e+08
0.171	4.59283e+08
0.172	4.52465e+08
0.173	4.45726e+08
0.174	4.38758e+08
0.175	4.31964e+08
0.176	4.25622e+08
0.177	4.19314e+08
0.178	4.12784e+08
0.179	4.06446e+08
0.18	4.00535e+08
0.181	3.94638e+08
0.182	3.88525e+08
0.183	3.82597e+08
0.184	3.77079e+08
0.185	3.71577e+08
0.186	3.65859e+08
0.187	3.60298e+08
0.188	3.55136e+08
0.189	3.50014e+08
0.19	3.44673e+08
0.191	3.39442e+08
0.192	3.34599e+08
0.193	3.2984e+08
0.194	3.24863e+08
0.195	3.19931e+08
0.196	3.15368e+08
0.197	3.10951e+08
0.198	3.06331e+08
0.199	3.01678e+08
0.2	2.97355e+08
0.201	2.93249e+08
0.202	2.88983e+08
0.203	2.84602e+08
0.204	2.80482e+08
0.205	2.76645e+08
0.206	2.72726e+08
0.207	2.68627e+08
0.208	2.64683e+08
0.209	2.61061e+08
0.21	2.5747e+08
0.211	2.53674e+08
0.212	2.499e+08
0.213	2.46434e+08
0.214	2.43128e+08
0.215	2.39658e+08
0.216	2.3608e+08
0.217	2.32722e+08
0.218	2.29628e+08
0.219	2.26487e+08
0.22	2.23156e+08
0.221	2.19895e+08
0.222	2.16926e+08
0.223	2.14068e+08
0.224	2.11041e+08
0.225	2.0792e+08
0.226	2.05006e+08
0.227	2.02338e+08
0.228	1.9963e+08
0.229	1.96736e+08
0.23	1.93875e+08
0.231	1.91277e+08
0.232	1.88823e+08
0.233	1.86235e+08
0.234	1.83509e+08
0.235	1.80917e+08
0.236	1.7858e+08
0.237	1.76287e+08
0.238	1.73821e+08
0.239	1.71285e+08
0.24	1.68941e+08
0.241	1.66814e+08
0.242	1.64658e+08
0.243	1.62326e+08
0.244	1.59981e+08
0.245	1.57851e+08
0.246	1.55898e+08
0.247	1.53873e+08
0.248	1.51682e+08
0.249	1.49513e+08
0.25	1.47565e+08
0.251	1.45763e+08
0.252	1.43872e+08
0.253	1.41824e+08
0.254	1.39811e+08
0.255	1.38012e+08
0.256	1.36349e+08
0.257	1.34596e+08
0.258	1.32689e+08
0.259	1.30809e+08
0.26	1.29132e+08
0.261	1.27596e+08
0.262	1.25986e+08
0.263	1.24221e+08
0.264	1.22455e+08
0.265	1.20873e+08
0.266	1.1945e+08
0.267	1.17986e+08
0.268	1.16367e+08
0.269	1.14704e+08
0.27	1.13191e+08
0.271	1.11858e+08
0.272	1.10536e+08
0.273	1.09073e+08
0.274	1.07516e+08
0.275	1.06052e+08
0.276	1.04777e+08
0.277	1.03581e+08
0.278	1.02283e+08
0.279	1.00851e+08
0.28	9.9433e+07
0.281	9.818e+07
0.282	9.707e+07
0.283	9.59356e+07
0.284	9.46605e+07
0.285	9.33109e+07
0.286	9.20562e+07
0.287	9.0975e+07
0.288	8.99685e+07
0.289	8.88743e+07
0.29	8.76471e+07
0.291	8.64058e+07
0.292	8.53e+07
0.293	8.43463e+07
0.294	8.34137e+07
0.295	8.23663e+07
0.296	8.12074e+07
0.297	8.00732e+07
0.298	7.90865e+07
0.299	7.82294e+07
0.3	7.73645e+07
0.301	7.63783e+07
0.302	7.52957e+07
0.303	7.4252e+07
0.304	7.3354e+07
0.305	7.25746e+07
0.306	7.17821e+07
0.307	7.08715e+07
0.308	6.98663e+07
0.309	6.88923e+07
0.31	6.80547e+07
0.311	6.73383e+07
0.312	6.66241e+07
0.313	6.58035e+07
0.314	6.48786e+07
0.315	6.39576e+07
0.316	6.31534e+07
0.317	6.24804e+07
0.318	6.18437e+07
0.319	6.11266e+07
0.32	6.02942e+07
0.321	5.94226e+07
0.322	5.86291e+07
0.323	5.797e+07
0.324	5.73932e+07
0.325	5.6785e+07
0.326	5.6068e+07
0.327	5.52644e+07
0.328	5.44756e+07
0.329	5.37963e+07
0.33	5.32373e+07
0.331	5.27184e+07
0.332	5.2135e+07
0.333	5.14423e+07
0.334	5.06887e+07
0.335	4.9976e+07
0.336	4.93785e+07
0.337	4.88867e+07
0.338	4.84162e+07
0.339	4.78735e+07
0.34	4.72263e+07
0.341	4.65258e+07
0.342	4.58668e+07
0.343	4.53176e+07
0.344	4.48709e+07
0.345	4.44509e+07
0.346	4.39689e+07
0.347	4.33858e+07
0.348	4.27382e+07
0.349	4.21109e+07
0.35	4.1578e+07
0.351	4.11525e+07
0.352	4.07792e+07
0.353	4.03733e+07
0.354	3.98766e+07
0.355	3.92949e+07
0.356	3.86923e+07
0.357	3.8149e+07
0.358	3.77099e+07
0.359	3.73573e+07
0.36	3.70235e+07
0.361	3.66338e+07
0.362	3.61518e+07
0.363	3.56002e+07
0.364	3.50459e+07
0.365	3.4559e+07
0.366	3.41724e+07
0.367	3.38631e+07
0.368	3.35675e+07
0.369	3.32178e+07
0.37	3.27802e+07
0.371	3.22724e+07
0.372	3.17526e+07
0.373	3.12869e+07
0.374	3.09137e+07
0.375	3.06243e+07
0.376	3.03686e+07
0.377	3.00822e+07
0.378	2.97195e+07
0.379	2.92763e+07
0.38	2.87901e+07
0.381	2.83213e+07
0.382	2.79224e+07
0.383	2.76132e+07
0.384	2.73726e+07
0.385	2.71495e+07
0.386	2.6887e+07
0.387	2.65491e+07
0.388	2.6136e+07
0.389	2.56827e+07
0.39	2.52429e+07
0.391	2.48649e+07
0.392	2.45711e+07
0.393	2.43492e+07
0.394	2.41587e+07
0.395	2.39479e+07
0.396	2.36758e+07
0.397	2.33277e+07
0.398	2.29205e+07
0.399	2.24947e+07
0.4	2.20984e+07
0.401	2.17687e+07
0.402	2.15182e+07
0.403	2.13313e+07
0.404	2.11705e+07
0.405	2.09909e+07
0.406	2.07556e+07
0.407	2.04489e+07
0.408	2.00802e+07
0.409	1.96806e+07
0.41	1.92912e+07
0.411	1.895e+07
0.412	1.86796e+07
0.413	1.84805e+07
0.414	1.83321e+07
0.415	1.81993e+07
0.416	1.80438e+07
0.417	1.78352e+07
0.418	1.75597e+07
0.419	1.72232e+07
0.42	1.6849e+07
0.421	1.64706e+07
0.422	1.61223e+07
0.423	1.58306e+07
0.424	1.56071e+07
0.425	1.54462e+07
0.426	1.53278e+07
0.427	1.52218e+07
0.428	1.50965e+07
0.429	1.49257e+07
0.43	1.46943e+07
0.431	1.44015e+07
0.432	1.40602e+07
0.433	1.36936e+07
0.434	1.33297e+07
0.435	1.29958e+07
0.436	1.27127e+07
0.437	1.24911e+07
0.438	1.233e+07
0.439	1.22173e+07
0.44	1.21328e+07
0.441	1.20518e+07
0.442	1.19501e+07
0.443	1.18072e+07
0.444	1.16102e+07
0.445	1.1355e+07
0.446	1.10465e+07
0.447	1.06974e+07
0.448	1.03261e+07
0.449	9.95318e+06
0.45	9.59928e+06
0.451	9.2818e+06
0.452	9.01305e+06
0.453	8.79909e+06
0.454	8.63935e+06
0.455	8.52713e+06
0.456	8.45076e+06
0.457	8.39514e+06
0.458	8.34349e+06
0.459	8.27913e+06
0.46	8.18695e+06
0.461	8.05462e+06
0.462	7.87343e+06
0.463	7.63856e+06
0.464	7.34919e+06
0.465	7.00805e+06
0.466	6.62094e+06
0.467	6.19593e+06
0.468	5.74264e+06
0.469	5.27141e+06
0.47	4.79264e+06
0.471	4.31619e+06
0.472	3.85092e+06
0.473	3.40437e+06
0.474	2.98262e+06
0.475	2.59017e+06
0.476	2.23005e+06
0.477	1.90389e+06
0.478	1.61212e+06
0.479	1.35414e+06
0.48	1.12856e+06
0.481	933394
0.482	766230
0.483	624431
0.484	505261
0.485	405997
0.486	324023
0.487	256887
0.488	202340
0.489	158365
0.49	123178
0.491	95226.9
0.492	73180.3
0.493	55910
0.494	42471.4
0.495	32082.3
0.496	24101.4
0.497	18008.3
0.498	13384.4
0.499	9896.21
0.5	7279.8
0.501	5328.34
0.502	3880.82
0.503	2812.89
0.504	2029.16
0.505	1456.96
0.506	1041.31
0.507	740.88
0.508	524.787
0.509	370.097
0.51	259.882
0.511	181.716
0.512	126.531
0.513	87.7428
0.514	60.5992
0.515	41.6858
0.516	28.5628
0.517	19.4953
0.518	13.2556
0.519	8.97907
0.52	6.0597
0.521	4.07455
0.522	2.72986
0.523	1.82244
0.524	1.21238
0.525	0.803742
0.526	0.531019
0.527	0.349652
0.528	0.229463
0.529	0.150094
0.53	0.0978588
0.531	0.0635981
0.532	0.0412015
0.533	0.0266087
0.534	0.0171313
0.535	0.010996
0.536	0.00703667
0.537	0.0044896
0.538	0.00285607
0.539	0.00181162
0.54	0.00114583
0.541	0.000722665
0.542	0.000454502
0.543	0.000285055
0.544	0.000178292
0.545	0.000111213
0.546	6.9186e-05
0.547	4.29267e-05
0.548	2.65644e-05
0.549	1.63963e-05
0.55	1.00944e-05
0.551	6.19886e-06
0.552	3.79713e-06
0.553	2.32018e-06
0.554	1.41424e-06
0.555	8.59946e-07
0.556	5.21647e-07
0.557	3.15682e-07
0.558	1.90591e-07
0.559	1.14801e-07
0.56	6.89907e-08
0.561	4.13663e-08
0.562	2.4747e-08
0.563	1.47717e-08
0.564	8.79795e-09
0.565	5.22857e-09
0.566	3.1006e-09
0.567	1.83476e-09
0.568	1.08341e-09
0.569	6.38406e-10
0.57	3.75404e-10
0.571	2.20297e-10
0.572	1.29013e-10
0.573	7.54024e-11
0.574	4.39815e-11
0.575	2.56033e-11
0.576	1.48754e-11
0.577	8.62581e-12
0.578	4.9922e-12
0.579	2.88374e-12
0.58	1.66265e-12
0.581	9.56838e-13
0.582	5.49626e-13
0.583	3.15126e-13
0.584	1.80338e-13
0.585	1.03008e-13
0.586	5.87279e-14
0.587	3.34215e-14
0.588	1.89851e-14
0.589	1.0766e-14
0.59	6.09397e-15
0.591	3.44294e-15
0.592	1.94098e-15
0.593	1.0922e-15
0.594	6.13418e-16
0.595	3.44201e-16
0.596	1.92759e-16
0.597	1.0797e-16
0.598	6.0327e-17
0.599	3.36843e-17
0.6	1.88211e-17
0.601	1.04323e-17
0.602	5.84742e-18
0.603	3.17702e-18
0.604	1.79119e-18
0.605	9.76663e-19
0.606	5.3798e-19
0.607	3.64058e-19
0.608	1.74553e-19
0.609	2.08898e-19
0.61	1.10877e-19
0.611	1.11629e-19
0.612	1.70727e-19
0.613	8.32831e-20
0.614	1.69943e-19
0.615	7.56103e-20
0.616	1.23615e-19
0.617	8.43698e-20
0.618	6.58815e-20
0.619	9.96179e-20
0.62	8.42329e-20
0.621	8.91683e-20
0.622	1.17691e-19
0.623	5.87241e-20
0.624	9.04483e-20
0.625	7.097e-20
0.626	7.08499e-20
0.627	8.07921e-20
0.628	6.06933e-20
0.629	8.68542e-20
0.63	6.71052e-20
0.631	4.95007e-20
0.632	8.11674e-20
0.633	5.96095e-20
0.634	6.52171e-20
0.635	8.43339e-20
0.636	7.53471e-20
0.637	1.01887e-19
0.638	8.70067e-20
0.639	1.02594e-19
0.64	1.00793e-19
0.641	8.26756e-20
0.642	7.86891e-20
0.643	6.21364e-20
0.644	6.34282e-20
0.645	5.51784e-20
0.646	4.10441e-20
0.647	6.67558e-20
0.648	4.14839e-20
0.649	5.86713e-20
0.65	5.71781e-20
0.651	5.71087e-20
0.652	9.97898e-20
0.653	6.38601e-20
0.654	1.05453e-19
0.655	9.88491e-20
0.656	1.02481e-19
0.657	1.23453e-19
0.658	9.84834e-20
0.659	1.13809e-19
0.66	8.94438e-20
0.661	1.03448e-19
0.662	1.4018e-19
0.663	8.53027e-20
0.664	1.16214e-19
0.665	9.44599e-20
0.666	7.55483e-20
0.667	1.07529e-19
0.668	6.04344e-20
0.669	7.19629e-20
0.67	6.69738e-20
0.671	6.74896e-20
0.672	7.76984e-20
0.673	6.48916e-20
0.674	5.37459e-20
0.675	6.01961e-20
0.676	4.50869e-20
0.677	8.5009e-20
0.678	5.20561e-20
0.679	5.60991e-20
0.68	6.56366e-20
0.681	4.70847e-20
0.682	6.51613e-20
0.683	6.55386e-20
0.684	6.7698e-20
0.685	8.4352e-20
0.686	6.95823e-20
0.687	7.11109e-20
0.688	7.85783e-20
0.689	6.19763e-20
0.69	9.88851e-20
0.691	7.85868e-20
0.692	1.09597e-19
0.693	9.26338e-20
0.694	8.16072e-20
0.695	9.96897e-20
0.696	5.23122e-20
0.697	8.59252e-20
0.698	4.59321e-20
0.699	6.13207e-20
0.7	8.99475e-20
0.701	5.09495e-20
0.702	1.14158e-19
0.703	8.86273e-20
0.704	7.80733e-20
0.705	1.16373e-19
0.706	4.87638e-20
0.707	9.0267e-20
0.708	7.0232e-20
0.709	9.29492e-20
0.71	8.75252e-20
0.711	6.92212e-20
0.712	1.2542e-19
0.713	5.98169e-20
0.714	9.89935e-20
0.715	5.33022e-20
0.716	6.91547e-20
0.717	8.99623e-20
0.718	4.08412e-20
0.719	8.46055e-20
0.72	5.28647e-20
0.721	3.89224e-20
0.722	6.01716e-20
0.723	2.69989e-20
0.724	7.54186e-20
0.725	6.52591e-20
0.726	5.80949e-20
0.727	9.43194e-20
0.728	3.10146e-20
0.729	5.46214e-20
0.73	5.45706e-20
0.731	4.51394e-20
0.732	6.63201e-20
0.733	3.93083e-20
0.734	6.36205e-20
0.735	4.81e-20
0.736	4.3015e-20
0.737	6.89235e-20
0.738	5.14291e-20
0.739	5.82056e-20
0.74	5.64683e-20
0.741	4.81414e-20
0.742	4.80801e-20
0.743	4.08455e-20
0.744	5.8939e-20
0.745	4.19682e-20
0.746	5.52796e-20
0.747	4.71527e-20
0.748	3.73146e-20
0.749	3.85831e-20
0.75	3.79893e-20
0.751	3.98488e-20
0.752	2.9954e-20
0.753	4.15746e-20
0.754	4.05382e-20
0.755	3.2143e-20
0.756	3.75244e-20
0.757	4.79521e-20
0.758	5.6558e-20
0.759	5.07516e-20
0.76	4.52115e-20
0.761	7.21715e-20
0.762	5.2175e-20
0.763	6.91008e-20
0.764	6.44944e-20
0.765	6.58683e-20
0.766	6.11035e-20
0.767	5.8362e-20
0.768	5.06515e-20
0.769	3.80435e-20
0.77	3.93294e-20
0.771	2.7071e-20
0.772	3.09647e-20
0.773	3.69662e-20
0.774	3.86089e-20
0.775	4.20128e-20
0.776	4.14933e-20
0.777	5.2637e-20
0.778	3.56683e-20
0.779	2.74967e-20
0.78	3.20534e-20
0.781	1.78892e-20
0.782	2.38821e-20
0.783	2.58356e-20
0.784	3.05131e-20
0.785	3.94963e-20
0.786	3.92324e-20
0.787	3.92383e-20
0.788	4.72556e-20
0.789	4.08449e-20
0.79	3.18313e-20
0.791	2.96177e-20
0.792	1.82608e-20
0.793	2.37268e-20
0.794	2.76234e-20
0.795	3.61723e-20
0.796	4.12095e-20
0.797	4.33965e-20
0.798	5.16106e-20
0.799	4.50379e-20
0.8	7.41122e-20
0.801	6.42116e-20
0.802	5.06986e-20
0.803	6.08345e-20
0.804	4.64464e-20
0.805	7.75311e-20
0.806	3.87156e-20
0.807	4.41341e-20
0.808	3.60285e-20
0.809	4.10501e-20
0.81	5.04989e-20
0.811	5.07309e-20
0.812	5.01015e-20
0.813	5.45685e-20
0.814	5.36765e-20
0.815	6.80349e-20
0.816	5.08743e-20
0.817	4.35712e-20
0.818	4.82427e-20
0.819	4.48802e-20
0.82	4.10994e-20
0.821	3.59388e-20
0.822	3.73643e-20
0.823	3.32173e-20
0.824	3.1274e-20
0.825	2.95749e-20
0.826	3.56086e-20
0.827	2.94862e-20
0.828	3.12399e-20
0.829	5.58119e-20
0.83	3.44675e-20
0.831	5.00809e-20
0.832	4.80305e-20
0.833	3.16973e-20
0.834	2.41344e-20
0.835	2.26394e-20
0.836	1.14167e-20
0.837	1.74194e-20
0.838	2.09378e-20
0.839	2.10314e-20
0.84	2.73524e-20
0.841	2.4167e-20
0.842	3.92201e-20
0.843	3.16939e-20
0.844	2.28112e-20
0.845	3.91771e-20
0.846	2.38727e-20
0.847	3.09284e-20
0.848	3.05137e-20
0.849	2.66977e-20
0.85	5.55454e-20
0.851	2.63004e-20
0.852	2.93471e-20
0.853	3.52261e-20
0.854	1.87632e-20
0.855	4.15531e-20
0.856	2.12938e-20
0.857	7.18913e-20
0.858	4.87485e-20
0.859	5.47377e-20
0.86	7.0451e-20
0.861	4.20509e-20
0.862	6.19551e-20
0.863	3.07906e-20
0.864	5.23733e-20
0.865	3.93014e-20
0.866	3.4234e-20
0.867	5.34982e-20
0.868	4.50916e-20
0.869	3.53076e-20
0.87	4.42785e-20
0.871	5.75063e-20
0.872	3.11515e-20
0.873	4.05481e-20
0.874	3.71386e-20
0.875	3.43578e-20
0.876	3.15386e-20
0.877	2.75822e-20
0.878	3.39413e-20
0.879	1.99168e-20
0.88	1.8887e-20
0.881	2.70127e-20
0.882	1.70596e-20
0.883	2.59469e-20
0.884	3.09813e-20
0.885	2.9188e-20
0.886	4.23929e-20
0.887	3.37555e-20
0.888	4.04738e-20
0.889	4.65362e-20
0.89	2.96723e-20
0.891	3.74493e-20
0.892	3.43591e-20
0.893	3.17849e-20
0.894	3.96349e-20
0.895	1.79703e-20
0.896	4.86221e-20
0.897	2.41548e-20
0.898	3.49957e-20
0.899	9.07598e-20
0.9	4.05657e-20
0.901	5.89636e-20
0.902	8.98514e-20
0.903	4.32498e-20
0.904	3.36084e-20
0.905	8.82084e-20
0.906	4.84026e-20
0.907	6.43068e-20
0.908	9.01276e-20
0.909	4.37373e-20
0.91	9.96566e-20
0.911	5.22813e-20
0.912	8.13409e-20
0.913	1.01792e-19
0.914	3.70709e-20
0.915	1.18347e-19
0.916	3.44799e-20
0.917	1.22299e-19
0.918	1.26343e-19
0.919	4.20596e-20
0.92	1.32483e-19
0.921	7.893e-20
0.922	1.0667e-19
0.923	7.87424e-20
0.924	1.01486e-19
0.925	9.23357e-20
0.926	3.35104e-20
0.927	1.21247e-19
0.928	6.06095e-20
0.929	4.58934e-20
0.93	8.38094e-20
0.931	3.86485e-20
0.932	6.77102e-20
0.933	5.53023e-20
0.934	8.75365e-20
0.935	5.75599e-20
0.936	3.06677e-20
0.937	8.61425e-20
0.938	8.38955e-20
0.939	4.70438e-20
0.94	4.68386e-20
0.941	1.29734e-19
0.942	4.40698e-20
0.943	2.77144e-20
0.944	1.17981e-19
0.945	4.96484e-20
0.946	2.77751e-20
0.947	5.0112e-20
0.948	1.17546e-19
0.949	2.0615e-20
0.95	1.96617e-20
0.951	1.4859e-19
0.952	2.06259e-20
0.953	3.41478e-20
0.954	1.76084e-19
0.955	6.13732e-20
0.956	6.87146e-20
0.957	1.38837e-19
0.958	1.24611e-19
0.959	7.66072e-20
0.96	6.08774e-20
0.961	1.74627e-19
0.962	5.76775e-20
0.963	4.82699e-20
0.964	1.66444e-19
0.965	3.35771e-20
0.966	5.07933e-20
0.967	1.64532e-19
0.968	6.05517e-20
0.969	6.36525e-20
0.97	1.00925e-19
0.971	1.06963e-19
0.972	6.76952e-20
0.973	9.40458e-20
0.974	1.53975e-19
0.975	5.79257e-20
0.976	7.99398e-20
0.977	9.30982e-20
0.978	7.44022e-20
0.979	4.44719e-20
0.98	3.07077e-20
0.981	8.39185e-20
0.982	3.35411e-20
0.983	6.79582e-20
0.984	9.16155e-20
0.985	4.07066e-20
0.986	5.3403e-20
0.987	5.06876e-20
0.988	6.97925e-20
0.989	6.00161e-20
0.99	2.83075e-20
0.991	1.00381e-19
0.992	3.2844e-20
0.993	5.53279e-20
0.994	9.64733e-20
0.995	2.54129e-20
0.996	1.01005e-19
0.997	5.43914e-20
0.998	6.86257e-20
0.999	9.78735e-20
1	0
