0	0
0.001	2.59297e+09
0.002	7.53601e+09
0.003	1.08186e+10
0.004	1.19198e+10
0.005	1.20137e+10
0.006	1.18163e+10
0.007	1.15863e+10
0.008	1.13501e+10
0.009	1.11147e+10
0.01	1.08937e+10
0.011	1.06678e+10
0.012	1.04524e+10
0.013	1.02425e+10
0.014	1.00313e+10
0.015	9.83191e+09
0.016	9.63231e+09
0.017	9.43676e+09
0.018	9.24992e+09
0.019	9.06145e+09
0.02	8.88054e+09
0.021	8.70409e+09
0.022	8.52756e+09
0.023	8.35941e+09
0.024	8.19249e+09
0.025	8.02804e+09
0.026	7.87076e+09
0.027	7.71321e+09
0.028	7.5603e+09
0.029	7.41244e+09
0.03	7.26429e+09
0.031	7.12196e+09
0.032	6.98256e+09
0.033	6.84375e+09
0.034	6.71091e+09
0.035	6.57938e+09
0.036	6.44963e+09
0.037	6.32528e+09
0.038	6.20127e+09
0.039	6.0801e+09
0.04	5.96338e+09
0.041	5.84663e+09
0.042	5.73346e+09
0.043	5.62369e+09
0.044	5.51394e+09
0.045	5.40815e+09
0.046	5.30481e+09
0.047	5.20174e+09
0.048	5.10274e+09
0.049	5.00541e+09
0.05	4.90869e+09
0.051	4.81593e+09
0.052	4.72426e+09
0.053	4.63352e+09
0.054	4.5465e+09
0.055	4.46018e+09
0.056	4.37504e+09
0.057	4.29335e+09
0.058	4.21208e+09
0.059	4.13217e+09
0.06	4.05542e+09
0.061	3.97893e+09
0.062	3.90389e+09
0.063	3.83176e+09
0.064	3.75978e+09
0.065	3.68926e+09
0.066	3.62144e+09
0.067	3.55373e+09
0.068	3.48741e+09
0.069	3.42364e+09
0.07	3.35993e+09
0.071	3.29752e+09
0.072	3.23754e+09
0.073	3.17762e+09
0.074	3.11885e+09
0.075	3.06241e+09
0.076	3.00607e+09
0.077	2.95068e+09
0.078	2.89755e+09
0.079	2.8446e+09
0.08	2.79236e+09
0.081	2.74232e+09
0.082	2.69257e+09
0.083	2.64329e+09
0.084	2.5961e+09
0.085	2.54939e+09
0.086	2.50289e+09
0.087	2.45835e+09
0.088	2.41449e+09
0.089	2.37063e+09
0.09	2.32853e+09
0.091	2.28736e+09
0.092	2.24603e+09
0.093	2.20616e+09
0.094	2.16749e+09
0.095	2.1286e+09
0.096	2.0908e+09
0.097	2.05443e+09
0.098	2.0179e+09
0.099	1.98204e+09
0.1	1.94774e+09
0.101	1.91351e+09
0.102	1.87951e+09
0.103	1.84705e+09
0.104	1.81499e+09
0.105	1.78284e+09
0.106	1.752e+09
0.107	1.72197e+09
0.108	1.69169e+09
0.109	1.6623e+09
0.11	1.63408e+09
0.111	1.60568e+09
0.112	1.57769e+09
0.113	1.551e+09
0.114	1.52446e+09
0.115	1.49788e+09
0.116	1.47248e+09
0.117	1.44768e+09
0.118	1.42261e+09
0.119	1.39831e+09
0.12	1.37502e+09
0.121	1.35156e+09
0.122	1.32832e+09
0.123	1.30623e+09
0.124	1.28437e+09
0.125	1.26232e+09
0.126	1.24116e+09
0.127	1.22073e+09
0.128	1.20004e+09
0.129	1.17971e+09
0.13	1.1604e+09
0.131	1.14115e+09
0.132	1.12176e+09
0.133	1.10324e+09
0.134	1.08531e+09
0.135	1.0671e+09
0.136	1.04923e+09
0.137	1.03229e+09
0.138	1.01539e+09
0.139	9.98318e+08
0.14	9.82008e+08
0.141	9.66292e+08
0.142	9.503e+08
0.143	9.34512e+08
0.144	9.19591e+08
0.145	9.04815e+08
0.146	8.89775e+08
0.147	8.75306e+08
0.148	8.61517e+08
0.149	8.47544e+08
0.15	8.33541e+08
0.151	8.20296e+08
0.152	8.07413e+08
0.153	7.94223e+08
0.154	7.81292e+08
0.155	7.6911e+08
0.156	7.56984e+08
0.157	7.44602e+08
0.158	7.32709e+08
0.159	7.21426e+08
0.16	7.09984e+08
0.161	6.98427e+08
0.162	6.87489e+08
0.163	6.76971e+08
0.164	6.66184e+08
0.165	6.55442e+08
0.166	6.45358e+08
0.167	6.35512e+08
0.168	6.25365e+08
0.169	6.15401e+08
0.17	6.06073e+08
0.171	5.9684e+08
0.172	5.87317e+08
0.173	5.78075e+08
0.174	5.6942e+08
0.175	5.60761e+08
0.176	5.5184e+08
0.177	5.43255e+08
0.178	5.35207e+08
0.179	5.27094e+08
0.18	5.18744e+08
0.181	5.10752e+08
0.182	5.03257e+08
0.183	4.95669e+08
0.184	4.87856e+08
0.185	4.80395e+08
0.186	4.73408e+08
0.187	4.66325e+08
0.188	4.59015e+08
0.189	4.52028e+08
0.19	4.45507e+08
0.191	4.38913e+08
0.192	4.32077e+08
0.193	4.25511e+08
0.194	4.19413e+08
0.195	4.13292e+08
0.196	4.06907e+08
0.197	4.00716e+08
0.198	3.94996e+08
0.199	3.89326e+08
0.2	3.83382e+08
0.201	3.7753e+08
0.202	3.72136e+08
0.203	3.6689e+08
0.204	3.61383e+08
0.205	3.5585e+08
0.206	3.50728e+08
0.207	3.45864e+08
0.208	3.40796e+08
0.209	3.35582e+08
0.21	3.30683e+08
0.211	3.26139e+08
0.212	3.21504e+08
0.213	3.16634e+08
0.214	3.11928e+08
0.215	3.07625e+08
0.216	3.03393e+08
0.217	2.98905e+08
0.218	2.94399e+08
0.219	2.90256e+08
0.22	2.86356e+08
0.221	2.82283e+08
0.222	2.78029e+08
0.223	2.73993e+08
0.224	2.70315e+08
0.225	2.66644e+08
0.226	2.62726e+08
0.227	2.5881e+08
0.228	2.55235e+08
0.229	2.51879e+08
0.23	2.48362e+08
0.231	2.44657e+08
0.232	2.41123e+08
0.233	2.3793e+08
0.234	2.34794e+08
0.235	2.31428e+08
0.236	2.27986e+08
0.237	2.24817e+08
0.238	2.21921e+08
0.239	2.18955e+08
0.24	2.15762e+08
0.241	2.12601e+08
0.242	2.0975e+08
0.243	2.07087e+08
0.244	2.04279e+08
0.245	2.01279e+08
0.246	1.98384e+08
0.247	1.95798e+08
0.248	1.93333e+08
0.249	1.90688e+08
0.25	1.87884e+08
0.251	1.85225e+08
0.252	1.82861e+08
0.253	1.80577e+08
0.254	1.78102e+08
0.255	1.75488e+08
0.256	1.73029e+08
0.257	1.70852e+08
0.258	1.68742e+08
0.259	1.66445e+08
0.26	1.6401e+08
0.261	1.61716e+08
0.262	1.59693e+08
0.263	1.57754e+08
0.264	1.55643e+08
0.265	1.53378e+08
0.266	1.51215e+08
0.267	1.49317e+08
0.268	1.47538e+08
0.269	1.45622e+08
0.27	1.43526e+08
0.271	1.41473e+08
0.272	1.39663e+08
0.273	1.38024e+08
0.274	1.36306e+08
0.275	1.34394e+08
0.276	1.32444e+08
0.277	1.30686e+08
0.278	1.29148e+08
0.279	1.2762e+08
0.28	1.25915e+08
0.281	1.24086e+08
0.282	1.22359e+08
0.283	1.20866e+08
0.284	1.1949e+08
0.285	1.18008e+08
0.286	1.16347e+08
0.287	1.14663e+08
0.288	1.13161e+08
0.289	1.11862e+08
0.29	1.10584e+08
0.291	1.09146e+08
0.292	1.07569e+08
0.293	1.06047e+08
0.294	1.04732e+08
0.295	1.03572e+08
0.296	1.02371e+08
0.297	1.00998e+08
0.298	9.9525e+07
0.299	9.81468e+07
0.3	9.69744e+07
0.301	9.59234e+07
0.302	9.4804e+07
0.303	9.35159e+07
0.304	9.21471e+07
0.305	9.08814e+07
0.306	8.98134e+07
0.307	8.88573e+07
0.308	8.78341e+07
0.309	8.66479e+07
0.31	8.53755e+07
0.311	8.41892e+07
0.312	8.3191e+07
0.313	8.23179e+07
0.314	8.14045e+07
0.315	8.0338e+07
0.316	7.91607e+07
0.317	7.80274e+07
0.318	7.7063e+07
0.319	7.62506e+07
0.32	7.54502e+07
0.321	7.45244e+07
0.322	7.34585e+07
0.323	7.23703e+07
0.324	7.14054e+07
0.325	7.06121e+07
0.326	6.99029e+07
0.327	6.91307e+07
0.328	6.82127e+07
0.329	6.71966e+07
0.33	6.62187e+07
0.331	6.5391e+07
0.332	6.47117e+07
0.333	6.40695e+07
0.334	6.33336e+07
0.335	6.24565e+07
0.336	6.15087e+07
0.337	6.06215e+07
0.338	5.98853e+07
0.339	5.92826e+07
0.34	5.87036e+07
0.341	5.80295e+07
0.342	5.72199e+07
0.343	5.63398e+07
0.344	5.55105e+07
0.345	5.48212e+07
0.346	5.42672e+07
0.347	5.37551e+07
0.348	5.31698e+07
0.349	5.24539e+07
0.35	5.16451e+07
0.351	5.0848e+07
0.352	5.01632e+07
0.353	4.96207e+07
0.354	4.91623e+07
0.355	4.86813e+07
0.356	4.8092e+07
0.357	4.73829e+07
0.358	4.66223e+07
0.359	4.59133e+07
0.36	4.53302e+07
0.361	4.48739e+07
0.362	4.44733e+07
0.363	4.40296e+07
0.364	4.34746e+07
0.365	4.28093e+07
0.366	4.21018e+07
0.367	4.14463e+07
0.368	4.09097e+07
0.369	4.04953e+07
0.37	4.01428e+07
0.371	3.97624e+07
0.372	3.9284e+07
0.373	3.86934e+07
0.374	3.8038e+07
0.375	3.74009e+07
0.376	3.6857e+07
0.377	3.64356e+07
0.378	3.61075e+07
0.379	3.58003e+07
0.38	3.54354e+07
0.381	3.49656e+07
0.382	3.43964e+07
0.383	3.37817e+07
0.384	3.31977e+07
0.385	3.27073e+07
0.386	3.23325e+07
0.387	3.20456e+07
0.388	3.17832e+07
0.389	3.1474e+07
0.39	3.10701e+07
0.391	3.05655e+07
0.392	2.99978e+07
0.393	2.94311e+07
0.394	2.89295e+07
0.395	2.85317e+07
0.396	2.8237e+07
0.397	2.80064e+07
0.398	2.77789e+07
0.399	2.7495e+07
0.4	2.7118e+07
0.401	2.66469e+07
0.402	2.61153e+07
0.403	2.55783e+07
0.404	2.5093e+07
0.405	2.4699e+07
0.406	2.44058e+07
0.407	2.4191e+07
0.408	2.40083e+07
0.409	2.38032e+07
0.41	2.35301e+07
0.411	2.3166e+07
0.412	2.27161e+07
0.413	2.22116e+07
0.414	2.16996e+07
0.415	2.12289e+07
0.416	2.08365e+07
0.417	2.05383e+07
0.418	2.03251e+07
0.419	2.01665e+07
0.42	2.00193e+07
0.421	1.9839e+07
0.422	1.95907e+07
0.423	1.92569e+07
0.424	1.88411e+07
0.425	1.83658e+07
0.426	1.78669e+07
0.427	1.73849e+07
0.428	1.6956e+07
0.429	1.66049e+07
0.43	1.63402e+07
0.431	1.61535e+07
0.432	1.60216e+07
0.433	1.59119e+07
0.434	1.57889e+07
0.435	1.56201e+07
0.436	1.53825e+07
0.437	1.50648e+07
0.438	1.46695e+07
0.439	1.42114e+07
0.44	1.37144e+07
0.441	1.32076e+07
0.442	1.27209e+07
0.443	1.22803e+07
0.444	1.19051e+07
0.445	1.16052e+07
0.446	1.13812e+07
0.447	1.12243e+07
0.448	1.11182e+07
0.449	1.10414e+07
0.45	1.09699e+07
0.451	1.08798e+07
0.452	1.07497e+07
0.453	1.05623e+07
0.454	1.03056e+07
0.455	9.97362e+06
0.456	9.56608e+06
0.457	9.08786e+06
0.458	8.54815e+06
0.459	7.95923e+06
0.46	7.33534e+06
0.461	6.69147e+06
0.462	6.04239e+06
0.463	5.40177e+06
0.464	4.78161e+06
0.465	4.19183e+06
0.466	3.64009e+06
0.467	3.13178e+06
0.468	2.67014e+06
0.469	2.25649e+06
0.47	1.89052e+06
0.471	1.57062e+06
0.472	1.29417e+06
0.473	1.05786e+06
0.474	857952
0.475	690526
0.476	551640
0.477	437488
0.478	344496
0.479	269388
0.48	209226
0.481	161422
0.482	123731
0.483	94238.2
0.484	71328.4
0.485	53658.7
0.486	40125
0.487	29828.9
0.488	22047.3
0.489	16203.9
0.49	11843.4
0.491	8609.24
0.492	6224.91
0.493	4477.35
0.494	3203.82
0.495	2280.94
0.496	1615.83
0.497	1139.07
0.498	799.123
0.499	557.979
0.5	387.791
0.501	268.277
0.502	184.76
0.503	126.678
0.504	86.4758
0.505	58.7779
0.506	39.7821
0.507	26.8129
0.508	17.9974
0.509	12.0312
0.51	8.01064
0.511	5.31264
0.512	3.50962
0.513	2.30963
0.514	1.51418
0.515	0.988984
0.516	0.643574
0.517	0.41728
0.518	0.269585
0.519	0.173549
0.52	0.111335
0.521	0.0711766
0.522	0.0453484
0.523	0.0287954
0.524	0.0182238
0.525	0.0114955
0.526	0.00722782
0.527	0.00452994
0.528	0.00283011
0.529	0.00176259
0.53	0.00109436
0.531	0.000677388
0.532	0.000418026
0.533	0.000257201
0.534	0.000157783
0.535	9.65114e-05
0.536	5.88634e-05
0.537	3.57991e-05
0.538	2.17107e-05
0.539	1.313e-05
0.54	7.91877e-06
0.541	4.76284e-06
0.542	2.85694e-06
0.543	1.70914e-06
0.544	1.01979e-06
0.545	6.06883e-07
0.546	3.60229e-07
0.547	2.13276e-07
0.548	1.25953e-07
0.549	7.41971e-08
0.55	4.36004e-08
0.551	2.55581e-08
0.552	1.49456e-08
0.553	8.71883e-09
0.554	5.07423e-09
0.555	2.94619e-09
0.556	1.70664e-09
0.557	9.86327e-10
0.558	5.68736e-10
0.559	3.27205e-10
0.56	1.87827e-10
0.561	1.07581e-10
0.562	6.14838e-11
0.563	3.50628e-11
0.564	1.99527e-11
0.565	1.13301e-11
0.566	6.42022e-12
0.567	3.63044e-12
0.568	2.04866e-12
0.569	1.15372e-12
0.57	6.48437e-13
0.571	3.63742e-13
0.572	2.03649e-13
0.573	1.13798e-13
0.574	6.34686e-14
0.575	3.53318e-14
0.576	1.96322e-14
0.577	1.0888e-14
0.578	6.02725e-15
0.579	3.32966e-15
0.58	1.83509e-15
0.581	1.00868e-15
0.582	5.52876e-16
0.583	3.02302e-16
0.584	1.65041e-16
0.585	8.99275e-17
0.586	4.88821e-17
0.587	2.65082e-17
0.588	1.43243e-17
0.589	7.70248e-18
0.59	4.11914e-18
0.591	2.19196e-18
0.592	1.1742e-18
0.593	6.34975e-19
0.594	3.44969e-19
0.595	2.08656e-19
0.596	1.46682e-19
0.597	1.11795e-19
0.598	8.92214e-20
0.599	7.82444e-20
0.6	7.59341e-20
0.601	8.11194e-20
0.602	8.5734e-20
0.603	8.47779e-20
0.604	8.21306e-20
0.605	7.80748e-20
0.606	7.53689e-20
0.607	6.8889e-20
0.608	6.19317e-20
0.609	6.42904e-20
0.61	5.81717e-20
0.611	7.50198e-20
0.612	6.93582e-20
0.613	4.90121e-20
0.614	5.36801e-20
0.615	4.46372e-20
0.616	4.20394e-20
0.617	5.12603e-20
0.618	3.15008e-20
0.619	4.12597e-20
0.62	4.19685e-20
0.621	5.68484e-20
0.622	5.12901e-20
0.623	4.67998e-20
0.624	5.01268e-20
0.625	3.95012e-20
0.626	3.48062e-20
0.627	3.04685e-20
0.628	3.05506e-20
0.629	4.86143e-20
0.63	4.72896e-20
0.631	5.67643e-20
0.632	6.56816e-20
0.633	7.38701e-20
0.634	8.39281e-20
0.635	7.78118e-20
0.636	7.737e-20
0.637	7.74658e-20
0.638	7.81552e-20
0.639	7.86249e-20
0.64	7.89463e-20
0.641	7.16076e-20
0.642	6.76232e-20
0.643	6.0256e-20
0.644	5.35446e-20
0.645	4.73117e-20
0.646	5.20719e-20
0.647	5.26719e-20
0.648	5.18655e-20
0.649	5.08618e-20
0.65	4.63483e-20
0.651	4.49859e-20
0.652	4.24816e-20
0.653	4.28952e-20
0.654	4.55194e-20
0.655	4.75444e-20
0.656	5.63921e-20
0.657	6.17512e-20
0.658	6.94913e-20
0.659	7.40815e-20
0.66	8.21798e-20
0.661	8.79069e-20
0.662	8.75478e-20
0.663	7.89737e-20
0.664	6.81096e-20
0.665	5.95607e-20
0.666	4.68092e-20
0.667	4.09939e-20
0.668	3.58465e-20
0.669	3.74887e-20
0.67	4.18502e-20
0.671	3.85219e-20
0.672	4.39607e-20
0.673	4.0947e-20
0.674	3.33574e-20
0.675	4.40416e-20
0.676	3.20862e-20
0.677	4.01426e-20
0.678	4.66999e-20
0.679	4.78985e-20
0.68	6.22985e-20
0.681	5.42477e-20
0.682	5.67274e-20
0.683	6.20303e-20
0.684	4.96305e-20
0.685	4.86335e-20
0.686	3.86852e-20
0.687	4.11682e-20
0.688	4.44367e-20
0.689	4.79697e-20
0.69	6.52408e-20
0.691	5.579e-20
0.692	5.39775e-20
0.693	5.02391e-20
0.694	4.21302e-20
0.695	3.9498e-20
0.696	3.23145e-20
0.697	3.42285e-20
0.698	3.46969e-20
0.699	3.47856e-20
0.7	4.45362e-20
0.701	4.1843e-20
0.702	4.43677e-20
0.703	4.10691e-20
0.704	4.31858e-20
0.705	4.94322e-20
0.706	4.97343e-20
0.707	5.79125e-20
0.708	5.35234e-20
0.709	4.45318e-20
0.71	5.12059e-20
0.711	4.83777e-20
0.712	4.74624e-20
0.713	4.11786e-20
0.714	3.31729e-20
0.715	3.29187e-20
0.716	3.37779e-20
0.717	3.58925e-20
0.718	2.98313e-20
0.719	2.76452e-20
0.72	2.3949e-20
0.721	2.26404e-20
0.722	2.30997e-20
0.723	2.89558e-20
0.724	2.74476e-20
0.725	3.15925e-20
0.726	3.32349e-20
0.727	3.00009e-20
0.728	3.75752e-20
0.729	4.75e-20
0.73	5.47856e-20
0.731	6.36392e-20
0.732	5.70819e-20
0.733	4.79e-20
0.734	4.19353e-20
0.735	3.70104e-20
0.736	3.59771e-20
0.737	3.9666e-20
0.738	4.49283e-20
0.739	4.33877e-20
0.74	4.34195e-20
0.741	2.80305e-20
0.742	2.57438e-20
0.743	2.7101e-20
0.744	3.13153e-20
0.745	3.62846e-20
0.746	3.57002e-20
0.747	2.98625e-20
0.748	2.35883e-20
0.749	2.06655e-20
0.75	1.58816e-20
0.751	1.519e-20
0.752	1.88752e-20
0.753	2.23794e-20
0.754	2.35655e-20
0.755	1.86804e-20
0.756	1.68442e-20
0.757	1.80163e-20
0.758	1.77577e-20
0.759	2.03705e-20
0.76	2.40474e-20
0.761	2.97426e-20
0.762	3.32678e-20
0.763	3.57934e-20
0.764	3.61189e-20
0.765	3.44066e-20
0.766	4.10613e-20
0.767	3.69573e-20
0.768	3.89653e-20
0.769	4.38709e-20
0.77	3.95255e-20
0.771	3.49912e-20
0.772	2.83087e-20
0.773	2.16498e-20
0.774	2.91545e-20
0.775	3.46299e-20
0.776	4.10075e-20
0.777	4.0477e-20
0.778	3.81151e-20
0.779	2.70068e-20
0.78	2.34878e-20
0.781	2.43651e-20
0.782	2.20165e-20
0.783	2.62606e-20
0.784	2.69395e-20
0.785	3.67479e-20
0.786	4.09976e-20
0.787	3.8011e-20
0.788	3.06736e-20
0.789	1.64249e-20
0.79	1.17731e-20
0.791	2.00779e-20
0.792	2.31647e-20
0.793	2.84309e-20
0.794	3.03655e-20
0.795	3.09487e-20
0.796	3.19368e-20
0.797	2.94638e-20
0.798	3.40251e-20
0.799	3.49107e-20
0.8	3.72597e-20
0.801	3.31412e-20
0.802	3.24483e-20
0.803	2.81967e-20
0.804	3.01258e-20
0.805	2.65582e-20
0.806	2.44627e-20
0.807	2.46853e-20
0.808	2.77153e-20
0.809	2.88088e-20
0.81	3.31936e-20
0.811	3.88659e-20
0.812	3.63189e-20
0.813	3.38531e-20
0.814	3.04057e-20
0.815	3.2524e-20
0.816	2.53642e-20
0.817	2.63883e-20
0.818	3.29971e-20
0.819	3.75838e-20
0.82	3.71208e-20
0.821	3.43833e-20
0.822	3.31909e-20
0.823	3.2107e-20
0.824	3.01291e-20
0.825	2.63234e-20
0.826	3.18563e-20
0.827	2.92624e-20
0.828	2.18922e-20
0.829	2.10363e-20
0.83	2.09439e-20
0.831	3.11876e-20
0.832	3.376e-20
0.833	3.34628e-20
0.834	2.55373e-20
0.835	2.19423e-20
0.836	1.48128e-20
0.837	1.67821e-20
0.838	1.70083e-20
0.839	1.81053e-20
0.84	2.18594e-20
0.841	2.8272e-20
0.842	3.53463e-20
0.843	2.56235e-20
0.844	3.6004e-20
0.845	3.65079e-20
0.846	2.77304e-20
0.847	2.54464e-20
0.848	2.01934e-20
0.849	2.12843e-20
0.85	2.11041e-20
0.851	1.9519e-20
0.852	2.22755e-20
0.853	2.2703e-20
0.854	2.46136e-20
0.855	2.13547e-20
0.856	2.39326e-20
0.857	1.71048e-20
0.858	1.66403e-20
0.859	1.60649e-20
0.86	1.72139e-20
0.861	2.12602e-20
0.862	1.62093e-20
0.863	1.37522e-20
0.864	1.49247e-20
0.865	1.25141e-20
0.866	1.55066e-20
0.867	1.37195e-20
0.868	1.89365e-20
0.869	3.24512e-20
0.87	1.84648e-20
0.871	2.60326e-20
0.872	3.11979e-20
0.873	3.19622e-20
0.874	3.24969e-20
0.875	2.76924e-20
0.876	2.32179e-20
0.877	1.88355e-20
0.878	2.06096e-20
0.879	1.94672e-20
0.88	1.95899e-20
0.881	2.44605e-20
0.882	2.06633e-20
0.883	2.48443e-20
0.884	2.21133e-20
0.885	2.47413e-20
0.886	3.47938e-20
0.887	2.85399e-20
0.888	3.2792e-20
0.889	3.11747e-20
0.89	3.00095e-20
0.891	3.37795e-20
0.892	2.95613e-20
0.893	2.90205e-20
0.894	2.68205e-20
0.895	2.02172e-20
0.896	2.5794e-20
0.897	1.54694e-20
0.898	1.91846e-20
0.899	2.50355e-20
0.9	1.66007e-20
0.901	2.88648e-20
0.902	2.6436e-20
0.903	1.96027e-20
0.904	3.35267e-20
0.905	3.19563e-20
0.906	2.96464e-20
0.907	3.25594e-20
0.908	2.71763e-20
0.909	2.8347e-20
0.91	2.80949e-20
0.911	2.27531e-20
0.912	2.77712e-20
0.913	3.40652e-20
0.914	3.22344e-20
0.915	3.83999e-20
0.916	3.59551e-20
0.917	3.47779e-20
0.918	3.38925e-20
0.919	3.69261e-20
0.92	3.09734e-20
0.921	3.49325e-20
0.922	2.90529e-20
0.923	2.99333e-20
0.924	2.8856e-20
0.925	2.7859e-20
0.926	2.96553e-20
0.927	2.74627e-20
0.928	2.21948e-20
0.929	2.21217e-20
0.93	2.36773e-20
0.931	2.27951e-20
0.932	2.31835e-20
0.933	2.15014e-20
0.934	2.27078e-20
0.935	2.11369e-20
0.936	2.21506e-20
0.937	2.41288e-20
0.938	2.60032e-20
0.939	3.06029e-20
0.94	2.67645e-20
0.941	2.87196e-20
0.942	1.67696e-20
0.943	1.63622e-20
0.944	1.40036e-20
0.945	1.63497e-20
0.946	2.9367e-20
0.947	1.58474e-20
0.948	1.95271e-20
0.949	3.20872e-20
0.95	1.0698e-20
0.951	4.05152e-20
0.952	1.54952e-20
0.953	1.76001e-20
0.954	3.8079e-20
0.955	1.63517e-20
0.956	3.39477e-20
0.957	3.12482e-20
0.958	1.77045e-20
0.959	3.25763e-20
0.96	2.88055e-20
0.961	2.39912e-20
0.962	2.69781e-20
0.963	2.26878e-20
0.964	3.58538e-20
0.965	2.61836e-20
0.966	3.25086e-20
0.967	3.93829e-20
0.968	3.80838e-20
0.969	4.47777e-20
0.97	4.76152e-20
0.971	3.10105e-20
0.972	3.01184e-20
0.973	2.79638e-20
0.974	2.94822e-20
0.975	3.09287e-20
0.976	3.29673e-20
0.977	3.08394e-20
0.978	2.95124e-20
0.979	3.1395e-20
0.98	3.42855e-20
0.981	3.99297e-20
0.982	3.95799e-20
0.983	3.17909e-20
0.984	2.80225e-20
0.985	2.97793e-20
0.986	2.72138e-20
0.987	2.77345e-20
0.988	3.06166e-20
0.989	2.25623e-20
0.99	2.02052e-20
0.991	2.08975e-20
0.992	1.82385e-20
0.993	2.09669e-20
0.994	2.48678e-20
0.995	1.99765e-20
0.996	2.30933e-20
0.997	2.00532e-20
0.998	1.19553e-20
0.999	6.20895e-21
1	0
