0	0
0.001	1.46505e+11
0.002	4.20885e+11
0.003	5.99708e+11
0.004	6.58505e+11
0.005	6.6088e+11
0.006	6.48123e+11
0.007	6.3308e+11
0.008	6.17765e+11
0.009	6.03133e+11
0.01	5.88567e+11
0.011	5.74583e+11
0.012	5.60866e+11
0.013	5.47451e+11
0.014	5.34524e+11
0.015	5.2172e+11
0.016	5.09435e+11
0.017	4.97322e+11
0.018	4.85558e+11
0.019	4.7414e+11
0.02	4.62885e+11
0.021	4.52063e+11
0.022	4.41382e+11
0.023	4.31035e+11
0.024	4.20957e+11
0.025	4.11049e+11
0.026	4.01505e+11
0.027	3.92087e+11
0.028	3.82968e+11
0.029	3.74076e+11
0.03	3.6534e+11
0.031	3.56917e+11
0.032	3.4861e+11
0.033	3.40559e+11
0.034	3.32713e+11
0.035	3.25e+11
0.036	3.17561e+11
0.037	3.10231e+11
0.038	3.03111e+11
0.039	2.96188e+11
0.04	2.8937e+11
0.041	2.82792e+11
0.042	2.76324e+11
0.043	2.70018e+11
0.044	2.63906e+11
0.045	2.57876e+11
0.046	2.5205e+11
0.047	2.46343e+11
0.048	2.40749e+11
0.049	2.35347e+11
0.05	2.30016e+11
0.051	2.24844e+11
0.052	2.19808e+11
0.053	2.14846e+11
0.054	2.10058e+11
0.055	2.05351e+11
0.056	2.0075e+11
0.057	1.96301e+11
0.058	1.91905e+11
0.059	1.87646e+11
0.06	1.83494e+11
0.061	1.79401e+11
0.062	1.75453e+11
0.063	1.71571e+11
0.064	1.67771e+11
0.065	1.641e+11
0.066	1.60473e+11
0.067	1.5695e+11
0.068	1.53526e+11
0.069	1.50142e+11
0.07	1.46874e+11
0.071	1.43674e+11
0.072	1.40524e+11
0.073	1.37487e+11
0.074	1.34494e+11
0.075	1.31566e+11
0.076	1.28739e+11
0.077	1.2594e+11
0.078	1.23221e+11
0.079	1.20582e+11
0.08	1.17969e+11
0.081	1.15442e+11
0.082	1.12976e+11
0.083	1.10538e+11
0.084	1.08188e+11
0.085	1.05882e+11
0.086	1.03608e+11
0.087	1.0142e+11
0.088	9.92632e+10
0.089	9.7145e+10
0.09	9.51054e+10
0.091	9.30875e+10
0.092	9.11137e+10
0.093	8.92108e+10
0.094	8.73235e+10
0.095	8.54837e+10
0.096	8.37071e+10
0.097	8.19422e+10
0.098	8.02266e+10
0.099	7.8567e+10
0.1	7.69167e+10
0.101	7.53159e+10
0.102	7.37653e+10
0.103	7.22222e+10
0.104	7.07274e+10
0.105	6.92784e+10
0.106	6.78355e+10
0.107	6.64387e+10
0.108	6.50846e+10
0.109	6.37352e+10
0.11	6.2429e+10
0.111	6.11636e+10
0.112	5.99015e+10
0.113	5.86789e+10
0.114	5.74964e+10
0.115	5.63161e+10
0.116	5.51707e+10
0.117	5.40655e+10
0.118	5.2962e+10
0.119	5.18879e+10
0.12	5.08547e+10
0.121	4.98233e+10
0.122	4.88153e+10
0.123	4.78486e+10
0.124	4.68855e+10
0.125	4.59387e+10
0.126	4.50333e+10
0.127	4.41347e+10
0.128	4.32453e+10
0.129	4.23957e+10
0.13	4.1558e+10
0.131	4.07229e+10
0.132	3.99239e+10
0.133	3.91432e+10
0.134	3.83604e+10
0.135	3.76071e+10
0.136	3.68789e+10
0.137	3.6147e+10
0.138	3.54356e+10
0.139	3.47546e+10
0.14	3.40725e+10
0.141	3.34003e+10
0.142	3.27608e+10
0.143	3.21267e+10
0.144	3.14932e+10
0.145	3.08892e+10
0.146	3.03001e+10
0.147	2.9706e+10
0.148	2.91329e+10
0.149	2.85837e+10
0.15	2.80302e+10
0.151	2.74859e+10
0.152	2.69697e+10
0.153	2.6457e+10
0.154	2.59424e+10
0.155	2.54526e+10
0.156	2.49775e+10
0.157	2.44959e+10
0.158	2.40281e+10
0.159	2.35841e+10
0.16	2.31382e+10
0.161	2.2693e+10
0.162	2.22719e+10
0.163	2.18606e+10
0.164	2.14424e+10
0.165	2.10384e+10
0.166	2.06552e+10
0.167	2.02688e+10
0.168	1.98825e+10
0.169	1.9518e+10
0.17	1.91629e+10
0.171	1.88003e+10
0.172	1.84488e+10
0.173	1.81173e+10
0.174	1.77842e+10
0.175	1.74478e+10
0.176	1.71298e+10
0.177	1.68241e+10
0.178	1.65111e+10
0.179	1.62027e+10
0.18	1.59141e+10
0.181	1.56289e+10
0.182	1.53365e+10
0.183	1.50557e+10
0.184	1.47916e+10
0.185	1.45243e+10
0.186	1.42532e+10
0.187	1.39979e+10
0.188	1.37542e+10
0.189	1.35037e+10
0.19	1.32538e+10
0.191	1.30211e+10
0.192	1.2795e+10
0.193	1.25608e+10
0.194	1.23311e+10
0.195	1.21182e+10
0.196	1.19078e+10
0.197	1.16895e+10
0.198	1.14784e+10
0.199	1.12829e+10
0.2	1.10871e+10
0.201	1.08841e+10
0.202	1.06898e+10
0.203	1.05098e+10
0.204	1.03279e+10
0.205	1.01393e+10
0.206	9.9599e+09
0.207	9.79377e+09
0.208	9.62527e+09
0.209	9.4502e+09
0.21	9.28379e+09
0.211	9.13029e+09
0.212	8.97473e+09
0.213	8.81226e+09
0.214	8.65722e+09
0.215	8.51509e+09
0.216	8.37205e+09
0.217	8.22152e+09
0.218	8.07637e+09
0.219	7.94423e+09
0.22	7.81322e+09
0.221	7.67431e+09
0.222	7.53788e+09
0.223	7.41416e+09
0.224	7.29445e+09
0.225	7.16718e+09
0.226	7.03882e+09
0.227	6.92179e+09
0.228	6.81212e+09
0.229	6.6967e+09
0.23	6.57654e+09
0.231	6.46463e+09
0.232	6.363e+09
0.233	6.25934e+09
0.234	6.1484e+09
0.235	6.04079e+09
0.236	5.94454e+09
0.237	5.85153e+09
0.238	5.75135e+09
0.239	5.6487e+09
0.24	5.55522e+09
0.241	5.47011e+09
0.242	5.38164e+09
0.243	5.28639e+09
0.244	5.19455e+09
0.245	5.11326e+09
0.246	5.03521e+09
0.247	4.95047e+09
0.248	4.86213e+09
0.249	4.78115e+09
0.25	4.70915e+09
0.251	4.63606e+09
0.252	4.55572e+09
0.253	4.47514e+09
0.254	4.40361e+09
0.255	4.33867e+09
0.256	4.26998e+09
0.257	4.19474e+09
0.258	4.12159e+09
0.259	4.05777e+09
0.26	3.99864e+09
0.261	3.93454e+09
0.262	3.86465e+09
0.263	3.79792e+09
0.264	3.74028e+09
0.265	3.68641e+09
0.266	3.62728e+09
0.267	3.56264e+09
0.268	3.5011e+09
0.269	3.44832e+09
0.27	3.39943e+09
0.271	3.34573e+09
0.272	3.28621e+09
0.273	3.22869e+09
0.274	3.17947e+09
0.275	3.13519e+09
0.276	3.08735e+09
0.277	3.03314e+09
0.278	2.97885e+09
0.279	2.93179e+09
0.28	2.89123e+09
0.281	2.84947e+09
0.282	2.80128e+09
0.283	2.75018e+09
0.284	2.70398e+09
0.285	2.66546e+09
0.286	2.6292e+09
0.287	2.58803e+09
0.288	2.54134e+09
0.289	2.49559e+09
0.29	2.45683e+09
0.291	2.42393e+09
0.292	2.38999e+09
0.293	2.35003e+09
0.294	2.30636e+09
0.295	2.26591e+09
0.296	2.23271e+09
0.297	2.20367e+09
0.298	2.17199e+09
0.299	2.13429e+09
0.3	2.09397e+09
0.301	2.05758e+09
0.302	2.02817e+09
0.303	2.00231e+09
0.304	1.97363e+09
0.305	1.93908e+09
0.306	1.90178e+09
0.307	1.86789e+09
0.308	1.84071e+09
0.309	1.81765e+09
0.31	1.79279e+09
0.311	1.76235e+09
0.312	1.72802e+09
0.313	1.69531e+09
0.314	1.66861e+09
0.315	1.64734e+09
0.316	1.62664e+09
0.317	1.60154e+09
0.318	1.57119e+09
0.319	1.53943e+09
0.32	1.51148e+09
0.321	1.48972e+09
0.322	1.47182e+09
0.323	1.45272e+09
0.324	1.42864e+09
0.325	1.39997e+09
0.326	1.37079e+09
0.327	1.34578e+09
0.328	1.32668e+09
0.329	1.31113e+09
0.33	1.29449e+09
0.331	1.27317e+09
0.332	1.24711e+09
0.333	1.21972e+09
0.334	1.19544e+09
0.335	1.17674e+09
0.336	1.16257e+09
0.337	1.14913e+09
0.338	1.13239e+09
0.339	1.11061e+09
0.34	1.08535e+09
0.341	1.06042e+09
0.342	1.03949e+09
0.343	1.02396e+09
0.344	1.01222e+09
0.345	1.00066e+09
0.346	9.85748e+08
0.347	9.65985e+08
0.348	9.42607e+08
0.349	9.18853e+08
0.35	8.98196e+08
0.351	8.82568e+08
0.352	8.71449e+08
0.353	8.6221e+08
0.354	8.51458e+08
0.355	8.36657e+08
0.356	8.17255e+08
0.357	7.9486e+08
0.358	7.72429e+08
0.359	7.52945e+08
0.36	7.38146e+08
0.361	7.27869e+08
0.362	7.2019e+08
0.363	7.12258e+08
0.364	7.01428e+08
0.365	6.86237e+08
0.366	6.66879e+08
0.367	6.45053e+08
0.368	6.23306e+08
0.369	6.04131e+08
0.37	5.89154e+08
0.371	5.78667e+08
0.372	5.71604e+08
0.373	5.65931e+08
0.374	5.59283e+08
0.375	5.49646e+08
0.376	5.35869e+08
0.377	5.17916e+08
0.378	4.96799e+08
0.379	4.74268e+08
0.38	4.52349e+08
0.381	4.32877e+08
0.382	4.17109e+08
0.383	4.05508e+08
0.384	3.97714e+08
0.385	3.92667e+08
0.386	3.88855e+08
0.387	3.846e+08
0.388	3.78344e+08
0.389	3.6886e+08
0.39	3.55398e+08
0.391	3.37725e+08
0.392	3.16093e+08
0.393	2.91147e+08
0.394	2.63802e+08
0.395	2.35102e+08
0.396	2.06104e+08
0.397	1.77772e+08
0.398	1.50911e+08
0.399	1.2613e+08
0.4	1.03832e+08
0.401	8.42236e+07
0.402	6.73451e+07
0.403	5.31037e+07
0.404	4.13107e+07
0.405	3.17166e+07
0.406	2.40412e+07
0.407	1.7998e+07
0.408	1.33119e+07
0.409	9.73058e+06
0.41	7.03165e+06
0.411	5.02483e+06
0.412	3.55182e+06
0.413	2.48406e+06
0.414	1.71934e+06
0.415	1.17803e+06
0.416	799178
0.417	536932
0.418	357334
0.419	235610
0.42	153944
0.421	99691.1
0.422	63996.2
0.423	40731.2
0.424	25706.7
0.425	16090.9
0.426	9990.53
0.427	6153.72
0.428	3760.85
0.429	2280.82
0.43	1372.81
0.431	820.152
0.432	486.404
0.433	286.397
0.434	167.439
0.435	97.2095
0.436	56.0492
0.437	32.0985
0.438	18.2598
0.439	10.3191
0.44	5.79389
0.441	3.23232
0.442	1.79189
0.443	0.987196
0.444	0.540533
0.445	0.294174
0.446	0.159142
0.447	0.0855842
0.448	0.045758
0.449	0.024324
0.45	0.0128566
0.451	0.00675734
0.452	0.00353191
0.453	0.00183593
0.454	0.000949174
0.455	0.000488095
0.456	0.000249665
0.457	0.000127038
0.458	6.43072e-05
0.459	3.2386e-05
0.46	1.62276e-05
0.461	8.09042e-06
0.462	4.0136e-06
0.463	1.98137e-06
0.464	9.73396e-07
0.465	4.75912e-07
0.466	2.31579e-07
0.467	1.12158e-07
0.468	5.40675e-08
0.469	2.59443e-08
0.47	1.23927e-08
0.471	5.89292e-09
0.472	2.78967e-09
0.473	1.31478e-09
0.474	6.16946e-10
0.475	2.88243e-10
0.476	1.34092e-10
0.477	6.21151e-11
0.478	2.86526e-11
0.479	1.31619e-11
0.48	6.02136e-12
0.481	2.74351e-12
0.482	1.24509e-12
0.483	5.62852e-13
0.484	2.53484e-13
0.485	1.13744e-13
0.486	5.08568e-14
0.487	2.26614e-14
0.488	1.00641e-14
0.489	4.45318e-15
0.49	1.96663e-15
0.491	8.649e-16
0.492	3.80659e-16
0.493	1.68103e-16
0.494	7.39537e-17
0.495	3.25306e-17
0.496	1.44672e-17
0.497	6.61651e-18
0.498	3.24291e-18
0.499	1.83546e-18
0.5	1.29195e-18
0.501	9.52831e-19
0.502	9.24838e-19
0.503	8.79733e-19
0.504	8.94904e-19
0.505	8.09803e-19
0.506	7.35232e-19
0.507	5.91699e-19
0.508	5.92335e-19
0.509	5.93653e-19
0.51	6.33372e-19
0.511	5.42365e-19
0.512	5.05123e-19
0.513	5.94752e-19
0.514	5.18556e-19
0.515	5.44451e-19
0.516	4.75007e-19
0.517	4.10756e-19
0.518	3.79416e-19
0.519	4.41591e-19
0.52	4.35148e-19
0.521	3.80842e-19
0.522	4.08868e-19
0.523	3.49089e-19
0.524	3.59059e-19
0.525	3.26129e-19
0.526	3.13315e-19
0.527	3.84305e-19
0.528	4.43537e-19
0.529	5.03174e-19
0.53	4.43196e-19
0.531	4.981e-19
0.532	4.29086e-19
0.533	4.56457e-19
0.534	4.73968e-19
0.535	4.19505e-19
0.536	3.6145e-19
0.537	2.73366e-19
0.538	3.25189e-19
0.539	5.07683e-19
0.54	5.11132e-19
0.541	4.54412e-19
0.542	5.10683e-19
0.543	4.45829e-19
0.544	3.31563e-19
0.545	3.09829e-19
0.546	3.05702e-19
0.547	4.64419e-19
0.548	4.37641e-19
0.549	3.34356e-19
0.55	4.76781e-19
0.551	4.58931e-19
0.552	4.78125e-19
0.553	4.66717e-19
0.554	3.86733e-19
0.555	3.15261e-19
0.556	2.88286e-19
0.557	2.13773e-19
0.558	3.34549e-19
0.559	5.05751e-19
0.56	3.93475e-19
0.561	4.47444e-19
0.562	3.79368e-19
0.563	3.23272e-19
0.564	3.81692e-19
0.565	3.89055e-19
0.566	4.59971e-19
0.567	6.33305e-19
0.568	6.85683e-19
0.569	6.70449e-19
0.57	8.64646e-19
0.571	7.49261e-19
0.572	8.90354e-19
0.573	7.30684e-19
0.574	5.98854e-19
0.575	4.87421e-19
0.576	5.37455e-19
0.577	5.36546e-19
0.578	5.80744e-19
0.579	4.79224e-19
0.58	4.70714e-19
0.581	5.80192e-19
0.582	4.54934e-19
0.583	4.06941e-19
0.584	4.10036e-19
0.585	3.08835e-19
0.586	3.56194e-19
0.587	3.4604e-19
0.588	2.69506e-19
0.589	5.69667e-19
0.59	2.51787e-19
0.591	3.62921e-19
0.592	4.96382e-19
0.593	2.64785e-19
0.594	3.20173e-19
0.595	3.12369e-19
0.596	2.83389e-19
0.597	3.5874e-19
0.598	3.18308e-19
0.599	2.6993e-19
0.6	5.13013e-19
0.601	3.25123e-19
0.602	4.94798e-19
0.603	3.67589e-19
0.604	2.39624e-19
0.605	2.82259e-19
0.606	2.62029e-19
0.607	2.15795e-19
0.608	4.42203e-19
0.609	2.56855e-19
0.61	3.75189e-19
0.611	4.33332e-19
0.612	2.90462e-19
0.613	4.9615e-19
0.614	3.63513e-19
0.615	2.85073e-19
0.616	3.91681e-19
0.617	5.34006e-19
0.618	2.6609e-19
0.619	2.19726e-19
0.62	2.30213e-19
0.621	2.23941e-19
0.622	1.92672e-19
0.623	1.74117e-19
0.624	1.95318e-19
0.625	2.73334e-19
0.626	1.98719e-19
0.627	3.04186e-19
0.628	3.26827e-19
0.629	3.53477e-19
0.63	4.18533e-19
0.631	2.68311e-19
0.632	3.14428e-19
0.633	4.26204e-19
0.634	5.40951e-19
0.635	3.86929e-19
0.636	6.72622e-19
0.637	4.79161e-19
0.638	5.55496e-19
0.639	8.3662e-19
0.64	6.42073e-19
0.641	6.1274e-19
0.642	5.31575e-19
0.643	3.98155e-19
0.644	4.64242e-19
0.645	3.19382e-19
0.646	3.18505e-19
0.647	3.9046e-19
0.648	2.34387e-19
0.649	3.28491e-19
0.65	3.81412e-19
0.651	2.21856e-19
0.652	3.99214e-19
0.653	5.88099e-19
0.654	3.55633e-19
0.655	5.17285e-19
0.656	4.10477e-19
0.657	3.25514e-19
0.658	4.22965e-19
0.659	4.13127e-19
0.66	5.35806e-19
0.661	6.91479e-19
0.662	5.5892e-19
0.663	5.87608e-19
0.664	4.61852e-19
0.665	4.04275e-19
0.666	4.44717e-19
0.667	4.27435e-19
0.668	3.61894e-19
0.669	4.30971e-19
0.67	2.7478e-19
0.671	1.92976e-19
0.672	2.36488e-19
0.673	2.55294e-19
0.674	2.63403e-19
0.675	2.7209e-19
0.676	3.04762e-19
0.677	2.64225e-19
0.678	2.55158e-19
0.679	1.73348e-19
0.68	3.33435e-19
0.681	2.78638e-19
0.682	3.55536e-19
0.683	4.99755e-19
0.684	3.78425e-19
0.685	4.01223e-19
0.686	3.13826e-19
0.687	2.97326e-19
0.688	3.51092e-19
0.689	5.07302e-19
0.69	3.874e-19
0.691	4.73481e-19
0.692	3.77527e-19
0.693	3.9784e-19
0.694	4.0506e-19
0.695	2.5469e-19
0.696	2.96711e-19
0.697	2.33591e-19
0.698	2.4533e-19
0.699	2.83313e-19
0.7	2.39179e-19
0.701	3.05499e-19
0.702	3.02478e-19
0.703	3.75224e-19
0.704	3.23681e-19
0.705	3.22174e-19
0.706	3.42574e-19
0.707	3.03563e-19
0.708	2.70022e-19
0.709	3.9071e-19
0.71	2.95545e-19
0.711	3.34131e-19
0.712	4.26541e-19
0.713	3.20269e-19
0.714	3.64471e-19
0.715	3.21376e-19
0.716	2.43798e-19
0.717	2.33199e-19
0.718	3.10862e-19
0.719	1.80278e-19
0.72	3.07027e-19
0.721	2.33148e-19
0.722	2.23617e-19
0.723	3.82011e-19
0.724	3.0846e-19
0.725	2.68242e-19
0.726	3.65624e-19
0.727	2.5916e-19
0.728	4.00328e-19
0.729	3.08059e-19
0.73	3.49732e-19
0.731	4.86767e-19
0.732	5.2767e-19
0.733	3.45987e-19
0.734	3.64554e-19
0.735	2.97907e-19
0.736	3.48509e-19
0.737	5.51118e-19
0.738	3.33966e-19
0.739	3.40312e-19
0.74	3.26958e-19
0.741	2.41333e-19
0.742	3.45704e-19
0.743	2.44065e-19
0.744	1.66972e-19
0.745	1.54129e-19
0.746	1.4735e-19
0.747	1.66039e-19
0.748	2.6915e-19
0.749	2.03535e-19
0.75	1.87321e-19
0.751	3.06635e-19
0.752	1.82572e-19
0.753	2.18168e-19
0.754	1.92728e-19
0.755	1.74473e-19
0.756	1.78411e-19
0.757	2.42839e-19
0.758	3.36293e-19
0.759	2.82907e-19
0.76	3.84955e-19
0.761	3.17381e-19
0.762	2.96713e-19
0.763	3.49927e-19
0.764	2.84714e-19
0.765	3.9484e-19
0.766	2.95494e-19
0.767	2.51155e-19
0.768	3.1873e-19
0.769	2.86876e-19
0.77	2.15476e-19
0.771	2.71631e-19
0.772	2.18446e-19
0.773	2.93444e-19
0.774	3.4276e-19
0.775	3.55893e-19
0.776	3.67785e-19
0.777	2.92752e-19
0.778	2.3607e-19
0.779	1.86089e-19
0.78	2.782e-19
0.781	2.3711e-19
0.782	2.36737e-19
0.783	3.23556e-19
0.784	2.76448e-19
0.785	2.57055e-19
0.786	3.52324e-19
0.787	3.06774e-19
0.788	1.73817e-19
0.789	2.45974e-19
0.79	1.82418e-19
0.791	2.49848e-19
0.792	2.44429e-19
0.793	2.9567e-19
0.794	2.82087e-19
0.795	4.11554e-19
0.796	2.60985e-19
0.797	2.47825e-19
0.798	3.28324e-19
0.799	2.36503e-19
0.8	3.23798e-19
0.801	3.73243e-19
0.802	3.0016e-19
0.803	4.32917e-19
0.804	4.91521e-19
0.805	3.72504e-19
0.806	6.16393e-19
0.807	4.30475e-19
0.808	3.24301e-19
0.809	3.15097e-19
0.81	2.15022e-19
0.811	2.55485e-19
0.812	2.35091e-19
0.813	2.88255e-19
0.814	3.44446e-19
0.815	3.08628e-19
0.816	2.29387e-19
0.817	2.4062e-19
0.818	3.51494e-19
0.819	2.71143e-19
0.82	3.49181e-19
0.821	2.10812e-19
0.822	2.41286e-19
0.823	2.31702e-19
0.824	2.387e-19
0.825	2.13189e-19
0.826	2.87101e-19
0.827	1.59926e-19
0.828	2.45946e-19
0.829	1.95494e-19
0.83	2.19831e-19
0.831	3.18871e-19
0.832	3.73967e-19
0.833	3.04988e-19
0.834	3.03043e-19
0.835	1.81542e-19
0.836	1.90146e-19
0.837	1.72838e-19
0.838	1.95267e-19
0.839	1.66983e-19
0.84	3.14448e-19
0.841	2.708e-19
0.842	2.91442e-19
0.843	1.78527e-19
0.844	1.79897e-19
0.845	2.23321e-19
0.846	3.16743e-19
0.847	1.91309e-19
0.848	2.82599e-19
0.849	3.06761e-19
0.85	2.96277e-19
0.851	2.69345e-19
0.852	1.98321e-19
0.853	3.38506e-19
0.854	2.70015e-19
0.855	1.63814e-19
0.856	2.78415e-19
0.857	2.36281e-19
0.858	3.41888e-19
0.859	3.21111e-19
0.86	3.5895e-19
0.861	2.57785e-19
0.862	3.74442e-19
0.863	2.97796e-19
0.864	2.4937e-19
0.865	3.35457e-19
0.866	2.69793e-19
0.867	2.94461e-19
0.868	3.48423e-19
0.869	4.09939e-19
0.87	3.94031e-19
0.871	2.58433e-19
0.872	2.48912e-19
0.873	2.67195e-19
0.874	3.42048e-19
0.875	1.71345e-19
0.876	2.80553e-19
0.877	2.02952e-19
0.878	2.31582e-19
0.879	2.84818e-19
0.88	2.45436e-19
0.881	3.03399e-19
0.882	2.86535e-19
0.883	2.22652e-19
0.884	4.81664e-19
0.885	2.41954e-19
0.886	2.34332e-19
0.887	3.66233e-19
0.888	3.28914e-19
0.889	2.76424e-19
0.89	4.07446e-19
0.891	2.32808e-19
0.892	2.99522e-19
0.893	3.08369e-19
0.894	1.91302e-19
0.895	2.17887e-19
0.896	2.47001e-19
0.897	2.66037e-19
0.898	3.25492e-19
0.899	3.17481e-19
0.9	1.42784e-19
0.901	2.60659e-19
0.902	3.87213e-19
0.903	1.90243e-19
0.904	4.8524e-19
0.905	2.70158e-19
0.906	2.23181e-19
0.907	3.32025e-19
0.908	2.50708e-19
0.909	2.2598e-19
0.91	3.79361e-19
0.911	2.3429e-19
0.912	2.89331e-19
0.913	3.56486e-19
0.914	4.06733e-19
0.915	2.86303e-19
0.916	5.64938e-19
0.917	3.75231e-19
0.918	3.94379e-19
0.919	6.55422e-19
0.92	3.95687e-19
0.921	3.59691e-19
0.922	4.29252e-19
0.923	2.50757e-19
0.924	2.56566e-19
0.925	5.2612e-19
0.926	3.01696e-19
0.927	6.37884e-19
0.928	6.84673e-19
0.929	2.57443e-19
0.93	6.96986e-19
0.931	5.20137e-19
0.932	3.23644e-19
0.933	5.73036e-19
0.934	4.29068e-19
0.935	2.83554e-19
0.936	4.51091e-19
0.937	3.22144e-19
0.938	3.54979e-19
0.939	5.39459e-19
0.94	2.69185e-19
0.941	3.66101e-19
0.942	4.06404e-19
0.943	2.77017e-19
0.944	2.90466e-19
0.945	6.18719e-19
0.946	2.09757e-19
0.947	4.07874e-19
0.948	5.17228e-19
0.949	1.89952e-19
0.95	4.30191e-19
0.951	4.69656e-19
0.952	1.91322e-19
0.953	3.66646e-19
0.954	3.66947e-19
0.955	3.08365e-19
0.956	3.28606e-19
0.957	3.05586e-19
0.958	2.82986e-19
0.959	5.29333e-19
0.96	3.70193e-19
0.961	3.25503e-19
0.962	4.69067e-19
0.963	3.1947e-19
0.964	5.26499e-19
0.965	6.43654e-19
0.966	2.29098e-19
0.967	4.73318e-19
0.968	6.67854e-19
0.969	2.36415e-19
0.97	6.2646e-19
0.971	6.53385e-19
0.972	3.44575e-19
0.973	5.61126e-19
0.974	5.4701e-19
0.975	2.68823e-19
0.976	3.84078e-19
0.977	4.5548e-19
0.978	3.07331e-19
0.979	6.04237e-19
0.98	3.8186e-19
0.981	4.82917e-19
0.982	7.81286e-19
0.983	4.24476e-19
0.984	4.83269e-19
0.985	6.12811e-19
0.986	3.37474e-19
0.987	5.86128e-19
0.988	4.40584e-19
0.989	2.64516e-19
0.99	4.90918e-19
0.991	4.69609e-19
0.992	3.55727e-19
0.993	7.05398e-19
0.994	5.23472e-19
0.995	2.76572e-19
0.996	6.79459e-19
0.997	2.65805e-19
0.998	4.60237e-19
0.999	4.49664e-19
1	0
