0	0
0.001	4.24005e+10
0.002	1.22145e+11
0.003	1.74352e+11
0.004	1.91649e+11
0.005	1.92564e+11
0.006	1.89009e+11
0.007	1.84846e+11
0.008	1.80549e+11
0.009	1.76459e+11
0.01	1.72398e+11
0.011	1.6845e+11
0.012	1.64636e+11
0.013	1.60843e+11
0.014	1.5722e+11
0.015	1.53626e+11
0.016	1.50141e+11
0.017	1.46758e+11
0.018	1.43409e+11
0.019	1.40199e+11
0.02	1.37019e+11
0.021	1.33935e+11
0.022	1.30938e+11
0.023	1.27975e+11
0.024	1.25128e+11
0.025	1.22315e+11
0.026	1.19579e+11
0.027	1.16925e+11
0.028	1.143e+11
0.029	1.11773e+11
0.03	1.09285e+11
0.031	1.06853e+11
0.032	1.04503e+11
0.033	1.02175e+11
0.034	9.9928e+10
0.035	9.77274e+10
0.036	9.5564e+10
0.037	9.34788e+10
0.038	9.14168e+10
0.039	8.94143e+10
0.04	8.74672e+10
0.041	8.55428e+10
0.042	8.36877e+10
0.043	8.18631e+10
0.044	8.00756e+10
0.045	7.83495e+10
0.046	7.66409e+10
0.047	7.49844e+10
0.048	7.33706e+10
0.049	7.17761e+10
0.05	7.02389e+10
0.051	6.87266e+10
0.052	6.72438e+10
0.053	6.58125e+10
0.054	6.43958e+10
0.055	6.30193e+10
0.056	6.16816e+10
0.057	6.03574e+10
0.058	5.9079e+10
0.059	5.7826e+10
0.06	5.65913e+10
0.061	5.54016e+10
0.062	5.42271e+10
0.063	5.3078e+10
0.064	5.19679e+10
0.065	5.08677e+10
0.066	4.97989e+10
0.067	4.87608e+10
0.068	4.77315e+10
0.069	4.6737e+10
0.07	4.57648e+10
0.071	4.48031e+10
0.072	4.38766e+10
0.073	4.29654e+10
0.074	4.20678e+10
0.075	4.12035e+10
0.076	4.03493e+10
0.077	3.9512e+10
0.078	3.87047e+10
0.079	3.79041e+10
0.08	3.71229e+10
0.081	3.63681e+10
0.082	3.5618e+10
0.083	3.4889e+10
0.084	3.41826e+10
0.085	3.34801e+10
0.086	3.27995e+10
0.087	3.21381e+10
0.088	3.14802e+10
0.089	3.08443e+10
0.09	3.02249e+10
0.091	2.96088e+10
0.092	2.90143e+10
0.093	2.84342e+10
0.094	2.78571e+10
0.095	2.73009e+10
0.096	2.67576e+10
0.097	2.6217e+10
0.098	2.56963e+10
0.099	2.51875e+10
0.1	2.4681e+10
0.101	2.41931e+10
0.102	2.37167e+10
0.103	2.32419e+10
0.104	2.27845e+10
0.105	2.23385e+10
0.106	2.18934e+10
0.107	2.14641e+10
0.108	2.10467e+10
0.109	2.06294e+10
0.11	2.02262e+10
0.111	1.98354e+10
0.112	1.94444e+10
0.113	1.90652e+10
0.114	1.86992e+10
0.115	1.8333e+10
0.116	1.79761e+10
0.117	1.76331e+10
0.118	1.72905e+10
0.119	1.69543e+10
0.12	1.66324e+10
0.121	1.63122e+10
0.122	1.59954e+10
0.123	1.56928e+10
0.124	1.53938e+10
0.125	1.50956e+10
0.126	1.48103e+10
0.127	1.45312e+10
0.128	1.42511e+10
0.129	1.39813e+10
0.13	1.37205e+10
0.131	1.34581e+10
0.132	1.32027e+10
0.133	1.29582e+10
0.134	1.27134e+10
0.135	1.24715e+10
0.136	1.22412e+10
0.137	1.20132e+10
0.138	1.17849e+10
0.139	1.15667e+10
0.14	1.13544e+10
0.141	1.11401e+10
0.142	1.09325e+10
0.143	1.07339e+10
0.144	1.05342e+10
0.145	1.03367e+10
0.146	1.01493e+10
0.147	9.96396e+09
0.148	9.77725e+09
0.149	9.59866e+09
0.15	9.42636e+09
0.151	9.25177e+09
0.152	9.0809e+09
0.153	8.91896e+09
0.154	8.75727e+09
0.155	8.59478e+09
0.156	8.44032e+09
0.157	8.29063e+09
0.158	8.13838e+09
0.159	7.98988e+09
0.16	7.84942e+09
0.161	7.7088e+09
0.162	7.56712e+09
0.163	7.43263e+09
0.164	7.30279e+09
0.165	7.17036e+09
0.166	7.04045e+09
0.167	6.91815e+09
0.168	6.79647e+09
0.169	6.67275e+09
0.17	6.55465e+09
0.171	6.44211e+09
0.172	6.32753e+09
0.173	6.21324e+09
0.174	6.10587e+09
0.175	6.00109e+09
0.176	5.89353e+09
0.177	5.78879e+09
0.178	5.69059e+09
0.179	5.59238e+09
0.18	5.49203e+09
0.181	5.39637e+09
0.182	5.30588e+09
0.183	5.21365e+09
0.184	5.12057e+09
0.185	5.03315e+09
0.186	4.94924e+09
0.187	4.86275e+09
0.188	4.77672e+09
0.189	4.6966e+09
0.19	4.61852e+09
0.191	4.53761e+09
0.192	4.4582e+09
0.193	4.38451e+09
0.194	4.31177e+09
0.195	4.23625e+09
0.196	4.16289e+09
0.197	4.09492e+09
0.198	4.02721e+09
0.199	3.95683e+09
0.2	3.8889e+09
0.201	3.82605e+09
0.202	3.76314e+09
0.203	3.69762e+09
0.204	3.63452e+09
0.205	3.5763e+09
0.206	3.518e+09
0.207	3.45707e+09
0.208	3.39823e+09
0.209	3.34416e+09
0.21	3.29031e+09
0.211	3.23374e+09
0.212	3.17866e+09
0.213	3.12826e+09
0.214	3.07866e+09
0.215	3.02632e+09
0.216	2.97459e+09
0.217	2.92735e+09
0.218	2.88175e+09
0.219	2.83358e+09
0.22	2.78495e+09
0.221	2.74031e+09
0.222	2.69832e+09
0.223	2.65433e+09
0.224	2.60876e+09
0.225	2.56622e+09
0.226	2.52723e+09
0.227	2.48738e+09
0.228	2.4451e+09
0.229	2.40432e+09
0.23	2.36753e+09
0.231	2.33153e+09
0.232	2.29294e+09
0.233	2.25399e+09
0.234	2.21856e+09
0.235	2.18566e+09
0.236	2.15111e+09
0.237	2.11456e+09
0.238	2.07996e+09
0.239	2.04897e+09
0.24	2.0183e+09
0.241	1.98509e+09
0.242	1.95152e+09
0.243	1.92119e+09
0.244	1.89335e+09
0.245	1.86415e+09
0.246	1.83275e+09
0.247	1.80254e+09
0.248	1.77579e+09
0.249	1.75016e+09
0.25	1.72236e+09
0.251	1.69317e+09
0.252	1.66614e+09
0.253	1.64223e+09
0.254	1.61837e+09
0.255	1.59212e+09
0.256	1.56521e+09
0.257	1.54093e+09
0.258	1.5193e+09
0.259	1.49711e+09
0.26	1.47254e+09
0.261	1.44777e+09
0.262	1.42573e+09
0.263	1.40605e+09
0.264	1.38555e+09
0.265	1.36275e+09
0.266	1.33983e+09
0.267	1.31958e+09
0.268	1.30159e+09
0.269	1.28289e+09
0.27	1.26191e+09
0.271	1.24057e+09
0.272	1.22164e+09
0.273	1.20512e+09
0.274	1.18828e+09
0.275	1.16923e+09
0.276	1.1493e+09
0.277	1.13128e+09
0.278	1.11587e+09
0.279	1.10088e+09
0.28	1.08394e+09
0.281	1.06545e+09
0.282	1.04801e+09
0.283	1.03323e+09
0.284	1.01981e+09
0.285	1.00515e+09
0.286	9.88453e+08
0.287	9.71568e+08
0.288	9.56827e+08
0.289	9.44329e+08
0.29	9.31874e+08
0.291	9.175e+08
0.292	9.01666e+08
0.293	8.86686e+08
0.294	8.74135e+08
0.295	8.63142e+08
0.296	8.51385e+08
0.297	8.37609e+08
0.298	8.22931e+08
0.299	8.09607e+08
0.3	7.98644e+08
0.301	7.8879e+08
0.302	7.77862e+08
0.303	7.6498e+08
0.304	7.51421e+08
0.305	7.39288e+08
0.306	7.29418e+08
0.307	7.20587e+08
0.308	7.10747e+08
0.309	6.98997e+08
0.31	6.86415e+08
0.311	6.74987e+08
0.312	6.65742e+08
0.313	6.57824e+08
0.314	6.49315e+08
0.315	6.38991e+08
0.316	6.27391e+08
0.317	6.16294e+08
0.318	6.07136e+08
0.319	5.99771e+08
0.32	5.92639e+08
0.321	5.84115e+08
0.322	5.73871e+08
0.323	5.63108e+08
0.324	5.53533e+08
0.325	5.45966e+08
0.326	5.39707e+08
0.327	5.33125e+08
0.328	5.24956e+08
0.329	5.15268e+08
0.33	5.05367e+08
0.331	4.96781e+08
0.332	4.90118e+08
0.333	4.84638e+08
0.334	4.78833e+08
0.335	4.71522e+08
0.336	4.62678e+08
0.337	4.53413e+08
0.338	4.45174e+08
0.339	4.38754e+08
0.34	4.33773e+08
0.341	4.28967e+08
0.342	4.23035e+08
0.343	4.15478e+08
0.344	4.06891e+08
0.345	3.98556e+08
0.346	3.91628e+08
0.347	3.86435e+08
0.348	3.82312e+08
0.349	3.78016e+08
0.35	3.72472e+08
0.351	3.65379e+08
0.352	3.57355e+08
0.353	3.49563e+08
0.354	3.43055e+08
0.355	3.38215e+08
0.356	3.34572e+08
0.357	3.3108e+08
0.358	3.26663e+08
0.359	3.20764e+08
0.36	3.13594e+08
0.361	3.06006e+08
0.362	2.99062e+08
0.363	2.93532e+08
0.364	2.89548e+08
0.365	2.86569e+08
0.366	2.83646e+08
0.367	2.79845e+08
0.368	2.74644e+08
0.369	2.68134e+08
0.37	2.60953e+08
0.371	2.54013e+08
0.372	2.48131e+08
0.373	2.43721e+08
0.374	2.40653e+08
0.375	2.3833e+08
0.376	2.35914e+08
0.377	2.3263e+08
0.378	2.28029e+08
0.379	2.22114e+08
0.38	2.15325e+08
0.381	2.08375e+08
0.382	2.02018e+08
0.383	1.96823e+08
0.384	1.93017e+08
0.385	1.90441e+08
0.386	1.88608e+08
0.387	1.86855e+08
0.388	1.84519e+08
0.389	1.81102e+08
0.39	1.76382e+08
0.391	1.70447e+08
0.392	1.63654e+08
0.393	1.56537e+08
0.394	1.49683e+08
0.395	1.43608e+08
0.396	1.38665e+08
0.397	1.34986e+08
0.398	1.32479e+08
0.399	1.30855e+08
0.4	1.29692e+08
0.401	1.28511e+08
0.402	1.26847e+08
0.403	1.24314e+08
0.404	1.20644e+08
0.405	1.15709e+08
0.406	1.09522e+08
0.407	1.02213e+08
0.408	9.40071e+07
0.409	8.51843e+07
0.41	7.60488e+07
0.411	6.68978e+07
0.412	5.79979e+07
0.413	4.95699e+07
0.414	4.17802e+07
0.415	3.47391e+07
0.416	2.85048e+07
0.417	2.309e+07
0.418	1.84709e+07
0.419	1.4597e+07
0.42	1.13997e+07
0.421	8.80063e+06
0.422	6.71837e+06
0.423	5.07306e+06
0.424	3.79014e+06
0.425	2.80245e+06
0.426	2.05129e+06
0.427	1.48673e+06
0.428	1.06722e+06
0.429	758912
0.43	534731
0.431	373400
0.432	258461
0.433	177369
0.434	120698
0.435	81458.4
0.436	54532.8
0.437	36218.8
0.438	23868.8
0.439	15610.2
0.44	10132.9
0.441	6529.19
0.442	4176.81
0.443	2653.04
0.444	1673.44
0.445	1048.32
0.446	652.289
0.447	403.182
0.448	247.584
0.449	151.059
0.45	91.5832
0.451	55.1791
0.452	33.0416
0.453	19.666
0.454	11.6353
0.455	6.84353
0.456	4.00186
0.457	2.3268
0.458	1.34525
0.459	0.77344
0.46	0.442247
0.461	0.251505
0.462	0.142267
0.463	0.0800513
0.464	0.0448091
0.465	0.0249532
0.466	0.0138254
0.467	0.00762162
0.468	0.00418082
0.469	0.00228215
0.47	0.00123972
0.471	0.000670232
0.472	0.000360637
0.473	0.000193145
0.474	0.000102965
0.475	5.46399e-05
0.476	2.88647e-05
0.477	1.51804e-05
0.478	7.9484e-06
0.479	4.1436e-06
0.48	2.15079e-06
0.481	1.11163e-06
0.482	5.72118e-07
0.483	2.93219e-07
0.484	1.49658e-07
0.485	7.60725e-08
0.486	3.85118e-08
0.487	1.94185e-08
0.488	9.75241e-09
0.489	4.87865e-09
0.49	2.43107e-09
0.491	1.20676e-09
0.492	5.9674e-10
0.493	2.93976e-10
0.494	1.44283e-10
0.495	7.05523e-11
0.496	3.43729e-11
0.497	1.66857e-11
0.498	8.07068e-12
0.499	3.88985e-12
0.5	1.86819e-12
0.501	8.94167e-13
0.502	4.26465e-13
0.503	2.02728e-13
0.504	9.60275e-14
0.505	4.53276e-14
0.506	2.13225e-14
0.507	9.99699e-15
0.508	4.67047e-15
0.509	2.17703e-15
0.51	1.01244e-15
0.511	4.69354e-16
0.512	2.16427e-16
0.513	9.92201e-17
0.514	4.52568e-17
0.515	2.03907e-17
0.516	9.23867e-18
0.517	4.24643e-18
0.518	2.10111e-18
0.519	1.05311e-18
0.52	6.18397e-19
0.521	3.27199e-19
0.522	1.92793e-19
0.523	1.0896e-19
0.524	8.6698e-20
0.525	1.00094e-19
0.526	1.15715e-19
0.527	1.25264e-19
0.528	1.66414e-19
0.529	1.42787e-19
0.53	1.67715e-19
0.531	1.62382e-19
0.532	2.06754e-19
0.533	2.40832e-19
0.534	2.12586e-19
0.535	1.99711e-19
0.536	1.98206e-19
0.537	2.02599e-19
0.538	1.91516e-19
0.539	2.09639e-19
0.54	2.25285e-19
0.541	2.06467e-19
0.542	1.88261e-19
0.543	1.58541e-19
0.544	2.12658e-19
0.545	2.93391e-19
0.546	2.48503e-19
0.547	3.12877e-19
0.548	3.10048e-19
0.549	2.60934e-19
0.55	2.67102e-19
0.551	1.93893e-19
0.552	1.93374e-19
0.553	1.60598e-19
0.554	1.35982e-19
0.555	1.08056e-19
0.556	1.09925e-19
0.557	9.1504e-20
0.558	1.17939e-19
0.559	1.86765e-19
0.56	1.13062e-19
0.561	1.34895e-19
0.562	1.42078e-19
0.563	1.23578e-19
0.564	1.3979e-19
0.565	1.75362e-19
0.566	1.82371e-19
0.567	1.96187e-19
0.568	2.14866e-19
0.569	3.03893e-19
0.57	3.76977e-19
0.571	3.00663e-19
0.572	2.93529e-19
0.573	2.96377e-19
0.574	2.49674e-19
0.575	2.15778e-19
0.576	1.85101e-19
0.577	2.09252e-19
0.578	1.50447e-19
0.579	1.734e-19
0.58	1.7765e-19
0.581	1.98673e-19
0.582	2.51349e-19
0.583	2.52532e-19
0.584	2.29176e-19
0.585	2.02392e-19
0.586	1.23601e-19
0.587	1.17814e-19
0.588	9.92394e-20
0.589	1.13123e-19
0.59	1.20346e-19
0.591	1.09016e-19
0.592	1.01231e-19
0.593	8.35755e-20
0.594	1.07237e-19
0.595	8.63968e-20
0.596	1.4892e-19
0.597	1.38969e-19
0.598	1.1996e-19
0.599	1.52037e-19
0.6	2.00826e-19
0.601	1.67675e-19
0.602	1.96154e-19
0.603	2.16744e-19
0.604	1.3453e-19
0.605	1.81651e-19
0.606	1.40446e-19
0.607	1.26079e-19
0.608	1.30755e-19
0.609	1.35055e-19
0.61	1.32891e-19
0.611	1.9526e-19
0.612	2.16169e-19
0.613	1.84984e-19
0.614	2.4584e-19
0.615	2.37965e-19
0.616	1.2586e-19
0.617	1.28251e-19
0.618	1.28684e-19
0.619	1.31991e-19
0.62	1.25922e-19
0.621	1.07948e-19
0.622	1.20329e-19
0.623	1.2396e-19
0.624	1.52621e-19
0.625	1.31804e-19
0.626	1.17377e-19
0.627	9.77869e-20
0.628	1.27198e-19
0.629	1.76021e-19
0.63	1.38107e-19
0.631	1.79923e-19
0.632	1.94058e-19
0.633	2.01546e-19
0.634	1.75501e-19
0.635	2.11325e-19
0.636	2.10669e-19
0.637	1.8958e-19
0.638	1.94421e-19
0.639	1.96991e-19
0.64	2.25285e-19
0.641	2.55781e-19
0.642	2.3821e-19
0.643	1.76437e-19
0.644	1.93719e-19
0.645	1.21483e-19
0.646	1.21024e-19
0.647	1.35118e-19
0.648	1.24133e-19
0.649	9.94277e-20
0.65	1.01706e-19
0.651	1.01532e-19
0.652	8.43633e-20
0.653	1.68165e-19
0.654	1.58792e-19
0.655	1.29672e-19
0.656	2.14071e-19
0.657	1.73013e-19
0.658	1.57176e-19
0.659	1.50101e-19
0.66	1.52439e-19
0.661	1.66963e-19
0.662	1.7284e-19
0.663	1.95106e-19
0.664	1.72001e-19
0.665	1.56412e-19
0.666	1.892e-19
0.667	1.60072e-19
0.668	1.10972e-19
0.669	1.01186e-19
0.67	1.02806e-19
0.671	9.02612e-20
0.672	1.20628e-19
0.673	8.66026e-20
0.674	1.30898e-19
0.675	1.39617e-19
0.676	8.10887e-20
0.677	9.19298e-20
0.678	9.19158e-20
0.679	1.12593e-19
0.68	1.15155e-19
0.681	1.58182e-19
0.682	1.89501e-19
0.683	1.99163e-19
0.684	1.64662e-19
0.685	1.64482e-19
0.686	1.34039e-19
0.687	1.33682e-19
0.688	1.20838e-19
0.689	1.70069e-19
0.69	1.50505e-19
0.691	1.93051e-19
0.692	1.49992e-19
0.693	1.48945e-19
0.694	1.2424e-19
0.695	1.16099e-19
0.696	9.14098e-20
0.697	9.70541e-20
0.698	7.95815e-20
0.699	1.55706e-19
0.7	1.20492e-19
0.701	1.48409e-19
0.702	1.5516e-19
0.703	1.17443e-19
0.704	1.37447e-19
0.705	1.06656e-19
0.706	1.46337e-19
0.707	2.44896e-19
0.708	1.52865e-19
0.709	1.92286e-19
0.71	1.5104e-19
0.711	1.7021e-19
0.712	2.4944e-19
0.713	1.84236e-19
0.714	1.46468e-19
0.715	1.30343e-19
0.716	9.3685e-20
0.717	9.80557e-20
0.718	1.32448e-19
0.719	9.24336e-20
0.72	1.01016e-19
0.721	9.8111e-20
0.722	9.48856e-20
0.723	1.11486e-19
0.724	9.35678e-20
0.725	1.02144e-19
0.726	1.01876e-19
0.727	1.13213e-19
0.728	9.72679e-20
0.729	9.92412e-20
0.73	1.29535e-19
0.731	9.42971e-20
0.732	1.16508e-19
0.733	1.00351e-19
0.734	1.17914e-19
0.735	1.69434e-19
0.736	1.31823e-19
0.737	1.65784e-19
0.738	1.26568e-19
0.739	1.15403e-19
0.74	1.14065e-19
0.741	1.37289e-19
0.742	1.0093e-19
0.743	9.77149e-20
0.744	1.03562e-19
0.745	7.73027e-20
0.746	7.50354e-20
0.747	1.11137e-19
0.748	9.34051e-20
0.749	9.93219e-20
0.75	1.10125e-19
0.751	1.23497e-19
0.752	1.03374e-19
0.753	8.41279e-20
0.754	8.92255e-20
0.755	8.5345e-20
0.756	8.7694e-20
0.757	8.82673e-20
0.758	1.1346e-19
0.759	9.84949e-20
0.76	1.99562e-19
0.761	1.54519e-19
0.762	1.57001e-19
0.763	1.6448e-19
0.764	1.59716e-19
0.765	1.23274e-19
0.766	1.29511e-19
0.767	1.39641e-19
0.768	1.11854e-19
0.769	1.22551e-19
0.77	1.26931e-19
0.771	9.94161e-20
0.772	1.04524e-19
0.773	1.03786e-19
0.774	1.10614e-19
0.775	9.76994e-20
0.776	9.18938e-20
0.777	1.22339e-19
0.778	1.21698e-19
0.779	1.06103e-19
0.78	8.19151e-20
0.781	9.39783e-20
0.782	9.82566e-20
0.783	1.32117e-19
0.784	9.18561e-20
0.785	1.02828e-19
0.786	9.28678e-20
0.787	8.69204e-20
0.788	5.54025e-20
0.789	4.89319e-20
0.79	4.59709e-20
0.791	9.45332e-20
0.792	9.44376e-20
0.793	1.36009e-19
0.794	1.01218e-19
0.795	1.39487e-19
0.796	1.20119e-19
0.797	1.04814e-19
0.798	9.49207e-20
0.799	1.09178e-19
0.8	1.03611e-19
0.801	1.39017e-19
0.802	1.53526e-19
0.803	1.30367e-19
0.804	1.39831e-19
0.805	1.15891e-19
0.806	1.24322e-19
0.807	1.10322e-19
0.808	1.64024e-19
0.809	1.28419e-19
0.81	1.47007e-19
0.811	1.39725e-19
0.812	2.33122e-19
0.813	1.32227e-19
0.814	1.51507e-19
0.815	1.10886e-19
0.816	7.87146e-20
0.817	9.19328e-20
0.818	1.01116e-19
0.819	9.09321e-20
0.82	9.49338e-20
0.821	9.46227e-20
0.822	8.24194e-20
0.823	9.243e-20
0.824	9.03897e-20
0.825	8.33726e-20
0.826	7.62285e-20
0.827	9.6326e-20
0.828	1.00733e-19
0.829	7.99547e-20
0.83	9.63469e-20
0.831	1.32687e-19
0.832	1.37604e-19
0.833	1.24125e-19
0.834	1.09697e-19
0.835	7.34714e-20
0.836	6.57855e-20
0.837	5.63874e-20
0.838	5.61339e-20
0.839	1.23407e-19
0.84	1.37781e-19
0.841	1.07848e-19
0.842	1.12583e-19
0.843	8.36644e-20
0.844	9.5835e-20
0.845	9.07025e-20
0.846	7.25519e-20
0.847	7.23316e-20
0.848	6.43931e-20
0.849	8.85771e-20
0.85	9.49128e-20
0.851	1.00789e-19
0.852	8.13446e-20
0.853	7.31598e-20
0.854	7.6453e-20
0.855	1.16791e-19
0.856	8.5922e-20
0.857	7.12086e-20
0.858	9.07837e-20
0.859	9.68172e-20
0.86	1.02779e-19
0.861	9.29356e-20
0.862	6.67112e-20
0.863	6.72213e-20
0.864	6.13669e-20
0.865	1.01949e-19
0.866	1.03961e-19
0.867	9.4461e-20
0.868	1.02771e-19
0.869	1.07185e-19
0.87	1.32448e-19
0.871	1.3911e-19
0.872	9.44781e-20
0.873	8.63133e-20
0.874	9.25381e-20
0.875	1.13697e-19
0.876	6.87623e-20
0.877	7.87316e-20
0.878	8.50939e-20
0.879	8.06449e-20
0.88	6.13251e-20
0.881	9.57151e-20
0.882	7.27706e-20
0.883	6.04126e-20
0.884	1.09911e-19
0.885	6.83134e-20
0.886	8.28588e-20
0.887	1.12978e-19
0.888	1.27887e-19
0.889	1.0661e-19
0.89	1.31417e-19
0.891	1.15554e-19
0.892	1.11439e-19
0.893	1.03459e-19
0.894	9.05922e-20
0.895	9.35023e-20
0.896	1.1866e-19
0.897	1.06871e-19
0.898	6.58006e-20
0.899	5.58866e-20
0.9	5.31439e-20
0.901	5.4731e-20
0.902	1.0813e-19
0.903	1.05358e-19
0.904	1.08896e-19
0.905	1.39905e-19
0.906	1.07589e-19
0.907	9.2093e-20
0.908	1.02413e-19
0.909	9.69838e-20
0.91	1.08414e-19
0.911	1.00612e-19
0.912	1.28916e-19
0.913	1.2739e-19
0.914	1.48906e-19
0.915	2.11917e-19
0.916	1.69938e-19
0.917	1.3721e-19
0.918	1.07933e-19
0.919	1.04304e-19
0.92	1.57022e-19
0.921	1.34503e-19
0.922	1.23958e-19
0.923	1.22666e-19
0.924	1.78528e-19
0.925	1.45594e-19
0.926	1.33817e-19
0.927	9.45616e-20
0.928	1.12005e-19
0.929	7.76933e-20
0.93	1.17105e-19
0.931	8.77612e-20
0.932	1.22467e-19
0.933	9.99191e-20
0.934	1.41252e-19
0.935	1.24391e-19
0.936	1.4515e-19
0.937	9.57547e-20
0.938	1.07965e-19
0.939	1.14345e-19
0.94	1.03087e-19
0.941	9.05773e-20
0.942	1.14334e-19
0.943	8.69122e-20
0.944	6.68736e-20
0.945	7.32775e-20
0.946	9.19381e-20
0.947	9.71776e-20
0.948	5.36768e-20
0.949	6.60908e-20
0.95	6.71634e-20
0.951	8.06341e-20
0.952	1.11492e-19
0.953	7.92469e-20
0.954	7.14462e-20
0.955	9.71891e-20
0.956	7.43486e-20
0.957	8.8352e-20
0.958	5.9202e-20
0.959	8.21979e-20
0.96	1.28966e-19
0.961	9.6866e-20
0.962	1.43523e-19
0.963	1.48139e-19
0.964	1.17614e-19
0.965	1.70098e-19
0.966	1.48142e-19
0.967	1.49557e-19
0.968	1.79466e-19
0.969	1.54129e-19
0.97	1.44234e-19
0.971	2.5476e-19
0.972	1.46619e-19
0.973	2.03459e-19
0.974	2.07852e-19
0.975	1.93927e-19
0.976	3.63947e-19
0.977	2.60082e-19
0.978	2.01271e-19
0.979	3.63224e-19
0.98	1.64051e-19
0.981	1.90652e-19
0.982	3.69096e-19
0.983	1.66068e-19
0.984	1.67339e-19
0.985	1.75897e-19
0.986	1.68848e-19
0.987	2.81168e-19
0.988	1.73863e-19
0.989	1.61899e-19
0.99	1.55123e-19
0.991	1.60353e-19
0.992	2.07897e-19
0.993	1.64618e-19
0.994	1.32632e-19
0.995	1.40475e-19
0.996	1.24102e-19
0.997	7.62591e-20
0.998	1.15097e-19
0.999	7.10764e-20
1	0
