0	0
0.001	9.39734e+11
0.002	2.69077e+12
0.003	3.82553e+12
0.004	4.19406e+12
0.005	4.20261e+12
0.006	4.11608e+12
0.007	4.01371e+12
0.008	3.91137e+12
0.009	3.81247e+12
0.01	3.7149e+12
0.011	3.62138e+12
0.012	3.52904e+12
0.013	3.44016e+12
0.014	3.35313e+12
0.015	3.26843e+12
0.016	3.18643e+12
0.017	3.10584e+12
0.018	3.02829e+12
0.019	2.95198e+12
0.02	2.87825e+12
0.021	2.80626e+12
0.022	2.73602e+12
0.023	2.66808e+12
0.024	2.60131e+12
0.025	2.53693e+12
0.026	2.47377e+12
0.027	2.41246e+12
0.028	2.35286e+12
0.029	2.29447e+12
0.03	2.2381e+12
0.031	2.18272e+12
0.032	2.12911e+12
0.033	2.07681e+12
0.034	2.0257e+12
0.035	1.97627e+12
0.036	1.92771e+12
0.037	1.88075e+12
0.038	1.83484e+12
0.039	1.79005e+12
0.04	1.74669e+12
0.041	1.70407e+12
0.042	1.66288e+12
0.043	1.62258e+12
0.044	1.58327e+12
0.045	1.54519e+12
0.046	1.50777e+12
0.047	1.47159e+12
0.048	1.4362e+12
0.049	1.40165e+12
0.05	1.36821e+12
0.051	1.33532e+12
0.052	1.3035e+12
0.053	1.27242e+12
0.054	1.242e+12
0.055	1.2126e+12
0.056	1.18369e+12
0.057	1.15566e+12
0.058	1.12835e+12
0.059	1.10155e+12
0.06	1.07567e+12
0.061	1.05026e+12
0.062	1.02551e+12
0.063	1.00152e+12
0.064	9.77897e+11
0.065	9.55065e+11
0.066	9.32734e+11
0.067	9.10863e+11
0.068	8.89738e+11
0.069	8.68943e+11
0.07	8.48741e+11
0.071	8.29119e+11
0.072	8.09794e+11
0.073	7.9113e+11
0.074	7.72856e+11
0.075	7.54948e+11
0.076	7.37663e+11
0.077	7.20636e+11
0.078	7.04073e+11
0.079	6.88015e+11
0.08	6.72171e+11
0.081	6.56854e+11
0.082	6.419e+11
0.083	6.27187e+11
0.084	6.13003e+11
0.085	5.99061e+11
0.086	5.85421e+11
0.087	5.72258e+11
0.088	5.59262e+11
0.089	5.46627e+11
0.09	5.34386e+11
0.091	5.22282e+11
0.092	5.10577e+11
0.093	4.99174e+11
0.094	4.87914e+11
0.095	4.77061e+11
0.096	4.6643e+11
0.097	4.55963e+11
0.098	4.45889e+11
0.099	4.35974e+11
0.1	4.26249e+11
0.101	4.16887e+11
0.102	4.0764e+11
0.103	3.98604e+11
0.104	3.89896e+11
0.105	3.81272e+11
0.106	3.72875e+11
0.107	3.64769e+11
0.108	3.56728e+11
0.109	3.48921e+11
0.11	3.41372e+11
0.111	3.33875e+11
0.112	3.26611e+11
0.113	3.19578e+11
0.114	3.12588e+11
0.115	3.05826e+11
0.116	2.99273e+11
0.117	2.92756e+11
0.118	2.86455e+11
0.119	2.8035e+11
0.12	2.74271e+11
0.121	2.68397e+11
0.122	2.62708e+11
0.123	2.57039e+11
0.124	2.51556e+11
0.125	2.46256e+11
0.126	2.40969e+11
0.127	2.35847e+11
0.128	2.30908e+11
0.129	2.25979e+11
0.13	2.21189e+11
0.131	2.16585e+11
0.132	2.11993e+11
0.133	2.07508e+11
0.134	2.03214e+11
0.135	1.98938e+11
0.136	1.94736e+11
0.137	1.90725e+11
0.138	1.86748e+11
0.139	1.82812e+11
0.14	1.79058e+11
0.141	1.75362e+11
0.142	1.71676e+11
0.143	1.68154e+11
0.144	1.64721e+11
0.145	1.61276e+11
0.146	1.57962e+11
0.147	1.54769e+11
0.148	1.5156e+11
0.149	1.48436e+11
0.15	1.45458e+11
0.151	1.42479e+11
0.152	1.39535e+11
0.153	1.36741e+11
0.154	1.33983e+11
0.155	1.31218e+11
0.156	1.28581e+11
0.157	1.26027e+11
0.158	1.23446e+11
0.159	1.20946e+11
0.16	1.18568e+11
0.161	1.16178e+11
0.162	1.1381e+11
0.163	1.11572e+11
0.164	1.09369e+11
0.165	1.07143e+11
0.166	1.05015e+11
0.167	1.02977e+11
0.168	1.00912e+11
0.169	9.88824e+10
0.17	9.69707e+10
0.171	9.50732e+10
0.172	9.31552e+10
0.173	9.1332e+10
0.174	8.95841e+10
0.175	8.78047e+10
0.176	8.60557e+10
0.177	8.44147e+10
0.178	8.27874e+10
0.179	8.11328e+10
0.18	7.95568e+10
0.181	7.80591e+10
0.182	7.65338e+10
0.183	7.50163e+10
0.184	7.35969e+10
0.185	7.221e+10
0.186	7.07857e+10
0.187	6.94082e+10
0.188	6.81199e+10
0.189	6.68249e+10
0.19	6.55059e+10
0.191	6.42603e+10
0.192	6.30794e+10
0.193	6.18685e+10
0.194	6.0656e+10
0.195	5.95279e+10
0.196	5.84374e+10
0.197	5.73079e+10
0.198	5.61982e+10
0.199	5.51722e+10
0.2	5.41612e+10
0.201	5.31113e+10
0.202	5.20966e+10
0.203	5.11595e+10
0.204	5.02216e+10
0.205	4.92483e+10
0.206	4.8319e+10
0.207	4.74603e+10
0.208	4.65915e+10
0.209	4.56906e+10
0.21	4.48367e+10
0.211	4.40481e+10
0.212	4.32458e+10
0.213	4.24121e+10
0.214	4.1624e+10
0.215	4.08989e+10
0.216	4.01608e+10
0.217	3.93896e+10
0.218	3.86584e+10
0.219	3.79902e+10
0.22	3.73144e+10
0.221	3.66021e+10
0.222	3.59197e+10
0.223	3.53014e+10
0.224	3.46857e+10
0.225	3.40305e+10
0.226	3.33905e+10
0.227	3.2814e+10
0.228	3.22548e+10
0.229	3.16571e+10
0.23	3.10557e+10
0.231	3.05117e+10
0.232	3.00028e+10
0.233	2.9464e+10
0.234	2.89021e+10
0.235	2.83818e+10
0.236	2.79126e+10
0.237	2.74328e+10
0.238	2.69162e+10
0.239	2.64153e+10
0.24	2.59712e+10
0.241	2.55444e+10
0.242	2.5082e+10
0.243	2.46048e+10
0.244	2.41715e+10
0.245	2.37823e+10
0.246	2.33792e+10
0.247	2.29401e+10
0.248	2.25129e+10
0.249	2.21382e+10
0.25	2.17854e+10
0.251	2.14016e+10
0.252	2.09937e+10
0.253	2.06162e+10
0.254	2.02872e+10
0.255	1.99614e+10
0.256	1.95993e+10
0.257	1.92255e+10
0.258	1.88908e+10
0.259	1.85974e+10
0.26	1.82961e+10
0.261	1.79584e+10
0.262	1.76166e+10
0.263	1.73164e+10
0.264	1.70524e+10
0.265	1.67763e+10
0.266	1.64648e+10
0.267	1.61505e+10
0.268	1.58764e+10
0.269	1.56377e+10
0.27	1.53888e+10
0.271	1.51048e+10
0.272	1.48134e+10
0.273	1.45575e+10
0.274	1.43398e+10
0.275	1.41196e+10
0.276	1.38656e+10
0.277	1.35947e+10
0.278	1.33497e+10
0.279	1.31461e+10
0.28	1.29536e+10
0.281	1.27337e+10
0.282	1.24859e+10
0.283	1.22471e+10
0.284	1.20476e+10
0.285	1.18759e+10
0.286	1.16928e+10
0.287	1.14765e+10
0.288	1.12469e+10
0.289	1.10421e+10
0.29	1.08759e+10
0.291	1.07235e+10
0.292	1.05488e+10
0.293	1.03434e+10
0.294	1.01346e+10
0.295	9.95606e+09
0.296	9.81257e+09
0.297	9.6761e+09
0.298	9.51474e+09
0.299	9.32459e+09
0.3	9.13283e+09
0.301	8.9704e+09
0.302	8.842e+09
0.303	8.72233e+09
0.304	8.58056e+09
0.305	8.40908e+09
0.306	8.22977e+09
0.307	8.07337e+09
0.308	7.95173e+09
0.309	7.84785e+09
0.31	7.73142e+09
0.311	7.58521e+09
0.312	7.41921e+09
0.313	7.2615e+09
0.314	7.13453e+09
0.315	7.03703e+09
0.316	6.9457e+09
0.317	6.83419e+09
0.318	6.6937e+09
0.319	6.53911e+09
0.32	6.39699e+09
0.321	6.28552e+09
0.322	6.20135e+09
0.323	6.12273e+09
0.324	6.02545e+09
0.325	5.89976e+09
0.326	5.7566e+09
0.327	5.61944e+09
0.328	5.50836e+09
0.329	5.42699e+09
0.33	5.36079e+09
0.331	5.28678e+09
0.332	5.18796e+09
0.333	5.06342e+09
0.334	4.92823e+09
0.335	4.80408e+09
0.336	4.70662e+09
0.337	4.63688e+09
0.338	4.58128e+09
0.339	4.51948e+09
0.34	4.43529e+09
0.341	4.32487e+09
0.342	4.19809e+09
0.343	4.07314e+09
0.344	3.96738e+09
0.345	3.88923e+09
0.346	3.83469e+09
0.347	3.78968e+09
0.348	3.7366e+09
0.349	3.66198e+09
0.35	3.56179e+09
0.351	3.44264e+09
0.352	3.31862e+09
0.353	3.20559e+09
0.354	3.1152e+09
0.355	3.05098e+09
0.356	3.0075e+09
0.357	2.97273e+09
0.358	2.93226e+09
0.359	2.87394e+09
0.36	2.79145e+09
0.361	2.68568e+09
0.362	2.56406e+09
0.363	2.43809e+09
0.364	2.32008e+09
0.365	2.22004e+09
0.366	2.14347e+09
0.367	2.09045e+09
0.368	2.05603e+09
0.369	2.03168e+09
0.37	2.00718e+09
0.371	1.97265e+09
0.372	1.92017e+09
0.373	1.84483e+09
0.374	1.74513e+09
0.375	1.62274e+09
0.376	1.48186e+09
0.377	1.32832e+09
0.378	1.16867e+09
0.379	1.00934e+09
0.38	8.55979e+08
0.381	7.13084e+08
0.382	5.838e+08
0.383	4.69937e+08
0.384	3.72117e+08
0.385	2.89997e+08
0.386	2.22529e+08
0.387	1.68212e+08
0.388	1.25314e+08
0.389	9.2043e+07
0.39	6.6682e+07
0.391	4.76669e+07
0.392	3.36337e+07
0.393	2.34331e+07
0.394	1.61258e+07
0.395	1.09645e+07
0.396	7.36812e+06
0.397	4.89492e+06
0.398	3.21567e+06
0.399	2.08951e+06
0.4	1.34329e+06
0.401	854562
0.402	538102
0.403	335445
0.404	207063
0.405	126587
0.406	76659
0.407	45993.8
0.408	27344.6
0.409	16112
0.41	9410.23
0.411	5448.67
0.412	3128.12
0.413	1780.89
0.414	1005.57
0.415	563.202
0.416	312.93
0.417	172.51
0.418	94.3661
0.419	51.2274
0.42	27.6007
0.421	14.761
0.422	7.83672
0.423	4.13066
0.424	2.16179
0.425	1.12346
0.426	0.579819
0.427	0.297205
0.428	0.151316
0.429	0.0765277
0.43	0.0384496
0.431	0.0191928
0.432	0.00951908
0.433	0.00469129
0.434	0.00229755
0.435	0.00111826
0.436	0.00054095
0.437	0.000260099
0.438	0.000124313
0.439	5.9064e-05
0.44	2.78985e-05
0.441	1.31015e-05
0.442	6.11744e-06
0.443	2.84023e-06
0.444	1.31129e-06
0.445	6.02046e-07
0.446	2.74899e-07
0.447	1.2484e-07
0.448	5.63886e-08
0.449	2.53346e-08
0.45	1.13225e-08
0.451	5.03385e-09
0.452	2.22643e-09
0.453	9.79702e-10
0.454	4.28911e-10
0.455	1.86834e-10
0.456	8.09793e-11
0.457	3.49257e-11
0.458	1.49898e-11
0.459	6.40181e-12
0.46	2.72092e-12
0.461	1.15074e-12
0.462	4.84321e-13
0.463	2.02785e-13
0.464	8.45072e-14
0.465	3.50283e-14
0.466	1.44426e-14
0.467	5.93274e-15
0.468	2.41865e-15
0.469	9.86045e-16
0.47	3.97703e-16
0.471	1.60822e-16
0.472	6.56761e-17
0.473	2.91714e-17
0.474	1.43832e-17
0.475	7.91996e-18
0.476	5.95919e-18
0.477	4.20621e-18
0.478	3.40313e-18
0.479	3.17658e-18
0.48	2.50295e-18
0.481	2.82745e-18
0.482	2.80323e-18
0.483	3.46355e-18
0.484	3.66657e-18
0.485	3.12409e-18
0.486	3.59917e-18
0.487	3.04105e-18
0.488	2.4096e-18
0.489	2.39066e-18
0.49	2.38352e-18
0.491	2.69321e-18
0.492	1.58695e-18
0.493	1.94408e-18
0.494	1.80218e-18
0.495	2.30018e-18
0.496	2.11232e-18
0.497	2.1074e-18
0.498	1.79822e-18
0.499	1.44859e-18
0.5	1.58207e-18
0.501	1.97434e-18
0.502	2.15766e-18
0.503	1.54127e-18
0.504	1.72286e-18
0.505	1.64805e-18
0.506	2.21945e-18
0.507	3.03284e-18
0.508	2.31642e-18
0.509	2.0791e-18
0.51	1.83061e-18
0.511	2.25229e-18
0.512	1.26781e-18
0.513	1.30957e-18
0.514	1.78351e-18
0.515	1.35709e-18
0.516	1.5908e-18
0.517	1.73285e-18
0.518	1.92156e-18
0.519	1.70396e-18
0.52	1.859e-18
0.521	1.08751e-18
0.522	1.13506e-18
0.523	8.20906e-19
0.524	1.29558e-18
0.525	1.00925e-18
0.526	1.01961e-18
0.527	1.14893e-18
0.528	1.62879e-18
0.529	1.96775e-18
0.53	2.01958e-18
0.531	1.85462e-18
0.532	1.62284e-18
0.533	1.94257e-18
0.534	1.61652e-18
0.535	1.73345e-18
0.536	1.66579e-18
0.537	1.58243e-18
0.538	2.20243e-18
0.539	2.58726e-18
0.54	2.75313e-18
0.541	3.22737e-18
0.542	1.94643e-18
0.543	1.64438e-18
0.544	1.58399e-18
0.545	1.396e-18
0.546	1.89257e-18
0.547	2.45132e-18
0.548	3.03593e-18
0.549	2.12372e-18
0.55	2.79299e-18
0.551	3.17295e-18
0.552	3.08187e-18
0.553	2.72962e-18
0.554	2.31922e-18
0.555	1.58389e-18
0.556	1.67722e-18
0.557	1.36293e-18
0.558	1.63946e-18
0.559	1.84622e-18
0.56	1.81136e-18
0.561	2.70286e-18
0.562	2.41558e-18
0.563	2.15352e-18
0.564	2.27224e-18
0.565	2.40373e-18
0.566	2.56958e-18
0.567	3.00095e-18
0.568	2.86195e-18
0.569	2.7749e-18
0.57	2.48215e-18
0.571	2.14818e-18
0.572	2.08639e-18
0.573	1.71939e-18
0.574	1.83213e-18
0.575	1.80518e-18
0.576	1.79355e-18
0.577	2.45463e-18
0.578	2.59683e-18
0.579	1.50095e-18
0.58	1.619e-18
0.581	2.48329e-18
0.582	1.64442e-18
0.583	1.22304e-18
0.584	1.05578e-18
0.585	7.75782e-19
0.586	1.10366e-18
0.587	1.80378e-18
0.588	1.01841e-18
0.589	1.55978e-18
0.59	8.76716e-19
0.591	1.29904e-18
0.592	1.27934e-18
0.593	9.03582e-19
0.594	9.76324e-19
0.595	1.21534e-18
0.596	1.28529e-18
0.597	1.56829e-18
0.598	1.12887e-18
0.599	1.1221e-18
0.6	1.27351e-18
0.601	8.61677e-19
0.602	1.14333e-18
0.603	1.4101e-18
0.604	9.96792e-19
0.605	2.00941e-18
0.606	1.9279e-18
0.607	1.66817e-18
0.608	2.25314e-18
0.609	1.7136e-18
0.61	1.39159e-18
0.611	1.57996e-18
0.612	1.62961e-18
0.613	1.39205e-18
0.614	1.65472e-18
0.615	1.02687e-18
0.616	1.0543e-18
0.617	1.5505e-18
0.618	1.14563e-18
0.619	1.25199e-18
0.62	1.02869e-18
0.621	7.21459e-19
0.622	9.69356e-19
0.623	9.02056e-19
0.624	1.12458e-18
0.625	1.22426e-18
0.626	1.04405e-18
0.627	1.22505e-18
0.628	1.34432e-18
0.629	1.42371e-18
0.63	1.01873e-18
0.631	1.20392e-18
0.632	1.08165e-18
0.633	1.52201e-18
0.634	1.13596e-18
0.635	1.54825e-18
0.636	1.42019e-18
0.637	1.26226e-18
0.638	1.60736e-18
0.639	1.36237e-18
0.64	1.72306e-18
0.641	1.24764e-18
0.642	1.80007e-18
0.643	1.60479e-18
0.644	1.96386e-18
0.645	1.14878e-18
0.646	9.36559e-19
0.647	1.36523e-18
0.648	5.99359e-19
0.649	8.60486e-19
0.65	9.68395e-19
0.651	9.45103e-19
0.652	1.6651e-18
0.653	1.27221e-18
0.654	1.57603e-18
0.655	1.53912e-18
0.656	1.60681e-18
0.657	1.19597e-18
0.658	9.27763e-19
0.659	9.95411e-19
0.66	1.10405e-18
0.661	1.76396e-18
0.662	1.18081e-18
0.663	1.17731e-18
0.664	1.18417e-18
0.665	1.23549e-18
0.666	9.89608e-19
0.667	1.24018e-18
0.668	8.93349e-19
0.669	9.94215e-19
0.67	1.09352e-18
0.671	1.53572e-18
0.672	1.28354e-18
0.673	1.27413e-18
0.674	6.50584e-19
0.675	1.13488e-18
0.676	7.38221e-19
0.677	9.32125e-19
0.678	8.55261e-19
0.679	7.11671e-19
0.68	1.28191e-18
0.681	1.23266e-18
0.682	1.17277e-18
0.683	1.38128e-18
0.684	1.33049e-18
0.685	1.36472e-18
0.686	1.66589e-18
0.687	1.23476e-18
0.688	1.80433e-18
0.689	1.33439e-18
0.69	1.3484e-18
0.691	9.67615e-19
0.692	1.30714e-18
0.693	9.45948e-19
0.694	9.25181e-19
0.695	8.78842e-19
0.696	6.43276e-19
0.697	5.75526e-19
0.698	5.85393e-19
0.699	8.68011e-19
0.7	6.89292e-19
0.701	6.79399e-19
0.702	8.05391e-19
0.703	7.6944e-19
0.704	8.71737e-19
0.705	1.02905e-18
0.706	9.18416e-19
0.707	1.30106e-18
0.708	1.4099e-18
0.709	1.02073e-18
0.71	1.66291e-18
0.711	1.61132e-18
0.712	2.1032e-18
0.713	1.56412e-18
0.714	1.62046e-18
0.715	1.03852e-18
0.716	1.03792e-18
0.717	1.03891e-18
0.718	8.73159e-19
0.719	7.43666e-19
0.72	5.74075e-19
0.721	7.64341e-19
0.722	1.36186e-18
0.723	9.73127e-19
0.724	8.67047e-19
0.725	1.15355e-18
0.726	9.10285e-19
0.727	1.13019e-18
0.728	1.16933e-18
0.729	1.09204e-18
0.73	1.40916e-18
0.731	1.30686e-18
0.732	1.02597e-18
0.733	1.26806e-18
0.734	1.00672e-18
0.735	9.83763e-19
0.736	9.26523e-19
0.737	9.87872e-19
0.738	1.14194e-18
0.739	1.25682e-18
0.74	1.05446e-18
0.741	1.0779e-18
0.742	1.5037e-18
0.743	1.2458e-18
0.744	7.19635e-19
0.745	1.21164e-18
0.746	1.33095e-18
0.747	7.79353e-19
0.748	1.07657e-18
0.749	1.36603e-18
0.75	9.76171e-19
0.751	9.79263e-19
0.752	1.18497e-18
0.753	7.01737e-19
0.754	1.49584e-18
0.755	1.72252e-18
0.756	9.70847e-19
0.757	8.25392e-19
0.758	1.4146e-18
0.759	8.10162e-19
0.76	1.14774e-18
0.761	1.37665e-18
0.762	1.07336e-18
0.763	1.09795e-18
0.764	1.00304e-18
0.765	1.10259e-18
0.766	1.38539e-18
0.767	1.58973e-18
0.768	1.32118e-18
0.769	1.11462e-18
0.77	1.72375e-18
0.771	1.06857e-18
0.772	1.17416e-18
0.773	1.23118e-18
0.774	9.9369e-19
0.775	1.452e-18
0.776	9.4493e-19
0.777	1.27986e-18
0.778	1.15386e-18
0.779	9.17001e-19
0.78	1.00975e-18
0.781	1.47831e-18
0.782	1.12758e-18
0.783	1.26362e-18
0.784	8.11401e-19
0.785	8.3121e-19
0.786	9.87674e-19
0.787	9.55097e-19
0.788	7.26485e-19
0.789	6.69498e-19
0.79	1.01993e-18
0.791	1.15563e-18
0.792	1.11529e-18
0.793	1.18797e-18
0.794	9.21213e-19
0.795	9.7522e-19
0.796	1.03279e-18
0.797	9.25321e-19
0.798	1.17688e-18
0.799	1.54001e-18
0.8	1.46603e-18
0.801	1.36069e-18
0.802	1.01059e-18
0.803	1.17801e-18
0.804	1.49154e-18
0.805	1.65541e-18
0.806	1.20195e-18
0.807	1.11773e-18
0.808	1.42294e-18
0.809	1.31478e-18
0.81	1.16211e-18
0.811	1.67358e-18
0.812	9.03945e-19
0.813	9.93599e-19
0.814	9.20329e-19
0.815	7.92359e-19
0.816	1.09563e-18
0.817	8.15879e-19
0.818	1.13742e-18
0.819	1.30234e-18
0.82	1.32558e-18
0.821	1.10909e-18
0.822	1.14885e-18
0.823	7.7155e-19
0.824	9.77832e-19
0.825	9.35766e-19
0.826	1.8475e-18
0.827	9.18214e-19
0.828	1.07057e-18
0.829	5.93821e-19
0.83	6.29637e-19
0.831	8.75299e-19
0.832	1.21138e-18
0.833	1.3092e-18
0.834	1.06554e-18
0.835	1.32493e-18
0.836	8.97099e-19
0.837	5.80202e-19
0.838	9.64592e-19
0.839	6.62716e-19
0.84	1.1951e-18
0.841	1.03823e-18
0.842	1.38244e-18
0.843	8.73607e-19
0.844	7.59752e-19
0.845	6.35622e-19
0.846	5.06028e-19
0.847	7.44032e-19
0.848	1.03568e-18
0.849	9.11649e-19
0.85	8.32417e-19
0.851	9.8774e-19
0.852	8.41022e-19
0.853	8.96721e-19
0.854	8.77151e-19
0.855	7.86362e-19
0.856	1.03873e-18
0.857	1.08402e-18
0.858	7.10284e-19
0.859	9.65728e-19
0.86	1.06103e-18
0.861	8.44176e-19
0.862	6.14635e-19
0.863	7.02822e-19
0.864	5.0083e-19
0.865	6.56155e-19
0.866	7.62851e-19
0.867	1.04957e-18
0.868	9.73523e-19
0.869	1.21751e-18
0.87	1.07173e-18
0.871	1.10092e-18
0.872	1.05558e-18
0.873	8.35051e-19
0.874	9.58034e-19
0.875	8.97603e-19
0.876	1.03305e-18
0.877	7.02169e-19
0.878	1.05116e-18
0.879	1.13232e-18
0.88	1.25521e-18
0.881	1.03772e-18
0.882	8.97876e-19
0.883	1.04554e-18
0.884	9.15415e-19
0.885	8.70754e-19
0.886	6.68507e-19
0.887	1.49674e-18
0.888	1.25205e-18
0.889	1.24401e-18
0.89	1.28874e-18
0.891	1.25212e-18
0.892	1.09058e-18
0.893	1.27988e-18
0.894	8.89915e-19
0.895	7.69317e-19
0.896	7.34232e-19
0.897	8.17399e-19
0.898	1.69429e-18
0.899	9.91535e-19
0.9	7.95896e-19
0.901	9.48729e-19
0.902	1.27374e-18
0.903	8.94637e-19
0.904	1.062e-18
0.905	1.13388e-18
0.906	9.48607e-19
0.907	1.07439e-18
0.908	7.86027e-19
0.909	9.58278e-19
0.91	1.00149e-18
0.911	5.25007e-19
0.912	9.68411e-19
0.913	1.05863e-18
0.914	8.00474e-19
0.915	1.52267e-18
0.916	1.57416e-18
0.917	1.39311e-18
0.918	1.43625e-18
0.919	1.53174e-18
0.92	1.35214e-18
0.921	1.02599e-18
0.922	1.66582e-18
0.923	1.85402e-18
0.924	9.99072e-19
0.925	1.93424e-18
0.926	9.77956e-19
0.927	1.04446e-18
0.928	1.1386e-18
0.929	1.15107e-18
0.93	1.12665e-18
0.931	1.2113e-18
0.932	1.16752e-18
0.933	1.35601e-18
0.934	1.41719e-18
0.935	1.68266e-18
0.936	1.51385e-18
0.937	1.3577e-18
0.938	1.16073e-18
0.939	1.38146e-18
0.94	1.14183e-18
0.941	1.1417e-18
0.942	1.00763e-18
0.943	9.97723e-19
0.944	9.53753e-19
0.945	9.02392e-19
0.946	1.34986e-18
0.947	1.15503e-18
0.948	1.18796e-18
0.949	1.3528e-18
0.95	1.17737e-18
0.951	8.09676e-19
0.952	1.22378e-18
0.953	1.77539e-18
0.954	1.03769e-18
0.955	1.02756e-18
0.956	1.50631e-18
0.957	1.10504e-18
0.958	1.3623e-18
0.959	1.39837e-18
0.96	9.7722e-19
0.961	1.03317e-18
0.962	2.02933e-18
0.963	1.38414e-18
0.964	1.41999e-18
0.965	1.49452e-18
0.966	7.80183e-19
0.967	8.71903e-19
0.968	1.84143e-18
0.969	1.09932e-18
0.97	1.90839e-18
0.971	2.20333e-18
0.972	1.39919e-18
0.973	9.45144e-19
0.974	1.57959e-18
0.975	1.00005e-18
0.976	1.86063e-18
0.977	1.65041e-18
0.978	1.21195e-18
0.979	1.83998e-18
0.98	2.04423e-18
0.981	1.22954e-18
0.982	2.8613e-18
0.983	9.99844e-19
0.984	1.07353e-18
0.985	1.46212e-18
0.986	9.28839e-19
0.987	1.0432e-18
0.988	1.43601e-18
0.989	1.24173e-18
0.99	1.48481e-18
0.991	9.34958e-19
0.992	1.50146e-18
0.993	1.02948e-18
0.994	1.46821e-18
0.995	1.1144e-18
0.996	1.0321e-18
0.997	6.90801e-19
0.998	1.45264e-18
0.999	5.7497e-19
1	0
