0	0
0.001	6.89474e+11
0.002	1.97518e+12
0.003	2.8091e+12
0.004	3.08051e+12
0.005	3.08755e+12
0.006	3.02465e+12
0.007	2.95023e+12
0.008	2.87563e+12
0.009	2.80369e+12
0.01	2.73257e+12
0.011	2.66445e+12
0.012	2.59718e+12
0.013	2.53233e+12
0.014	2.46895e+12
0.015	2.40709e+12
0.016	2.34735e+12
0.017	2.28851e+12
0.018	2.23191e+12
0.019	2.17624e+12
0.02	2.12234e+12
0.021	2.06984e+12
0.022	2.01845e+12
0.023	1.96886e+12
0.024	1.92005e+12
0.025	1.87294e+12
0.026	1.82683e+12
0.027	1.78191e+12
0.028	1.73838e+12
0.029	1.69561e+12
0.03	1.65434e+12
0.031	1.61385e+12
0.032	1.57451e+12
0.033	1.53629e+12
0.034	1.49879e+12
0.035	1.46258e+12
0.036	1.42702e+12
0.037	1.39252e+12
0.038	1.35894e+12
0.039	1.32602e+12
0.04	1.29423e+12
0.041	1.26298e+12
0.042	1.23268e+12
0.043	1.20317e+12
0.044	1.17424e+12
0.045	1.1463e+12
0.046	1.11883e+12
0.047	1.09218e+12
0.048	1.06624e+12
0.049	1.04079e+12
0.05	1.0162e+12
0.051	9.92052e+11
0.052	9.68566e+11
0.053	9.45764e+11
0.054	9.23341e+11
0.055	9.0168e+11
0.056	8.80449e+11
0.057	8.59723e+11
0.058	8.39662e+11
0.059	8.19908e+11
0.06	8.00785e+11
0.061	7.82121e+11
0.062	7.6381e+11
0.063	7.4613e+11
0.064	7.28739e+11
0.065	7.11819e+11
0.066	6.95404e+11
0.067	6.79231e+11
0.068	6.63601e+11
0.069	6.4831e+11
0.07	6.33318e+11
0.071	6.18845e+11
0.072	6.04591e+11
0.073	5.90724e+11
0.074	5.77276e+11
0.075	5.6401e+11
0.076	5.51186e+11
0.077	5.38657e+11
0.078	5.2634e+11
0.079	5.14461e+11
0.08	5.02776e+11
0.081	4.9136e+11
0.082	4.8033e+11
0.083	4.69436e+11
0.084	4.58865e+11
0.085	4.48598e+11
0.086	4.38456e+11
0.087	4.28662e+11
0.088	4.1909e+11
0.089	4.0966e+11
0.09	4.00576e+11
0.091	3.91646e+11
0.092	3.82888e+11
0.093	3.74449e+11
0.094	3.66117e+11
0.095	3.57986e+11
0.096	3.50135e+11
0.097	3.42364e+11
0.098	3.34814e+11
0.099	3.27503e+11
0.1	3.20257e+11
0.101	3.13245e+11
0.102	3.06431e+11
0.103	2.99677e+11
0.104	2.9316e+11
0.105	2.86806e+11
0.106	2.80512e+11
0.107	2.74451e+11
0.108	2.68525e+11
0.109	2.62658e+11
0.11	2.57018e+11
0.111	2.5149e+11
0.112	2.46021e+11
0.113	2.40769e+11
0.114	2.35613e+11
0.115	2.30512e+11
0.116	2.25618e+11
0.117	2.2081e+11
0.118	2.16051e+11
0.119	2.11487e+11
0.12	2.07004e+11
0.121	2.02562e+11
0.122	1.98303e+11
0.123	1.94125e+11
0.124	1.89977e+11
0.125	1.86e+11
0.126	1.82107e+11
0.127	1.78232e+11
0.128	1.74513e+11
0.129	1.70887e+11
0.13	1.67268e+11
0.131	1.63787e+11
0.132	1.60409e+11
0.133	1.5703e+11
0.134	1.53767e+11
0.135	1.5062e+11
0.136	1.47469e+11
0.137	1.44406e+11
0.138	1.4147e+11
0.139	1.38536e+11
0.14	1.35659e+11
0.141	1.32915e+11
0.142	1.30187e+11
0.143	1.27485e+11
0.144	1.24912e+11
0.145	1.22379e+11
0.146	1.19846e+11
0.147	1.17424e+11
0.148	1.15073e+11
0.149	1.12706e+11
0.15	1.1042e+11
0.151	1.0823e+11
0.152	1.06029e+11
0.153	1.03869e+11
0.154	1.01818e+11
0.155	9.97802e+10
0.156	9.77441e+10
0.157	9.58098e+10
0.158	9.39245e+10
0.159	9.20189e+10
0.16	9.01825e+10
0.161	8.843e+10
0.162	8.66629e+10
0.163	8.49184e+10
0.164	8.3271e+10
0.165	8.16428e+10
0.166	7.99987e+10
0.167	7.84311e+10
0.168	7.69265e+10
0.169	7.53988e+10
0.17	7.39003e+10
0.171	7.24893e+10
0.172	7.10865e+10
0.173	6.96678e+10
0.174	6.832e+10
0.175	6.70284e+10
0.176	6.57123e+10
0.177	6.44168e+10
0.178	6.32022e+10
0.179	6.19999e+10
0.18	6.07745e+10
0.181	5.96046e+10
0.182	5.84965e+10
0.183	5.73695e+10
0.184	5.62424e+10
0.185	5.51874e+10
0.186	5.41629e+10
0.187	5.3109e+10
0.188	5.20823e+10
0.189	5.11252e+10
0.19	5.017e+10
0.191	4.91911e+10
0.192	4.82598e+10
0.193	4.73843e+10
0.194	4.64917e+10
0.195	4.55881e+10
0.196	4.4743e+10
0.197	4.39367e+10
0.198	4.31036e+10
0.199	4.22728e+10
0.2	4.15035e+10
0.201	4.07583e+10
0.202	3.99828e+10
0.203	3.92196e+10
0.204	3.85168e+10
0.205	3.78273e+10
0.206	3.71072e+10
0.207	3.64053e+10
0.208	3.57611e+10
0.209	3.51239e+10
0.21	3.44566e+10
0.211	3.38092e+10
0.212	3.32168e+10
0.213	3.26296e+10
0.214	3.20123e+10
0.215	3.14126e+10
0.216	3.08661e+10
0.217	3.03268e+10
0.218	2.97571e+10
0.219	2.91992e+10
0.22	2.86928e+10
0.221	2.81993e+10
0.222	2.76755e+10
0.223	2.71546e+10
0.224	2.66822e+10
0.225	2.62314e+10
0.226	2.57532e+10
0.227	2.52663e+10
0.228	2.48214e+10
0.229	2.44086e+10
0.23	2.39761e+10
0.231	2.3523e+10
0.232	2.30996e+10
0.233	2.27176e+10
0.234	2.233e+10
0.235	2.19137e+10
0.236	2.15086e+10
0.237	2.11478e+10
0.238	2.08008e+10
0.239	2.04263e+10
0.24	2.00416e+10
0.241	1.96922e+10
0.242	1.93757e+10
0.243	1.90462e+10
0.244	1.86904e+10
0.245	1.8348e+10
0.246	1.80466e+10
0.247	1.77575e+10
0.248	1.74422e+10
0.249	1.71133e+10
0.25	1.68134e+10
0.251	1.65482e+10
0.252	1.62781e+10
0.253	1.59797e+10
0.254	1.56809e+10
0.255	1.54177e+10
0.256	1.51796e+10
0.257	1.49265e+10
0.258	1.46478e+10
0.259	1.43777e+10
0.26	1.4144e+10
0.261	1.39283e+10
0.262	1.36931e+10
0.263	1.34351e+10
0.264	1.31892e+10
0.265	1.29788e+10
0.266	1.27834e+10
0.267	1.25679e+10
0.268	1.23302e+10
0.269	1.21034e+10
0.27	1.19107e+10
0.271	1.17346e+10
0.272	1.15408e+10
0.273	1.13232e+10
0.274	1.11109e+10
0.275	1.09304e+10
0.276	1.07715e+10
0.277	1.06013e+10
0.278	1.04052e+10
0.279	1.02049e+10
0.28	1.00305e+10
0.281	9.88412e+09
0.282	9.73769e+09
0.283	9.56712e+09
0.284	9.38036e+09
0.285	9.20737e+09
0.286	9.06495e+09
0.287	8.93782e+09
0.288	8.79658e+09
0.289	8.63091e+09
0.29	8.46051e+09
0.291	8.31268e+09
0.292	8.19249e+09
0.293	8.07781e+09
0.294	7.94343e+09
0.295	7.78761e+09
0.296	7.63321e+09
0.297	7.50358e+09
0.298	7.39873e+09
0.299	7.29588e+09
0.3	7.17264e+09
0.301	7.02896e+09
0.302	6.88654e+09
0.303	6.76741e+09
0.304	6.67302e+09
0.305	6.58335e+09
0.306	6.47603e+09
0.307	6.34674e+09
0.308	6.21266e+09
0.309	6.09648e+09
0.31	6.00629e+09
0.311	5.92893e+09
0.312	5.84182e+09
0.313	5.7323e+09
0.314	5.60789e+09
0.315	5.48946e+09
0.316	5.39394e+09
0.317	5.32079e+09
0.318	5.25297e+09
0.319	5.17065e+09
0.32	5.06644e+09
0.321	4.9506e+09
0.322	4.84283e+09
0.323	4.75752e+09
0.324	4.69354e+09
0.325	4.63548e+09
0.326	4.5649e+09
0.327	4.47303e+09
0.328	4.36642e+09
0.329	4.262e+09
0.33	4.17571e+09
0.331	4.11222e+09
0.332	4.06237e+09
0.333	4.00934e+09
0.334	3.9391e+09
0.335	3.84872e+09
0.336	3.74765e+09
0.337	3.65183e+09
0.338	3.57442e+09
0.339	3.51863e+09
0.34	3.47633e+09
0.341	3.4328e+09
0.342	3.37465e+09
0.343	3.29653e+09
0.344	3.20348e+09
0.345	3.10805e+09
0.346	3.02395e+09
0.347	2.95968e+09
0.348	2.91487e+09
0.349	2.8808e+09
0.35	2.84457e+09
0.351	2.79469e+09
0.352	2.72573e+09
0.353	2.64014e+09
0.354	2.54698e+09
0.355	2.45808e+09
0.356	2.38362e+09
0.357	2.32858e+09
0.358	2.29127e+09
0.359	2.26429e+09
0.36	2.23719e+09
0.361	2.19994e+09
0.362	2.14587e+09
0.363	2.07344e+09
0.364	1.98628e+09
0.365	1.89191e+09
0.366	1.7995e+09
0.367	1.71749e+09
0.368	1.65162e+09
0.369	1.60382e+09
0.37	1.57211e+09
0.371	1.55127e+09
0.372	1.53414e+09
0.373	1.51312e+09
0.374	1.48145e+09
0.375	1.4343e+09
0.376	1.36921e+09
0.377	1.2862e+09
0.378	1.18743e+09
0.379	1.07665e+09
0.38	9.58489e+08
0.381	8.37822e+08
0.382	7.19217e+08
0.383	6.06535e+08
0.384	5.02709e+08
0.385	4.09675e+08
0.386	3.28418e+08
0.387	2.59112e+08
0.388	2.0129e+08
0.389	1.54038e+08
0.39	1.16172e+08
0.391	8.63819e+07
0.392	6.33531e+07
0.393	4.58461e+07
0.394	3.27482e+07
0.395	2.30978e+07
0.396	1.60916e+07
0.397	1.10766e+07
0.398	7.53562e+06
0.399	5.06832e+06
0.4	3.37098e+06
0.401	2.21772e+06
0.402	1.44352e+06
0.403	929823
0.404	592844
0.405	374224
0.406	233918
0.407	144817
0.408	88814
0.409	53966.4
0.41	32495.3
0.411	19393
0.412	11472.6
0.413	6728.88
0.414	3913.32
0.415	2257
0.416	1291.1
0.417	732.641
0.418	412.454
0.419	230.392
0.42	127.708
0.421	70.2549
0.422	38.3612
0.423	20.7926
0.424	11.1886
0.425	5.97768
0.426	3.1712
0.427	1.67067
0.428	0.874125
0.429	0.454266
0.43	0.234498
0.431	0.120254
0.432	0.0612665
0.433	0.0310133
0.434	0.0155994
0.435	0.00779713
0.436	0.00387314
0.437	0.00191216
0.438	0.000938311
0.439	0.000457682
0.44	0.000221924
0.441	0.000106979
0.442	5.12708e-05
0.443	2.44316e-05
0.444	1.15763e-05
0.445	5.45439e-06
0.446	2.55571e-06
0.447	1.19094e-06
0.448	5.51961e-07
0.449	2.54441e-07
0.45	1.16669e-07
0.451	5.32146e-08
0.452	2.41457e-08
0.453	1.08994e-08
0.454	4.89493e-09
0.455	2.18719e-09
0.456	9.724e-10
0.457	4.30174e-10
0.458	1.89366e-10
0.459	8.29548e-11
0.46	3.61649e-11
0.461	1.56914e-11
0.462	6.77596e-12
0.463	2.91233e-12
0.464	1.24574e-12
0.465	5.3041e-13
0.466	2.24791e-13
0.467	9.48661e-14
0.468	3.98466e-14
0.469	1.66534e-14
0.47	6.92585e-15
0.471	2.85897e-15
0.472	1.17838e-15
0.473	4.86735e-16
0.474	2.00485e-16
0.475	8.54005e-17
0.476	3.68511e-17
0.477	1.7955e-17
0.478	9.34781e-18
0.479	5.24612e-18
0.48	3.53368e-18
0.481	2.60324e-18
0.482	2.66948e-18
0.483	2.72499e-18
0.484	2.08034e-18
0.485	1.93231e-18
0.486	2.6446e-18
0.487	2.6173e-18
0.488	2.60335e-18
0.489	2.61757e-18
0.49	2.39017e-18
0.491	2.27628e-18
0.492	2.32864e-18
0.493	2.2266e-18
0.494	2.07862e-18
0.495	1.98316e-18
0.496	2.00014e-18
0.497	2.15727e-18
0.498	2.01449e-18
0.499	2.05286e-18
0.5	2.04398e-18
0.501	2.39501e-18
0.502	2.52336e-18
0.503	2.72974e-18
0.504	2.72575e-18
0.505	2.11213e-18
0.506	2.57954e-18
0.507	1.81367e-18
0.508	1.90661e-18
0.509	1.7662e-18
0.51	1.75581e-18
0.511	1.7141e-18
0.512	1.14143e-18
0.513	1.25678e-18
0.514	1.3453e-18
0.515	1.25527e-18
0.516	1.35203e-18
0.517	1.58366e-18
0.518	1.77476e-18
0.519	1.83331e-18
0.52	1.71424e-18
0.521	1.36781e-18
0.522	1.13825e-18
0.523	7.80944e-19
0.524	8.13331e-19
0.525	9.86535e-19
0.526	1.31271e-18
0.527	1.17014e-18
0.528	1.75353e-18
0.529	1.76119e-18
0.53	1.89929e-18
0.531	2.285e-18
0.532	1.91477e-18
0.533	1.68427e-18
0.534	2.15354e-18
0.535	1.49961e-18
0.536	1.6534e-18
0.537	1.86533e-18
0.538	1.12212e-18
0.539	1.88098e-18
0.54	1.90999e-18
0.541	1.8966e-18
0.542	1.67662e-18
0.543	1.0643e-18
0.544	8.40479e-19
0.545	9.24195e-19
0.546	1.27394e-18
0.547	1.40124e-18
0.548	1.55595e-18
0.549	2.05833e-18
0.55	1.99136e-18
0.551	1.9522e-18
0.552	1.76948e-18
0.553	1.20927e-18
0.554	1.50196e-18
0.555	7.1884e-19
0.556	1.21144e-18
0.557	1.05224e-18
0.558	1.24346e-18
0.559	1.26474e-18
0.56	1.23876e-18
0.561	1.3484e-18
0.562	1.28734e-18
0.563	1.29341e-18
0.564	1.72769e-18
0.565	2.25604e-18
0.566	1.72202e-18
0.567	1.40179e-18
0.568	1.62859e-18
0.569	1.70323e-18
0.57	1.61506e-18
0.571	1.96408e-18
0.572	1.54978e-18
0.573	1.84082e-18
0.574	1.4447e-18
0.575	2.06628e-18
0.576	1.27573e-18
0.577	2.01443e-18
0.578	1.6366e-18
0.579	1.25844e-18
0.58	1.50999e-18
0.581	1.1681e-18
0.582	9.45113e-19
0.583	1.30682e-18
0.584	9.16643e-19
0.585	7.6346e-19
0.586	9.95107e-19
0.587	1.13735e-18
0.588	1.02222e-18
0.589	1.26196e-18
0.59	1.20891e-18
0.591	1.08488e-18
0.592	9.15394e-19
0.593	9.33451e-19
0.594	8.94262e-19
0.595	9.1301e-19
0.596	1.03169e-18
0.597	1.38587e-18
0.598	9.95498e-19
0.599	1.63542e-18
0.6	1.15715e-18
0.601	1.01764e-18
0.602	1.27148e-18
0.603	1.39462e-18
0.604	9.56793e-19
0.605	1.34499e-18
0.606	1.33568e-18
0.607	8.75394e-19
0.608	1.4897e-18
0.609	1.17059e-18
0.61	1.32207e-18
0.611	1.57559e-18
0.612	8.99817e-19
0.613	1.07555e-18
0.614	8.66182e-19
0.615	7.23259e-19
0.616	8.26307e-19
0.617	6.63179e-19
0.618	6.84692e-19
0.619	7.25048e-19
0.62	5.57459e-19
0.621	8.70744e-19
0.622	9.75923e-19
0.623	9.1109e-19
0.624	9.38631e-19
0.625	1.25964e-18
0.626	9.03887e-19
0.627	1.00515e-18
0.628	1.42858e-18
0.629	1.03145e-18
0.63	9.8729e-19
0.631	1.01976e-18
0.632	1.06926e-18
0.633	9.62628e-19
0.634	8.40221e-19
0.635	9.85383e-19
0.636	9.75937e-19
0.637	1.19202e-18
0.638	1.2482e-18
0.639	1.26301e-18
0.64	1.53492e-18
0.641	1.73667e-18
0.642	1.19326e-18
0.643	1.10498e-18
0.644	1.07518e-18
0.645	1.10092e-18
0.646	1.12488e-18
0.647	8.73076e-19
0.648	1.12872e-18
0.649	8.53387e-19
0.65	5.6404e-19
0.651	8.0688e-19
0.652	8.6417e-19
0.653	9.36043e-19
0.654	8.91293e-19
0.655	1.05208e-18
0.656	8.33808e-19
0.657	9.39971e-19
0.658	7.93837e-19
0.659	9.7328e-19
0.66	1.49146e-18
0.661	1.33833e-18
0.662	1.17616e-18
0.663	1.47709e-18
0.664	1.19271e-18
0.665	9.88087e-19
0.666	9.67707e-19
0.667	9.73271e-19
0.668	7.30005e-19
0.669	6.48372e-19
0.67	1.06649e-18
0.671	9.0774e-19
0.672	1.04086e-18
0.673	8.49597e-19
0.674	9.58998e-19
0.675	1.26373e-18
0.676	9.62811e-19
0.677	1.19688e-18
0.678	1.12535e-18
0.679	1.2058e-18
0.68	1.7437e-18
0.681	9.58828e-19
0.682	1.12081e-18
0.683	9.34322e-19
0.684	1.21209e-18
0.685	9.95635e-19
0.686	7.21976e-19
0.687	9.86086e-19
0.688	8.67142e-19
0.689	8.22037e-19
0.69	8.58659e-19
0.691	8.42335e-19
0.692	6.44754e-19
0.693	7.15085e-19
0.694	7.6298e-19
0.695	7.18317e-19
0.696	9.48461e-19
0.697	5.32721e-19
0.698	4.47579e-19
0.699	4.87131e-19
0.7	4.95162e-19
0.701	7.02836e-19
0.702	7.40496e-19
0.703	7.93804e-19
0.704	9.21579e-19
0.705	5.98394e-19
0.706	1.08815e-18
0.707	7.00642e-19
0.708	7.06484e-19
0.709	1.01798e-18
0.71	9.20034e-19
0.711	1.06981e-18
0.712	1.01331e-18
0.713	1.21532e-18
0.714	8.2576e-19
0.715	7.94908e-19
0.716	6.35358e-19
0.717	6.21345e-19
0.718	6.06145e-19
0.719	9.11725e-19
0.72	5.60788e-19
0.721	8.64332e-19
0.722	1.08166e-18
0.723	8.75953e-19
0.724	6.69966e-19
0.725	6.46633e-19
0.726	6.52224e-19
0.727	7.19195e-19
0.728	5.96165e-19
0.729	5.11007e-19
0.73	1.29978e-18
0.731	9.26129e-19
0.732	7.54643e-19
0.733	1.18157e-18
0.734	9.35375e-19
0.735	1.36315e-18
0.736	1.39022e-18
0.737	1.2849e-18
0.738	1.11274e-18
0.739	1.08271e-18
0.74	1.02948e-18
0.741	8.29667e-19
0.742	9.03364e-19
0.743	8.40825e-19
0.744	7.57927e-19
0.745	6.57815e-19
0.746	9.14787e-19
0.747	8.61931e-19
0.748	1.29499e-18
0.749	1.26434e-18
0.75	9.06972e-19
0.751	1.45751e-18
0.752	1.16108e-18
0.753	1.29674e-18
0.754	1.54655e-18
0.755	9.30207e-19
0.756	8.51722e-19
0.757	1.4599e-18
0.758	1.02031e-18
0.759	6.80072e-19
0.76	8.00425e-19
0.761	1.37106e-18
0.762	1.58793e-18
0.763	9.84559e-19
0.764	1.3117e-18
0.765	2.2048e-18
0.766	1.25438e-18
0.767	8.353e-19
0.768	1.75462e-18
0.769	1.02695e-18
0.77	8.91411e-19
0.771	8.63532e-19
0.772	8.82659e-19
0.773	8.61043e-19
0.774	9.69606e-19
0.775	8.13049e-19
0.776	7.23258e-19
0.777	6.66839e-19
0.778	7.00764e-19
0.779	6.25146e-19
0.78	6.89586e-19
0.781	1.3404e-18
0.782	6.61011e-19
0.783	8.10531e-19
0.784	7.11913e-19
0.785	9.37144e-19
0.786	6.0472e-19
0.787	6.13952e-19
0.788	6.83298e-19
0.789	6.78854e-19
0.79	6.43439e-19
0.791	1.19806e-18
0.792	9.53891e-19
0.793	8.07374e-19
0.794	9.82523e-19
0.795	1.52761e-18
0.796	1.07578e-18
0.797	1.15114e-18
0.798	1.23812e-18
0.799	1.57231e-18
0.8	1.10749e-18
0.801	1.20848e-18
0.802	9.89272e-19
0.803	1.3316e-18
0.804	1.03659e-18
0.805	1.01211e-18
0.806	9.84265e-19
0.807	1.03559e-18
0.808	9.85465e-19
0.809	9.64009e-19
0.81	1.44564e-18
0.811	9.53357e-19
0.812	1.07533e-18
0.813	1.18841e-18
0.814	6.40766e-19
0.815	7.64501e-19
0.816	8.52024e-19
0.817	6.34113e-19
0.818	6.55172e-19
0.819	8.76569e-19
0.82	1.16676e-18
0.821	1.2175e-18
0.822	8.16477e-19
0.823	6.92193e-19
0.824	1.18008e-18
0.825	1.31457e-18
0.826	1.12031e-18
0.827	8.57462e-19
0.828	7.86477e-19
0.829	7.79253e-19
0.83	6.66427e-19
0.831	1.40379e-18
0.832	1.19401e-18
0.833	9.31435e-19
0.834	1.29302e-18
0.835	1.0766e-18
0.836	7.33985e-19
0.837	7.30735e-19
0.838	7.09192e-19
0.839	7.37253e-19
0.84	1.01668e-18
0.841	1.07288e-18
0.842	1.06286e-18
0.843	8.0462e-19
0.844	7.79396e-19
0.845	5.70222e-19
0.846	6.00302e-19
0.847	5.37115e-19
0.848	8.04083e-19
0.849	6.34426e-19
0.85	7.52252e-19
0.851	8.87305e-19
0.852	6.71905e-19
0.853	8.68731e-19
0.854	9.11164e-19
0.855	8.26174e-19
0.856	9.56095e-19
0.857	6.16503e-19
0.858	8.04112e-19
0.859	6.8029e-19
0.86	7.894e-19
0.861	6.34607e-19
0.862	7.01542e-19
0.863	7.9586e-19
0.864	7.08057e-19
0.865	7.70816e-19
0.866	5.6255e-19
0.867	7.63089e-19
0.868	1.00855e-18
0.869	8.65507e-19
0.87	7.24119e-19
0.871	8.8528e-19
0.872	9.10124e-19
0.873	9.65083e-19
0.874	1.00374e-18
0.875	8.55881e-19
0.876	7.13462e-19
0.877	8.23667e-19
0.878	1.00236e-18
0.879	8.48623e-19
0.88	6.99435e-19
0.881	5.87487e-19
0.882	5.96147e-19
0.883	8.49382e-19
0.884	9.81125e-19
0.885	7.18426e-19
0.886	6.24831e-19
0.887	7.35988e-19
0.888	8.11252e-19
0.889	8.60333e-19
0.89	7.33652e-19
0.891	8.40895e-19
0.892	1.17324e-18
0.893	1.18689e-18
0.894	5.20725e-19
0.895	1.24074e-18
0.896	9.56742e-19
0.897	9.37053e-19
0.898	9.36125e-19
0.899	8.48217e-19
0.9	5.71749e-19
0.901	1.00907e-18
0.902	7.33384e-19
0.903	6.03636e-19
0.904	8.68062e-19
0.905	6.39151e-19
0.906	6.62615e-19
0.907	6.42964e-19
0.908	1.00297e-18
0.909	1.20809e-18
0.91	1.08242e-18
0.911	1.17924e-18
0.912	9.91696e-19
0.913	8.24043e-19
0.914	1.11932e-18
0.915	1.48711e-18
0.916	1.1476e-18
0.917	1.3782e-18
0.918	1.41989e-18
0.919	1.26363e-18
0.92	1.22616e-18
0.921	1.19814e-18
0.922	1.17205e-18
0.923	1.08469e-18
0.924	1.24544e-18
0.925	1.20409e-18
0.926	8.45036e-19
0.927	1.0203e-18
0.928	1.41828e-18
0.929	1.08082e-18
0.93	1.16863e-18
0.931	1.34319e-18
0.932	6.71988e-19
0.933	6.20058e-19
0.934	6.04754e-19
0.935	6.04285e-19
0.936	9.15052e-19
0.937	7.19005e-19
0.938	7.6185e-19
0.939	8.7003e-19
0.94	6.71798e-19
0.941	7.61049e-19
0.942	7.65304e-19
0.943	6.59908e-19
0.944	7.39507e-19
0.945	6.77049e-19
0.946	7.19208e-19
0.947	8.10495e-19
0.948	1.18482e-18
0.949	1.02004e-18
0.95	7.27554e-19
0.951	1.3141e-18
0.952	8.58919e-19
0.953	7.58936e-19
0.954	7.17407e-19
0.955	7.79788e-19
0.956	1.34443e-18
0.957	9.47697e-19
0.958	6.293e-19
0.959	1.51804e-18
0.96	1.04385e-18
0.961	6.32817e-19
0.962	1.4042e-18
0.963	8.69841e-19
0.964	8.6032e-19
0.965	1.22753e-18
0.966	1.01727e-18
0.967	1.12306e-18
0.968	2.00138e-18
0.969	1.50104e-18
0.97	1.26272e-18
0.971	2.51887e-18
0.972	1.65069e-18
0.973	1.26516e-18
0.974	2.59906e-18
0.975	1.70305e-18
0.976	9.28405e-19
0.977	1.56958e-18
0.978	1.63265e-18
0.979	1.45628e-18
0.98	1.30869e-18
0.981	1.07181e-18
0.982	1.38525e-18
0.983	1.27707e-18
0.984	1.35541e-18
0.985	1.77439e-18
0.986	2.05366e-18
0.987	1.96785e-18
0.988	1.72569e-18
0.989	2.95045e-18
0.99	2.12534e-18
0.991	1.40269e-18
0.992	2.48476e-18
0.993	2.19105e-18
0.994	1.09022e-18
0.995	2.24124e-18
0.996	1.60298e-18
0.997	6.9126e-19
0.998	1.34763e-18
0.999	8.60614e-19
1	0
