0	0
0.001	2.33183e+11
0.002	6.69288e+11
0.003	9.53081e+11
0.004	1.04611e+12
0.005	1.04945e+12
0.006	1.02886e+12
0.007	1.00454e+12
0.008	9.79903e+11
0.009	9.56304e+11
0.01	9.3284e+11
0.011	9.10359e+11
0.012	8.88231e+11
0.013	8.66709e+11
0.014	8.45872e+11
0.015	8.25314e+11
0.016	8.05579e+11
0.017	7.86086e+11
0.018	7.6725e+11
0.019	7.48868e+11
0.02	7.30849e+11
0.021	7.13479e+11
0.022	6.96333e+11
0.023	6.79796e+11
0.024	6.63594e+11
0.025	6.47773e+11
0.026	6.32473e+11
0.027	6.17388e+11
0.028	6.02841e+11
0.029	5.88566e+11
0.03	5.74649e+11
0.031	5.61168e+11
0.032	5.47886e+11
0.033	5.35072e+11
0.034	5.22494e+11
0.035	5.10231e+11
0.036	4.9835e+11
0.037	4.86643e+11
0.038	4.75342e+11
0.039	4.64258e+11
0.04	4.53436e+11
0.041	4.4296e+11
0.042	4.32635e+11
0.043	4.22653e+11
0.044	4.12885e+11
0.045	4.03321e+11
0.046	3.94077e+11
0.047	3.84966e+11
0.048	3.76136e+11
0.049	3.67527e+11
0.05	3.59065e+11
0.051	3.50898e+11
0.052	3.42861e+11
0.053	3.35034e+11
0.054	3.27442e+11
0.055	3.19955e+11
0.056	3.1272e+11
0.057	3.05636e+11
0.058	2.9869e+11
0.059	2.91982e+11
0.06	2.85368e+11
0.061	2.78939e+11
0.062	2.72694e+11
0.063	2.66533e+11
0.064	2.60582e+11
0.065	2.54751e+11
0.066	2.4903e+11
0.067	2.43508e+11
0.068	2.38061e+11
0.069	2.32759e+11
0.07	2.27618e+11
0.071	2.22537e+11
0.072	2.17624e+11
0.073	2.12825e+11
0.074	2.08097e+11
0.075	2.03538e+11
0.076	1.99054e+11
0.077	1.9466e+11
0.078	1.90421e+11
0.079	1.86231e+11
0.08	1.82153e+11
0.081	1.78202e+11
0.082	1.74291e+11
0.083	1.70505e+11
0.084	1.66818e+11
0.085	1.63171e+11
0.086	1.59653e+11
0.087	1.56208e+11
0.088	1.5281e+11
0.089	1.49538e+11
0.09	1.46318e+11
0.091	1.43154e+11
0.092	1.40108e+11
0.093	1.37097e+11
0.094	1.34151e+11
0.095	1.31312e+11
0.096	1.28498e+11
0.097	1.25755e+11
0.098	1.23106e+11
0.099	1.20477e+11
0.1	1.17922e+11
0.101	1.15449e+11
0.102	1.12993e+11
0.103	1.1061e+11
0.104	1.08302e+11
0.105	1.06007e+11
0.106	1.03785e+11
0.107	1.0163e+11
0.108	9.94847e+10
0.109	9.74104e+10
0.11	9.53978e+10
0.111	9.33934e+10
0.112	9.14556e+10
0.113	8.95762e+10
0.114	8.77028e+10
0.115	8.5891e+10
0.116	8.4136e+10
0.117	8.23851e+10
0.118	8.06895e+10
0.119	7.90507e+10
0.12	7.74145e+10
0.121	7.58261e+10
0.122	7.42955e+10
0.123	7.27671e+10
0.124	7.12776e+10
0.125	6.98474e+10
0.126	6.84206e+10
0.127	6.70227e+10
0.128	6.56849e+10
0.129	6.43542e+10
0.13	6.30417e+10
0.131	6.17884e+10
0.132	6.05484e+10
0.133	5.93164e+10
0.134	5.81396e+10
0.135	5.6985e+10
0.136	5.58298e+10
0.137	5.47221e+10
0.138	5.36467e+10
0.139	5.2566e+10
0.14	5.15209e+10
0.141	5.05174e+10
0.142	4.95097e+10
0.143	4.85226e+10
0.144	4.75826e+10
0.145	4.66461e+10
0.146	4.57149e+10
0.147	4.48295e+10
0.148	4.39604e+10
0.149	4.30859e+10
0.15	4.22472e+10
0.151	4.14392e+10
0.152	4.06233e+10
0.153	3.98267e+10
0.154	3.90702e+10
0.155	3.83141e+10
0.156	3.75597e+10
0.157	3.68443e+10
0.158	3.61451e+10
0.159	3.5437e+10
0.16	3.47548e+10
0.161	3.41042e+10
0.162	3.34474e+10
0.163	3.27968e+10
0.164	3.21829e+10
0.165	3.15779e+10
0.166	3.09644e+10
0.167	3.03767e+10
0.168	2.98161e+10
0.169	2.92474e+10
0.17	2.86841e+10
0.171	2.81542e+10
0.172	2.76326e+10
0.173	2.71011e+10
0.174	2.65908e+10
0.175	2.61073e+10
0.176	2.56175e+10
0.177	2.51271e+10
0.178	2.46663e+10
0.179	2.42186e+10
0.18	2.37594e+10
0.181	2.33121e+10
0.182	2.28933e+10
0.183	2.24747e+10
0.184	2.20476e+10
0.185	2.16417e+10
0.186	2.12574e+10
0.187	2.0865e+10
0.188	2.04708e+10
0.189	2.01023e+10
0.19	1.97466e+10
0.191	1.93794e+10
0.192	1.90176e+10
0.193	1.86817e+10
0.194	1.8351e+10
0.195	1.80086e+10
0.196	1.76771e+10
0.197	1.73696e+10
0.198	1.70616e+10
0.199	1.67433e+10
0.2	1.64394e+10
0.201	1.61568e+10
0.202	1.58702e+10
0.203	1.55749e+10
0.204	1.52955e+10
0.205	1.50353e+10
0.206	1.47692e+10
0.207	1.44953e+10
0.208	1.42376e+10
0.209	1.39976e+10
0.21	1.37514e+10
0.211	1.34972e+10
0.212	1.32584e+10
0.213	1.3037e+10
0.214	1.281e+10
0.215	1.25741e+10
0.216	1.23517e+10
0.217	1.21471e+10
0.218	1.19387e+10
0.219	1.17201e+10
0.22	1.15118e+10
0.221	1.13221e+10
0.222	1.11317e+10
0.223	1.09298e+10
0.224	1.07337e+10
0.225	1.05565e+10
0.226	1.03832e+10
0.227	1.01982e+10
0.228	1.00133e+10
0.229	9.8458e+09
0.23	9.68774e+09
0.231	9.52023e+09
0.232	9.34669e+09
0.233	9.18635e+09
0.234	9.04053e+09
0.235	8.8906e+09
0.236	8.73013e+09
0.237	8.57549e+09
0.238	8.43766e+09
0.239	8.30383e+09
0.24	8.15912e+09
0.241	8.01116e+09
0.242	7.87705e+09
0.243	7.75508e+09
0.244	7.62786e+09
0.245	7.49055e+09
0.246	7.35831e+09
0.247	7.2417e+09
0.248	7.13002e+09
0.249	7.00845e+09
0.25	6.88115e+09
0.251	6.7644e+09
0.252	6.66124e+09
0.253	6.55707e+09
0.254	6.44204e+09
0.255	6.32571e+09
0.256	6.22235e+09
0.257	6.12959e+09
0.258	6.03224e+09
0.259	5.92464e+09
0.26	5.81866e+09
0.261	5.72617e+09
0.262	5.64208e+09
0.263	5.55182e+09
0.264	5.45202e+09
0.265	5.35489e+09
0.266	5.27099e+09
0.267	5.19467e+09
0.268	5.11212e+09
0.269	5.02013e+09
0.27	4.93015e+09
0.271	4.85272e+09
0.272	4.78352e+09
0.273	4.70932e+09
0.274	4.62532e+09
0.275	4.54108e+09
0.276	4.46801e+09
0.277	4.40483e+09
0.278	4.33945e+09
0.279	4.26419e+09
0.28	4.18515e+09
0.281	4.11439e+09
0.282	4.05518e+09
0.283	3.99824e+09
0.284	3.93305e+09
0.285	3.86022e+09
0.286	3.79055e+09
0.287	3.73222e+09
0.288	3.68149e+09
0.289	3.62719e+09
0.29	3.56343e+09
0.291	3.49601e+09
0.292	3.43575e+09
0.293	3.38651e+09
0.294	3.34117e+09
0.295	3.28949e+09
0.296	3.22904e+09
0.297	3.16753e+09
0.298	3.11453e+09
0.299	3.0716e+09
0.3	3.03085e+09
0.301	2.98311e+09
0.302	2.9271e+09
0.303	2.87045e+09
0.304	2.82205e+09
0.305	2.7834e+09
0.306	2.74741e+09
0.307	2.70524e+09
0.308	2.65458e+09
0.309	2.60163e+09
0.31	2.55518e+09
0.311	2.51862e+09
0.312	2.4871e+09
0.313	2.45195e+09
0.314	2.40832e+09
0.315	2.35924e+09
0.316	2.31281e+09
0.317	2.27527e+09
0.318	2.24591e+09
0.319	2.21782e+09
0.32	2.18362e+09
0.321	2.14131e+09
0.322	2.09572e+09
0.323	2.05451e+09
0.324	2.02229e+09
0.325	1.9972e+09
0.326	1.97249e+09
0.327	1.94159e+09
0.328	1.90284e+09
0.329	1.86049e+09
0.33	1.82158e+09
0.331	1.79094e+09
0.332	1.76802e+09
0.333	1.74739e+09
0.334	1.72247e+09
0.335	1.68985e+09
0.336	1.65132e+09
0.337	1.61258e+09
0.338	1.57962e+09
0.339	1.55501e+09
0.34	1.53655e+09
0.341	1.51866e+09
0.342	1.49573e+09
0.343	1.4653e+09
0.344	1.42928e+09
0.345	1.39277e+09
0.346	1.36119e+09
0.347	1.33746e+09
0.348	1.32053e+09
0.349	1.30612e+09
0.35	1.2889e+09
0.351	1.26514e+09
0.352	1.2344e+09
0.353	1.19959e+09
0.354	1.16551e+09
0.355	1.13666e+09
0.356	1.11526e+09
0.357	1.10045e+09
0.358	1.08874e+09
0.359	1.07556e+09
0.36	1.05709e+09
0.361	1.03168e+09
0.362	1.00035e+09
0.363	9.66324e+08
0.364	9.3374e+08
0.365	9.06202e+08
0.366	8.85598e+08
0.367	8.71578e+08
0.368	8.61783e+08
0.369	8.52668e+08
0.37	8.40605e+08
0.371	8.22921e+08
0.372	7.98563e+08
0.373	7.68278e+08
0.374	7.34304e+08
0.375	6.99717e+08
0.376	6.67653e+08
0.377	6.40588e+08
0.378	6.19851e+08
0.379	6.05429e+08
0.38	5.96072e+08
0.381	5.89625e+08
0.382	5.83479e+08
0.383	5.75052e+08
0.384	5.62184e+08
0.385	5.43421e+08
0.386	5.18132e+08
0.387	4.86498e+08
0.388	4.49384e+08
0.389	4.08144e+08
0.39	3.64403e+08
0.391	3.19846e+08
0.392	2.76043e+08
0.393	2.34329e+08
0.394	1.95726e+08
0.395	1.60925e+08
0.396	1.30298e+08
0.397	1.03939e+08
0.398	8.17198e+07
0.399	6.33534e+07
0.4	4.84484e+07
0.401	3.65616e+07
0.402	2.72376e+07
0.403	2.00384e+07
0.404	1.45631e+07
0.405	1.04588e+07
0.406	7.42472e+06
0.407	5.21163e+06
0.408	3.61812e+06
0.409	2.48498e+06
0.41	1.68889e+06
0.411	1.13612e+06
0.412	756632
0.413	498979
0.414	325916
0.415	210883
0.416	135198
0.417	85895.8
0.418	54090.7
0.419	33767.1
0.42	20900.5
0.421	12828.5
0.422	7809.41
0.423	4715.68
0.424	2824.97
0.425	1679.13
0.426	990.403
0.427	579.763
0.428	336.861
0.429	194.296
0.43	111.26
0.431	63.2585
0.432	35.7153
0.433	20.0257
0.434	11.1522
0.435	6.16901
0.436	3.38994
0.437	1.85068
0.438	1.00385
0.439	0.541059
0.44	0.289796
0.441	0.154258
0.442	0.0816106
0.443	0.0429161
0.444	0.0224337
0.445	0.011658
0.446	0.00602304
0.447	0.00309392
0.448	0.00158028
0.449	0.000802634
0.45	0.000405405
0.451	0.000203646
0.452	0.000101743
0.453	5.05595e-05
0.454	2.49917e-05
0.455	1.22888e-05
0.456	6.01125e-06
0.457	2.92544e-06
0.458	1.41648e-06
0.459	6.82409e-07
0.46	3.27128e-07
0.461	1.56046e-07
0.462	7.40751e-08
0.463	3.49942e-08
0.464	1.6453e-08
0.465	7.69915e-09
0.466	3.58597e-09
0.467	1.66249e-09
0.468	7.67213e-10
0.469	3.52452e-10
0.47	1.61186e-10
0.471	7.33866e-11
0.472	3.32644e-11
0.473	1.50119e-11
0.474	6.74513e-12
0.475	3.01769e-12
0.476	1.34425e-12
0.477	5.96262e-13
0.478	2.63329e-13
0.479	1.15797e-13
0.48	5.06781e-14
0.481	2.20825e-14
0.482	9.58252e-15
0.483	4.13648e-15
0.484	1.77806e-15
0.485	7.61872e-16
0.486	3.25257e-16
0.487	1.38787e-16
0.488	6.00889e-17
0.489	2.68222e-17
0.49	1.26574e-17
0.491	6.65913e-18
0.492	3.92717e-18
0.493	2.6026e-18
0.494	1.91438e-18
0.495	1.41765e-18
0.496	1.22662e-18
0.497	1.1308e-18
0.498	1.06823e-18
0.499	9.78835e-19
0.5	1.0065e-18
0.501	9.79256e-19
0.502	1.27391e-18
0.503	1.09094e-18
0.504	1.29937e-18
0.505	1.25988e-18
0.506	1.13899e-18
0.507	1.09466e-18
0.508	1.01611e-18
0.509	9.497e-19
0.51	1.18488e-18
0.511	1.02068e-18
0.512	9.65845e-19
0.513	8.70794e-19
0.514	7.51406e-19
0.515	7.85486e-19
0.516	7.02929e-19
0.517	7.69979e-19
0.518	7.69057e-19
0.519	8.5712e-19
0.52	7.52923e-19
0.521	5.09928e-19
0.522	4.33057e-19
0.523	4.07831e-19
0.524	3.88392e-19
0.525	3.68116e-19
0.526	5.72809e-19
0.527	5.79623e-19
0.528	5.96797e-19
0.529	6.38725e-19
0.53	5.8298e-19
0.531	6.25091e-19
0.532	6.2062e-19
0.533	5.73162e-19
0.534	5.64542e-19
0.535	5.15235e-19
0.536	4.25526e-19
0.537	5.17558e-19
0.538	5.73109e-19
0.539	6.55475e-19
0.54	5.87371e-19
0.541	6.47685e-19
0.542	5.42062e-19
0.543	4.81469e-19
0.544	4.69194e-19
0.545	4.24048e-19
0.546	4.23236e-19
0.547	6.52962e-19
0.548	6.85384e-19
0.549	6.43683e-19
0.55	7.96436e-19
0.551	6.43275e-19
0.552	8.58731e-19
0.553	6.69979e-19
0.554	6.78876e-19
0.555	6.04041e-19
0.556	4.65174e-19
0.557	4.22335e-19
0.558	4.39453e-19
0.559	5.10664e-19
0.56	5.43175e-19
0.561	5.34185e-19
0.562	8.11438e-19
0.563	6.68687e-19
0.564	8.88534e-19
0.565	7.00383e-19
0.566	7.09699e-19
0.567	7.28635e-19
0.568	7.03938e-19
0.569	7.68725e-19
0.57	8.01777e-19
0.571	6.9974e-19
0.572	7.55135e-19
0.573	8.11894e-19
0.574	5.63245e-19
0.575	6.42415e-19
0.576	5.05901e-19
0.577	5.44536e-19
0.578	6.80762e-19
0.579	4.95686e-19
0.58	4.2455e-19
0.581	5.36074e-19
0.582	5.27977e-19
0.583	5.13313e-19
0.584	6.94848e-19
0.585	2.24542e-19
0.586	4.55597e-19
0.587	3.27104e-19
0.588	3.82948e-19
0.589	5.31981e-19
0.59	3.18161e-19
0.591	5.75334e-19
0.592	6.14265e-19
0.593	3.40777e-19
0.594	4.07513e-19
0.595	4.77058e-19
0.596	3.52289e-19
0.597	6.48253e-19
0.598	4.86776e-19
0.599	6.02602e-19
0.6	7.52203e-19
0.601	4.37597e-19
0.602	7.01391e-19
0.603	7.55567e-19
0.604	3.87907e-19
0.605	5.56032e-19
0.606	5.09685e-19
0.607	4.05133e-19
0.608	4.92924e-19
0.609	4.63562e-19
0.61	5.40947e-19
0.611	7.13646e-19
0.612	5.23119e-19
0.613	5.63586e-19
0.614	6.84766e-19
0.615	3.77357e-19
0.616	4.46941e-19
0.617	4.00303e-19
0.618	3.69007e-19
0.619	4.43873e-19
0.62	3.14579e-19
0.621	3.82122e-19
0.622	4.5526e-19
0.623	2.05641e-19
0.624	2.74026e-19
0.625	4.55172e-19
0.626	3.1135e-19
0.627	4.81029e-19
0.628	5.09482e-19
0.629	4.6474e-19
0.63	5.26735e-19
0.631	4.82872e-19
0.632	3.67236e-19
0.633	5.82953e-19
0.634	5.17292e-19
0.635	5.77976e-19
0.636	6.43412e-19
0.637	5.79115e-19
0.638	5.59683e-19
0.639	6.18693e-19
0.64	5.28801e-19
0.641	7.23914e-19
0.642	6.72348e-19
0.643	5.56144e-19
0.644	3.45913e-19
0.645	4.09778e-19
0.646	4.66288e-19
0.647	3.94043e-19
0.648	2.91632e-19
0.649	3.32838e-19
0.65	5.39665e-19
0.651	2.58626e-19
0.652	4.82726e-19
0.653	5.43201e-19
0.654	5.14069e-19
0.655	3.83614e-19
0.656	4.54273e-19
0.657	3.89363e-19
0.658	3.41576e-19
0.659	4.30424e-19
0.66	4.47375e-19
0.661	7.42921e-19
0.662	7.3478e-19
0.663	4.99781e-19
0.664	7.27308e-19
0.665	3.62833e-19
0.666	4.85778e-19
0.667	4.47891e-19
0.668	4.12086e-19
0.669	5.78944e-19
0.67	3.48742e-19
0.671	3.09054e-19
0.672	5.02783e-19
0.673	3.90725e-19
0.674	2.59986e-19
0.675	3.70728e-19
0.676	3.23169e-19
0.677	3.86178e-19
0.678	3.76709e-19
0.679	2.89457e-19
0.68	3.88141e-19
0.681	4.72845e-19
0.682	4.24167e-19
0.683	5.43531e-19
0.684	5.35164e-19
0.685	3.81982e-19
0.686	4.04006e-19
0.687	3.54043e-19
0.688	4.72504e-19
0.689	4.50981e-19
0.69	5.94279e-19
0.691	4.53778e-19
0.692	4.74371e-19
0.693	3.97997e-19
0.694	3.53537e-19
0.695	2.5055e-19
0.696	2.56974e-19
0.697	1.58665e-19
0.698	2.15769e-19
0.699	2.09578e-19
0.7	2.36787e-19
0.701	4.27799e-19
0.702	5.47596e-19
0.703	3.828e-19
0.704	4.00234e-19
0.705	3.6153e-19
0.706	4.13288e-19
0.707	4.80199e-19
0.708	4.68417e-19
0.709	5.61137e-19
0.71	5.44271e-19
0.711	6.85113e-19
0.712	6.02213e-19
0.713	6.43814e-19
0.714	4.62967e-19
0.715	5.01311e-19
0.716	3.94606e-19
0.717	4.14512e-19
0.718	2.96006e-19
0.719	4.65187e-19
0.72	4.41152e-19
0.721	3.43616e-19
0.722	2.77739e-19
0.723	6.16147e-19
0.724	3.91455e-19
0.725	4.60687e-19
0.726	3.63714e-19
0.727	4.10543e-19
0.728	5.22432e-19
0.729	4.33272e-19
0.73	4.04966e-19
0.731	4.77447e-19
0.732	6.16047e-19
0.733	4.0829e-19
0.734	5.64194e-19
0.735	4.70051e-19
0.736	5.3358e-19
0.737	6.4255e-19
0.738	3.37604e-19
0.739	5.07726e-19
0.74	5.3726e-19
0.741	3.77106e-19
0.742	3.98306e-19
0.743	4.37055e-19
0.744	2.37426e-19
0.745	4.03275e-19
0.746	4.07006e-19
0.747	2.93967e-19
0.748	5.15167e-19
0.749	6.18245e-19
0.75	4.00635e-19
0.751	3.91203e-19
0.752	2.75854e-19
0.753	2.92569e-19
0.754	4.09148e-19
0.755	4.23561e-19
0.756	2.66721e-19
0.757	3.84373e-19
0.758	2.7976e-19
0.759	3.86284e-19
0.76	4.38912e-19
0.761	4.16629e-19
0.762	4.64656e-19
0.763	5.95973e-19
0.764	3.75394e-19
0.765	5.64072e-19
0.766	4.73973e-19
0.767	4.33511e-19
0.768	4.33388e-19
0.769	4.75339e-19
0.77	4.10872e-19
0.771	3.9488e-19
0.772	5.19146e-19
0.773	3.58264e-19
0.774	3.2667e-19
0.775	4.25223e-19
0.776	3.43765e-19
0.777	3.72687e-19
0.778	5.68337e-19
0.779	3.69302e-19
0.78	3.22349e-19
0.781	4.67194e-19
0.782	5.17765e-19
0.783	4.03e-19
0.784	3.96829e-19
0.785	3.10798e-19
0.786	4.287e-19
0.787	3.20491e-19
0.788	2.49302e-19
0.789	2.50544e-19
0.79	2.72984e-19
0.791	3.58818e-19
0.792	3.61267e-19
0.793	4.05906e-19
0.794	4.27131e-19
0.795	4.10039e-19
0.796	3.57008e-19
0.797	4.03802e-19
0.798	4.55382e-19
0.799	4.18834e-19
0.8	3.75469e-19
0.801	3.79655e-19
0.802	4.18435e-19
0.803	3.9297e-19
0.804	4.14359e-19
0.805	4.40692e-19
0.806	4.48433e-19
0.807	4.28901e-19
0.808	3.89716e-19
0.809	4.03846e-19
0.81	4.9531e-19
0.811	3.57702e-19
0.812	4.67417e-19
0.813	3.83287e-19
0.814	4.0821e-19
0.815	3.55234e-19
0.816	2.17491e-19
0.817	2.7717e-19
0.818	3.71741e-19
0.819	3.50531e-19
0.82	3.34819e-19
0.821	4.3307e-19
0.822	3.43836e-19
0.823	3.73367e-19
0.824	3.24216e-19
0.825	3.98188e-19
0.826	3.83823e-19
0.827	3.04448e-19
0.828	2.12771e-19
0.829	2.91253e-19
0.83	2.49078e-19
0.831	4.31446e-19
0.832	4.51945e-19
0.833	4.9611e-19
0.834	4.95138e-19
0.835	3.45744e-19
0.836	3.08116e-19
0.837	2.63461e-19
0.838	2.6696e-19
0.839	3.74245e-19
0.84	4.5901e-19
0.841	4.75324e-19
0.842	5.05565e-19
0.843	3.97539e-19
0.844	3.36665e-19
0.845	2.73749e-19
0.846	3.81102e-19
0.847	2.77178e-19
0.848	3.45287e-19
0.849	2.8961e-19
0.85	3.69966e-19
0.851	4.09549e-19
0.852	3.00204e-19
0.853	3.96602e-19
0.854	4.20792e-19
0.855	2.59112e-19
0.856	3.52886e-19
0.857	3.04024e-19
0.858	3.36171e-19
0.859	3.14567e-19
0.86	4.38865e-19
0.861	2.85336e-19
0.862	2.72207e-19
0.863	2.66184e-19
0.864	2.37786e-19
0.865	2.05238e-19
0.866	2.43316e-19
0.867	3.0913e-19
0.868	2.68794e-19
0.869	3.64816e-19
0.87	3.05709e-19
0.871	3.08955e-19
0.872	3.53554e-19
0.873	2.69119e-19
0.874	3.32896e-19
0.875	2.39264e-19
0.876	3.5639e-19
0.877	3.08659e-19
0.878	4.08865e-19
0.879	3.17064e-19
0.88	3.55483e-19
0.881	4.15546e-19
0.882	2.4791e-19
0.883	2.69731e-19
0.884	4.01535e-19
0.885	2.62441e-19
0.886	2.67896e-19
0.887	3.46069e-19
0.888	4.26532e-19
0.889	2.84696e-19
0.89	4.28434e-19
0.891	2.85334e-19
0.892	3.87173e-19
0.893	3.2523e-19
0.894	3.69091e-19
0.895	3.70898e-19
0.896	3.52763e-19
0.897	3.56201e-19
0.898	3.82696e-19
0.899	4.17176e-19
0.9	2.57243e-19
0.901	5.50329e-19
0.902	4.271e-19
0.903	2.95532e-19
0.904	6.02111e-19
0.905	3.50011e-19
0.906	3.457e-19
0.907	5.32399e-19
0.908	3.92949e-19
0.909	3.03065e-19
0.91	4.65308e-19
0.911	3.14509e-19
0.912	3.38659e-19
0.913	6.11555e-19
0.914	3.96548e-19
0.915	4.12401e-19
0.916	7.81507e-19
0.917	4.80735e-19
0.918	4.59144e-19
0.919	6.75866e-19
0.92	4.18859e-19
0.921	4.39887e-19
0.922	5.18026e-19
0.923	5.4641e-19
0.924	3.33218e-19
0.925	5.23712e-19
0.926	3.3009e-19
0.927	3.87046e-19
0.928	6.12482e-19
0.929	3.17586e-19
0.93	6.53481e-19
0.931	4.32883e-19
0.932	2.94175e-19
0.933	4.69824e-19
0.934	3.02779e-19
0.935	4.7405e-19
0.936	5.64795e-19
0.937	3.89398e-19
0.938	3.19013e-19
0.939	9.27382e-19
0.94	4.84694e-19
0.941	2.35121e-19
0.942	1.0511e-18
0.943	2.94724e-19
0.944	3.9738e-19
0.945	8.93655e-19
0.946	4.0613e-19
0.947	6.32796e-19
0.948	8.48059e-19
0.949	2.68943e-19
0.95	3.34405e-19
0.951	7.58285e-19
0.952	3.46799e-19
0.953	4.99141e-19
0.954	6.95407e-19
0.955	3.47533e-19
0.956	6.78894e-19
0.957	6.37716e-19
0.958	4.35701e-19
0.959	6.04568e-19
0.96	6.39721e-19
0.961	4.89683e-19
0.962	5.5421e-19
0.963	6.9546e-19
0.964	4.70904e-19
0.965	9.08362e-19
0.966	6.15764e-19
0.967	5.30359e-19
0.968	7.27333e-19
0.969	5.28591e-19
0.97	6.91507e-19
0.971	7.33687e-19
0.972	4.10305e-19
0.973	7.72387e-19
0.974	6.99926e-19
0.975	3.1924e-19
0.976	8.62399e-19
0.977	6.4278e-19
0.978	5.38083e-19
0.979	8.05108e-19
0.98	6.91462e-19
0.981	7.14677e-19
0.982	6.63485e-19
0.983	5.96382e-19
0.984	4.85147e-19
0.985	6.34703e-19
0.986	4.53121e-19
0.987	5.7953e-19
0.988	6.26326e-19
0.989	3.77693e-19
0.99	4.13963e-19
0.991	6.33918e-19
0.992	2.66413e-19
0.993	6.70917e-19
0.994	6.66034e-19
0.995	3.26417e-19
0.996	3.69195e-19
0.997	2.76286e-19
0.998	5.12595e-19
0.999	4.71478e-19
1	0
