0	0
0.001	1.9972e+11
0.002	5.7341e+11
0.003	8.16707e+11
0.004	8.96544e+11
0.005	8.99531e+11
0.006	8.81977e+11
0.007	8.61252e+11
0.008	8.40224e+11
0.009	8.20101e+11
0.01	8.00082e+11
0.011	7.80892e+11
0.012	7.62022e+11
0.013	7.43638e+11
0.014	7.25865e+11
0.015	7.08307e+11
0.016	6.91458e+11
0.017	6.7482e+11
0.018	6.5872e+11
0.019	6.43036e+11
0.02	6.27631e+11
0.021	6.12797e+11
0.022	5.9815e+11
0.023	5.84007e+11
0.024	5.70176e+11
0.025	5.56638e+11
0.026	5.43568e+11
0.027	5.30671e+11
0.028	5.18223e+11
0.029	5.0603e+11
0.03	4.94113e+11
0.031	4.8259e+11
0.032	4.71227e+11
0.033	4.60255e+11
0.034	4.49506e+11
0.035	4.38998e+11
0.036	4.28837e+11
0.037	4.18817e+11
0.038	4.09131e+11
0.039	3.99656e+11
0.04	3.90376e+11
0.041	3.8141e+11
0.042	3.7257e+11
0.043	3.64007e+11
0.044	3.55653e+11
0.045	3.47447e+11
0.046	3.39527e+11
0.047	3.31728e+11
0.048	3.24144e+11
0.049	3.16777e+11
0.05	3.09517e+11
0.051	3.02508e+11
0.052	2.95629e+11
0.053	2.88902e+11
0.054	2.82397e+11
0.055	2.75978e+11
0.056	2.69758e+11
0.057	2.63694e+11
0.058	2.57724e+11
0.059	2.51964e+11
0.06	2.46299e+11
0.061	2.40765e+11
0.062	2.35411e+11
0.063	2.30124e+11
0.064	2.25001e+11
0.065	2.20007e+11
0.066	2.15085e+11
0.067	2.10337e+11
0.068	2.0567e+11
0.069	2.011e+11
0.07	1.96687e+11
0.071	1.92327e+11
0.072	1.88089e+11
0.073	1.83975e+11
0.074	1.79908e+11
0.075	1.75978e+11
0.076	1.72136e+11
0.077	1.68349e+11
0.078	1.64698e+11
0.079	1.61107e+11
0.08	1.57585e+11
0.081	1.54188e+11
0.082	1.50831e+11
0.083	1.47558e+11
0.084	1.44392e+11
0.085	1.41256e+11
0.086	1.38215e+11
0.087	1.3526e+11
0.088	1.32332e+11
0.089	1.29504e+11
0.09	1.26743e+11
0.091	1.24011e+11
0.092	1.2138e+11
0.093	1.18799e+11
0.094	1.16251e+11
0.095	1.13801e+11
0.096	1.11388e+11
0.097	1.09012e+11
0.098	1.06728e+11
0.099	1.04472e+11
0.1	1.02256e+11
0.101	1.00125e+11
0.102	9.80163e+10
0.103	9.59484e+10
0.104	9.39599e+10
0.105	9.19888e+10
0.106	9.0058e+10
0.107	8.82016e+10
0.108	8.63592e+10
0.109	8.45554e+10
0.11	8.28217e+10
0.111	8.10999e+10
0.112	7.94135e+10
0.113	7.77938e+10
0.114	7.6185e+10
0.115	7.46071e+10
0.116	7.30934e+10
0.117	7.15907e+10
0.118	7.01133e+10
0.119	6.86978e+10
0.12	6.72947e+10
0.121	6.59105e+10
0.122	6.45859e+10
0.123	6.32765e+10
0.124	6.19791e+10
0.125	6.0738e+10
0.126	5.95167e+10
0.127	5.83007e+10
0.128	5.71361e+10
0.129	5.59973e+10
0.13	5.48584e+10
0.131	5.37637e+10
0.132	5.27016e+10
0.133	5.16363e+10
0.134	5.06055e+10
0.135	4.96139e+10
0.136	4.86195e+10
0.137	4.76477e+10
0.138	4.67196e+10
0.139	4.57936e+10
0.14	4.48776e+10
0.141	4.40057e+10
0.142	4.31449e+10
0.143	4.22835e+10
0.144	4.14605e+10
0.145	4.06603e+10
0.146	3.98537e+10
0.147	3.90742e+10
0.148	3.83277e+10
0.149	3.75767e+10
0.15	3.68378e+10
0.151	3.61366e+10
0.152	3.54407e+10
0.153	3.4743e+10
0.154	3.40788e+10
0.155	3.34338e+10
0.156	3.27807e+10
0.157	3.21479e+10
0.158	3.15459e+10
0.159	3.09405e+10
0.16	3.03385e+10
0.161	2.97693e+10
0.162	2.92109e+10
0.163	2.86444e+10
0.164	2.81e+10
0.165	2.75812e+10
0.166	2.70563e+10
0.167	2.65354e+10
0.168	2.60447e+10
0.169	2.55624e+10
0.17	2.50714e+10
0.171	2.45996e+10
0.172	2.41521e+10
0.173	2.36988e+10
0.174	2.3246e+10
0.175	2.28201e+10
0.176	2.24053e+10
0.177	2.19804e+10
0.178	2.1568e+10
0.179	2.11807e+10
0.18	2.07921e+10
0.181	2.03975e+10
0.182	2.00238e+10
0.183	1.96675e+10
0.184	1.93029e+10
0.185	1.89397e+10
0.186	1.86006e+10
0.187	1.82698e+10
0.188	1.79287e+10
0.189	1.75964e+10
0.19	1.7287e+10
0.191	1.69784e+10
0.192	1.66608e+10
0.193	1.63575e+10
0.194	1.60736e+10
0.195	1.57853e+10
0.196	1.54908e+10
0.197	1.52135e+10
0.198	1.49519e+10
0.199	1.46829e+10
0.2	1.44103e+10
0.201	1.41562e+10
0.202	1.39146e+10
0.203	1.36641e+10
0.204	1.34119e+10
0.205	1.31782e+10
0.206	1.2955e+10
0.207	1.27224e+10
0.208	1.24887e+10
0.209	1.2273e+10
0.21	1.2067e+10
0.211	1.18516e+10
0.212	1.16345e+10
0.213	1.14346e+10
0.214	1.12447e+10
0.215	1.10459e+10
0.216	1.0844e+10
0.217	1.06576e+10
0.218	1.04826e+10
0.219	1.03002e+10
0.22	1.01121e+10
0.221	9.93722e+09
0.222	9.77576e+09
0.223	9.60921e+09
0.224	9.43455e+09
0.225	9.26935e+09
0.226	9.11936e+09
0.227	8.96826e+09
0.228	8.80723e+09
0.229	8.65044e+09
0.23	8.50937e+09
0.231	8.37258e+09
0.232	8.22603e+09
0.233	8.0775e+09
0.234	7.9426e+09
0.235	7.81772e+09
0.236	7.68647e+09
0.237	7.54765e+09
0.238	7.4169e+09
0.239	7.3001e+09
0.24	7.18367e+09
0.241	7.05736e+09
0.242	6.93093e+09
0.243	6.81775e+09
0.244	6.71301e+09
0.245	6.60173e+09
0.246	6.48286e+09
0.247	6.37063e+09
0.248	6.2717e+09
0.249	6.17483e+09
0.25	6.06866e+09
0.251	5.95923e+09
0.252	5.86028e+09
0.253	5.77213e+09
0.254	5.68137e+09
0.255	5.58128e+09
0.256	5.48165e+09
0.257	5.39389e+09
0.258	5.31418e+09
0.259	5.22932e+09
0.26	5.13598e+09
0.261	5.04526e+09
0.262	4.9665e+09
0.263	4.89405e+09
0.264	4.81547e+09
0.265	4.72901e+09
0.266	4.64575e+09
0.267	4.57409e+09
0.268	4.50831e+09
0.269	4.43658e+09
0.27	4.35692e+09
0.271	4.27957e+09
0.272	4.21322e+09
0.273	4.15361e+09
0.274	4.08932e+09
0.275	4.0166e+09
0.276	3.94396e+09
0.277	3.8811e+09
0.278	3.82668e+09
0.279	3.77021e+09
0.28	3.70517e+09
0.281	3.63686e+09
0.282	3.5757e+09
0.283	3.52457e+09
0.284	3.47551e+09
0.285	3.41937e+09
0.286	3.35649e+09
0.287	3.29607e+09
0.288	3.2454e+09
0.289	3.20158e+09
0.29	3.15501e+09
0.291	3.10023e+09
0.292	3.04187e+09
0.293	2.98929e+09
0.294	2.94633e+09
0.295	2.90729e+09
0.296	2.86321e+09
0.297	2.81135e+09
0.298	2.75789e+09
0.299	2.71131e+09
0.3	2.6737e+09
0.301	2.63875e+09
0.302	2.59828e+09
0.303	2.55035e+09
0.304	2.50099e+09
0.305	2.45815e+09
0.306	2.42403e+09
0.307	2.39316e+09
0.308	2.35765e+09
0.309	2.31461e+09
0.31	2.26859e+09
0.311	2.2273e+09
0.312	2.19462e+09
0.313	2.16725e+09
0.314	2.13779e+09
0.315	2.10121e+09
0.316	2.05907e+09
0.317	2.01801e+09
0.318	1.98409e+09
0.319	1.95783e+09
0.32	1.93394e+09
0.321	1.90568e+09
0.322	1.87024e+09
0.323	1.83081e+09
0.324	1.79392e+09
0.325	1.76441e+09
0.326	1.74185e+09
0.327	1.72102e+09
0.328	1.6958e+09
0.329	1.66362e+09
0.33	1.62715e+09
0.331	1.59225e+09
0.332	1.56389e+09
0.333	1.54278e+09
0.334	1.52504e+09
0.335	1.50491e+09
0.336	1.47845e+09
0.337	1.44604e+09
0.338	1.41198e+09
0.339	1.38168e+09
0.34	1.35841e+09
0.341	1.34138e+09
0.342	1.32636e+09
0.343	1.30821e+09
0.344	1.28382e+09
0.345	1.25371e+09
0.346	1.22168e+09
0.347	1.19259e+09
0.348	1.16982e+09
0.349	1.1536e+09
0.35	1.14097e+09
0.351	1.12739e+09
0.352	1.10898e+09
0.353	1.0843e+09
0.354	1.05497e+09
0.355	1.02473e+09
0.356	9.97776e+08
0.357	9.76858e+08
0.358	9.62216e+08
0.359	9.51575e+08
0.36	9.41167e+08
0.361	9.27283e+08
0.362	9.07679e+08
0.363	8.82349e+08
0.364	8.53413e+08
0.365	8.2426e+08
0.366	7.98321e+08
0.367	7.77919e+08
0.368	7.63568e+08
0.369	7.53909e+08
0.37	7.46222e+08
0.371	7.37301e+08
0.372	7.24397e+08
0.373	7.05941e+08
0.374	6.8189e+08
0.375	6.53638e+08
0.376	6.23577e+08
0.377	5.9446e+08
0.378	5.68749e+08
0.379	5.48089e+08
0.38	5.3303e+08
0.381	5.22991e+08
0.382	5.16459e+08
0.383	5.11337e+08
0.384	5.05348e+08
0.385	4.96416e+08
0.386	4.82959e+08
0.387	4.64063e+08
0.388	4.39525e+08
0.389	4.09793e+08
0.39	3.75827e+08
0.391	3.38919e+08
0.392	3.00506e+08
0.393	2.62008e+08
0.394	2.24692e+08
0.395	1.89591e+08
0.396	1.57462e+08
0.397	1.28778e+08
0.398	1.03752e+08
0.399	8.23804e+07
0.4	6.44924e+07
0.401	4.97996e+07
0.402	3.79441e+07
0.403	2.85383e+07
0.404	2.1195e+07
0.405	1.55492e+07
0.406	1.12718e+07
0.407	8.07657e+06
0.408	5.72182e+06
0.409	4.00901e+06
0.41	2.77878e+06
0.411	1.90587e+06
0.412	1.29378e+06
0.413	869479
0.414	578603
0.415	381346
0.416	248978
0.417	161061
0.418	103249
0.419	65603.4
0.42	41322.2
0.421	25806.5
0.422	15982
0.423	9816.42
0.424	5980.8
0.425	3615.01
0.426	2168.02
0.427	1290.25
0.428	762.075
0.429	446.773
0.43	260.011
0.431	150.232
0.432	86.1876
0.433	49.1004
0.434	27.7798
0.435	15.6105
0.436	8.71353
0.437	4.8317
0.438	2.66179
0.439	1.45698
0.44	0.792458
0.441	0.428332
0.442	0.230091
0.443	0.122848
0.444	0.0651962
0.445	0.0343947
0.446	0.0180389
0.447	0.00940604
0.448	0.00487657
0.449	0.00251398
0.45	0.00128877
0.451	0.000657037
0.452	0.00033314
0.453	0.000168003
0.454	8.42722e-05
0.455	4.20491e-05
0.456	2.08717e-05
0.457	1.03066e-05
0.458	5.0635e-06
0.459	2.47508e-06
0.46	1.2038e-06
0.461	5.82599e-07
0.462	2.8058e-07
0.463	1.34474e-07
0.464	6.41406e-08
0.465	3.04485e-08
0.466	1.43866e-08
0.467	6.76593e-09
0.468	3.16736e-09
0.469	1.47599e-09
0.47	6.84717e-10
0.471	3.16224e-10
0.472	1.45398e-10
0.473	6.65611e-11
0.474	3.03392e-11
0.475	1.37699e-11
0.476	6.2234e-12
0.477	2.80116e-12
0.478	1.25566e-12
0.479	5.60691e-13
0.48	2.49424e-13
0.481	1.10541e-13
0.482	4.88223e-14
0.483	2.15077e-14
0.484	9.45857e-15
0.485	4.14825e-15
0.486	1.81953e-15
0.487	7.94119e-16
0.488	3.46173e-16
0.489	1.50129e-16
0.49	6.56551e-17
0.491	2.88595e-17
0.492	1.28935e-17
0.493	5.95811e-18
0.494	2.9025e-18
0.495	1.43754e-18
0.496	1.02819e-18
0.497	7.34646e-19
0.498	7.07746e-19
0.499	8.58275e-19
0.5	8.76837e-19
0.501	1.32949e-18
0.502	1.3916e-18
0.503	1.28978e-18
0.504	1.15371e-18
0.505	1.14544e-18
0.506	1.16816e-18
0.507	1.06662e-18
0.508	9.10557e-19
0.509	1.00339e-18
0.51	9.79101e-19
0.511	8.64642e-19
0.512	6.95554e-19
0.513	5.95611e-19
0.514	6.1427e-19
0.515	5.79049e-19
0.516	5.96266e-19
0.517	6.42151e-19
0.518	7.48427e-19
0.519	7.11238e-19
0.52	5.74058e-19
0.521	5.92597e-19
0.522	4.26732e-19
0.523	4.11021e-19
0.524	5.67102e-19
0.525	4.01887e-19
0.526	6.50818e-19
0.527	4.87246e-19
0.528	7.56513e-19
0.529	8.85178e-19
0.53	7.30882e-19
0.531	9.40626e-19
0.532	7.3104e-19
0.533	9.4194e-19
0.534	5.90524e-19
0.535	4.79631e-19
0.536	3.41517e-19
0.537	4.34449e-19
0.538	5.5851e-19
0.539	7.54706e-19
0.54	8.57946e-19
0.541	4.34666e-19
0.542	4.34554e-19
0.543	4.32712e-19
0.544	4.27491e-19
0.545	3.7393e-19
0.546	3.83218e-19
0.547	5.5365e-19
0.548	7.33146e-19
0.549	6.07275e-19
0.55	4.60118e-19
0.551	4.24846e-19
0.552	5.8045e-19
0.553	6.60358e-19
0.554	4.16442e-19
0.555	2.7054e-19
0.556	4.04445e-19
0.557	3.48065e-19
0.558	4.83787e-19
0.559	5.47564e-19
0.56	4.91104e-19
0.561	5.75946e-19
0.562	5.63301e-19
0.563	4.89901e-19
0.564	3.90643e-19
0.565	4.47685e-19
0.566	6.78894e-19
0.567	5.68158e-19
0.568	5.31906e-19
0.569	5.75597e-19
0.57	6.86366e-19
0.571	6.03537e-19
0.572	5.27216e-19
0.573	8.49165e-19
0.574	3.66612e-19
0.575	5.67105e-19
0.576	5.19791e-19
0.577	6.46147e-19
0.578	7.56019e-19
0.579	6.17435e-19
0.58	5.03789e-19
0.581	5.52696e-19
0.582	5.71637e-19
0.583	8.03253e-19
0.584	7.8775e-19
0.585	3.71599e-19
0.586	5.65217e-19
0.587	5.10578e-19
0.588	3.43448e-19
0.589	6.61932e-19
0.59	3.59407e-19
0.591	4.67931e-19
0.592	6.74469e-19
0.593	3.73347e-19
0.594	5.83831e-19
0.595	3.80644e-19
0.596	4.34423e-19
0.597	8.84313e-19
0.598	3.37103e-19
0.599	4.55694e-19
0.6	1.07119e-18
0.601	5.2542e-19
0.602	6.84517e-19
0.603	5.94493e-19
0.604	3.57873e-19
0.605	6.76343e-19
0.606	5.95382e-19
0.607	4.11336e-19
0.608	6.10141e-19
0.609	3.75669e-19
0.61	8.00168e-19
0.611	7.8657e-19
0.612	5.12845e-19
0.613	5.34359e-19
0.614	5.48024e-19
0.615	3.78845e-19
0.616	6.65814e-19
0.617	4.55604e-19
0.618	2.32384e-19
0.619	3.97763e-19
0.62	3.17666e-19
0.621	2.86814e-19
0.622	3.92528e-19
0.623	3.25774e-19
0.624	3.03644e-19
0.625	4.84122e-19
0.626	2.23042e-19
0.627	4.96471e-19
0.628	6.74635e-19
0.629	3.73808e-19
0.63	5.15101e-19
0.631	4.20991e-19
0.632	4.27508e-19
0.633	4.83252e-19
0.634	4.72389e-19
0.635	4.24748e-19
0.636	8.45804e-19
0.637	6.19733e-19
0.638	4.43623e-19
0.639	5.94555e-19
0.64	4.55697e-19
0.641	6.00093e-19
0.642	5.89243e-19
0.643	4.24642e-19
0.644	5.32772e-19
0.645	2.98907e-19
0.646	4.3473e-19
0.647	3.81415e-19
0.648	3.57179e-19
0.649	2.88118e-19
0.65	2.71732e-19
0.651	2.69742e-19
0.652	2.39603e-19
0.653	5.34407e-19
0.654	4.06355e-19
0.655	3.81187e-19
0.656	6.61462e-19
0.657	4.01229e-19
0.658	3.12017e-19
0.659	5.79075e-19
0.66	4.18611e-19
0.661	8.59467e-19
0.662	6.44139e-19
0.663	6.19894e-19
0.664	7.59553e-19
0.665	4.7673e-19
0.666	8.0506e-19
0.667	7.55507e-19
0.668	4.43703e-19
0.669	6.91497e-19
0.67	5.06531e-19
0.671	4.26677e-19
0.672	5.49188e-19
0.673	3.54056e-19
0.674	4.15288e-19
0.675	5.72151e-19
0.676	2.27113e-19
0.677	4.26437e-19
0.678	3.93445e-19
0.679	2.84427e-19
0.68	3.84475e-19
0.681	3.58044e-19
0.682	4.5597e-19
0.683	4.99814e-19
0.684	4.04426e-19
0.685	4.04037e-19
0.686	4.5055e-19
0.687	2.78108e-19
0.688	3.33727e-19
0.689	3.25893e-19
0.69	3.63638e-19
0.691	3.96636e-19
0.692	3.74801e-19
0.693	2.30858e-19
0.694	3.48885e-19
0.695	2.63324e-19
0.696	2.43057e-19
0.697	1.94705e-19
0.698	2.14416e-19
0.699	2.10443e-19
0.7	2.23925e-19
0.701	2.44719e-19
0.702	2.51257e-19
0.703	2.89806e-19
0.704	2.48598e-19
0.705	3.23615e-19
0.706	3.53102e-19
0.707	3.54244e-19
0.708	3.79347e-19
0.709	4.08271e-19
0.71	3.64349e-19
0.711	4.29611e-19
0.712	5.17463e-19
0.713	4.91171e-19
0.714	4.68213e-19
0.715	3.10554e-19
0.716	3.67899e-19
0.717	4.51663e-19
0.718	2.64317e-19
0.719	5.14977e-19
0.72	4.28501e-19
0.721	3.21483e-19
0.722	4.86383e-19
0.723	4.95191e-19
0.724	3.57914e-19
0.725	5.75623e-19
0.726	3.69702e-19
0.727	3.77772e-19
0.728	4.90516e-19
0.729	4.61794e-19
0.73	2.91417e-19
0.731	5.65766e-19
0.732	3.03984e-19
0.733	4.77657e-19
0.734	6.54453e-19
0.735	3.33379e-19
0.736	4.82681e-19
0.737	6.52209e-19
0.738	3.28116e-19
0.739	5.17554e-19
0.74	6.17446e-19
0.741	2.33216e-19
0.742	3.8403e-19
0.743	4.89002e-19
0.744	2.34954e-19
0.745	4.18072e-19
0.746	3.53712e-19
0.747	3.15471e-19
0.748	7.17152e-19
0.749	5.57684e-19
0.75	3.38403e-19
0.751	4.33806e-19
0.752	4.01984e-19
0.753	2.39552e-19
0.754	3.23523e-19
0.755	2.95382e-19
0.756	3.16128e-19
0.757	3.62876e-19
0.758	4.02768e-19
0.759	2.90607e-19
0.76	4.69322e-19
0.761	3.15419e-19
0.762	2.66255e-19
0.763	4.28296e-19
0.764	4.46541e-19
0.765	3.671e-19
0.766	4.36288e-19
0.767	3.31329e-19
0.768	3.13844e-19
0.769	3.46981e-19
0.77	3.01847e-19
0.771	2.72456e-19
0.772	3.76578e-19
0.773	3.68177e-19
0.774	3.25696e-19
0.775	5.34829e-19
0.776	4.05228e-19
0.777	3.18899e-19
0.778	2.16881e-19
0.779	2.43617e-19
0.78	2.4657e-19
0.781	2.75984e-19
0.782	2.71882e-19
0.783	3.04229e-19
0.784	3.42997e-19
0.785	2.20895e-19
0.786	3.72413e-19
0.787	3.1621e-19
0.788	1.69238e-19
0.789	2.66687e-19
0.79	3.12977e-19
0.791	2.17947e-19
0.792	4.09855e-19
0.793	3.60483e-19
0.794	3.32951e-19
0.795	4.14478e-19
0.796	2.91913e-19
0.797	3.66284e-19
0.798	3.77856e-19
0.799	3.18596e-19
0.8	3.09773e-19
0.801	3.68318e-19
0.802	4.57105e-19
0.803	4.79381e-19
0.804	5.10019e-19
0.805	4.30644e-19
0.806	3.49309e-19
0.807	4.49234e-19
0.808	2.96208e-19
0.809	3.28512e-19
0.81	2.74422e-19
0.811	3.75758e-19
0.812	4.0673e-19
0.813	3.92704e-19
0.814	3.32669e-19
0.815	3.52164e-19
0.816	2.24281e-19
0.817	3.09396e-19
0.818	3.49572e-19
0.819	2.38865e-19
0.82	2.99912e-19
0.821	3.23898e-19
0.822	3.08001e-19
0.823	3.01354e-19
0.824	3.14607e-19
0.825	2.588e-19
0.826	2.83326e-19
0.827	2.38268e-19
0.828	3.40003e-19
0.829	2.8601e-19
0.83	2.87302e-19
0.831	4.09671e-19
0.832	4.18778e-19
0.833	2.9445e-19
0.834	4.5097e-19
0.835	2.87377e-19
0.836	2.44654e-19
0.837	2.68483e-19
0.838	1.74116e-19
0.839	2.54996e-19
0.84	3.8521e-19
0.841	3.57982e-19
0.842	3.95146e-19
0.843	3.03944e-19
0.844	2.36091e-19
0.845	2.92522e-19
0.846	2.89651e-19
0.847	2.40325e-19
0.848	2.994e-19
0.849	3.58423e-19
0.85	3.03271e-19
0.851	3.12821e-19
0.852	3.01719e-19
0.853	3.18819e-19
0.854	2.92825e-19
0.855	2.72971e-19
0.856	2.75534e-19
0.857	3.13961e-19
0.858	2.66019e-19
0.859	2.6091e-19
0.86	3.10879e-19
0.861	2.56887e-19
0.862	2.64621e-19
0.863	1.52986e-19
0.864	2.15065e-19
0.865	2.37037e-19
0.866	2.86848e-19
0.867	2.2873e-19
0.868	2.85847e-19
0.869	2.81295e-19
0.87	2.48836e-19
0.871	3.61241e-19
0.872	2.46703e-19
0.873	3.10321e-19
0.874	3.11221e-19
0.875	2.82647e-19
0.876	3.85385e-19
0.877	2.64707e-19
0.878	3.65457e-19
0.879	3.14416e-19
0.88	2.65679e-19
0.881	4.35078e-19
0.882	2.41972e-19
0.883	2.48732e-19
0.884	4.52588e-19
0.885	3.14854e-19
0.886	3.57878e-19
0.887	3.99502e-19
0.888	3.6515e-19
0.889	3.03244e-19
0.89	4.84977e-19
0.891	3.00981e-19
0.892	2.55995e-19
0.893	3.00647e-19
0.894	2.02798e-19
0.895	4.068e-19
0.896	3.3071e-19
0.897	2.81991e-19
0.898	4.57298e-19
0.899	5.94405e-19
0.9	2.17112e-19
0.901	2.82751e-19
0.902	6.55557e-19
0.903	2.15971e-19
0.904	6.03377e-19
0.905	6.5518e-19
0.906	3.8731e-19
0.907	5.79768e-19
0.908	4.16376e-19
0.909	2.46892e-19
0.91	8.01432e-19
0.911	3.21119e-19
0.912	4.0833e-19
0.913	6.60815e-19
0.914	4.26433e-19
0.915	6.7187e-19
0.916	8.03554e-19
0.917	5.90861e-19
0.918	5.78924e-19
0.919	6.44433e-19
0.92	4.01769e-19
0.921	4.83822e-19
0.922	4.54536e-19
0.923	3.63119e-19
0.924	3.96576e-19
0.925	3.9794e-19
0.926	2.16207e-19
0.927	3.55279e-19
0.928	4.60297e-19
0.929	3.01452e-19
0.93	4.21672e-19
0.931	5.85064e-19
0.932	3.65887e-19
0.933	9.07505e-19
0.934	3.53738e-19
0.935	2.14192e-19
0.936	6.905e-19
0.937	3.27841e-19
0.938	3.63365e-19
0.939	8.26832e-19
0.94	4.0958e-19
0.941	3.86204e-19
0.942	6.99895e-19
0.943	3.48614e-19
0.944	3.76479e-19
0.945	7.49944e-19
0.946	3.80169e-19
0.947	4.83081e-19
0.948	6.10276e-19
0.949	2.83211e-19
0.95	5.13957e-19
0.951	3.67881e-19
0.952	2.98953e-19
0.953	4.32879e-19
0.954	4.57161e-19
0.955	3.07831e-19
0.956	4.60641e-19
0.957	6.82173e-19
0.958	3.2696e-19
0.959	4.18601e-19
0.96	6.97548e-19
0.961	2.76181e-19
0.962	7.34145e-19
0.963	6.94529e-19
0.964	3.09325e-19
0.965	7.55521e-19
0.966	5.03396e-19
0.967	3.79348e-19
0.968	5.2012e-19
0.969	5.40869e-19
0.97	5.39946e-19
0.971	8.41774e-19
0.972	3.26852e-19
0.973	5.03945e-19
0.974	4.39882e-19
0.975	3.93654e-19
0.976	6.49568e-19
0.977	3.98198e-19
0.978	4.49156e-19
0.979	6.5027e-19
0.98	3.45452e-19
0.981	7.14011e-19
0.982	5.80081e-19
0.983	3.95647e-19
0.984	5.85129e-19
0.985	4.98013e-19
0.986	3.60928e-19
0.987	7.35389e-19
0.988	3.66192e-19
0.989	4.18838e-19
0.99	6.24903e-19
0.991	4.21722e-19
0.992	6.0783e-19
0.993	7.91989e-19
0.994	4.13337e-19
0.995	6.75043e-19
0.996	6.54318e-19
0.997	2.8115e-19
0.998	4.92443e-19
0.999	5.74933e-19
1	0
