0	0
0.001	3.78466e+12
0.002	1.08149e+13
0.003	1.53541e+13
0.004	1.68144e+13
0.005	1.68305e+13
0.006	1.64673e+13
0.007	1.60387e+13
0.008	1.56143e+13
0.009	1.52012e+13
0.01	1.47973e+13
0.011	1.44082e+13
0.012	1.40256e+13
0.013	1.3658e+13
0.014	1.32968e+13
0.015	1.29483e+13
0.016	1.26081e+13
0.017	1.22773e+13
0.018	1.19569e+13
0.019	1.16431e+13
0.02	1.13406e+13
0.021	1.10439e+13
0.022	1.07573e+13
0.023	1.04774e+13
0.024	1.02054e+13
0.025	9.94149e+12
0.026	9.68338e+12
0.027	9.43415e+12
0.028	9.18989e+12
0.029	8.95368e+12
0.03	8.72318e+12
0.031	8.49882e+12
0.032	8.28141e+12
0.033	8.06851e+12
0.034	7.86287e+12
0.035	7.66154e+12
0.036	7.46631e+12
0.037	7.27638e+12
0.038	7.09083e+12
0.039	6.91145e+12
0.04	6.7356e+12
0.041	6.56545e+12
0.042	6.39943e+12
0.043	6.23759e+12
0.044	6.0809e+12
0.045	5.92727e+12
0.046	5.77874e+12
0.047	5.63357e+12
0.048	5.49223e+12
0.049	5.35525e+12
0.05	5.22093e+12
0.051	5.09111e+12
0.052	4.96413e+12
0.053	4.84052e+12
0.054	4.7207e+12
0.055	4.60316e+12
0.056	4.48955e+12
0.057	4.37844e+12
0.058	4.27018e+12
0.059	4.16531e+12
0.06	4.06236e+12
0.061	3.96281e+12
0.062	3.86556e+12
0.063	3.7706e+12
0.064	3.67875e+12
0.065	3.58854e+12
0.066	3.50117e+12
0.067	3.41603e+12
0.068	3.33263e+12
0.069	3.2521e+12
0.07	3.17304e+12
0.071	3.0962e+12
0.072	3.02165e+12
0.073	2.94838e+12
0.074	2.8776e+12
0.075	2.80836e+12
0.076	2.74068e+12
0.077	2.6753e+12
0.078	2.61098e+12
0.079	2.54859e+12
0.08	2.48797e+12
0.081	2.42835e+12
0.082	2.3708e+12
0.083	2.31446e+12
0.084	2.25934e+12
0.085	2.20614e+12
0.086	2.15377e+12
0.087	2.10288e+12
0.088	2.05355e+12
0.089	2.00493e+12
0.09	1.95796e+12
0.091	1.91212e+12
0.092	1.86706e+12
0.093	1.82364e+12
0.094	1.781e+12
0.095	1.73931e+12
0.096	1.69909e+12
0.097	1.65943e+12
0.098	1.62088e+12
0.099	1.58356e+12
0.1	1.54669e+12
0.101	1.51104e+12
0.102	1.47636e+12
0.103	1.44212e+12
0.104	1.40913e+12
0.105	1.37687e+12
0.106	1.3451e+12
0.107	1.31454e+12
0.108	1.28452e+12
0.109	1.25504e+12
0.11	1.2267e+12
0.111	1.19876e+12
0.112	1.17142e+12
0.113	1.14512e+12
0.114	1.11912e+12
0.115	1.09374e+12
0.116	1.06932e+12
0.117	1.04512e+12
0.118	1.02156e+12
0.119	9.98869e+11
0.12	9.76355e+11
0.121	9.54469e+11
0.122	9.33377e+11
0.123	9.12427e+11
0.124	8.92079e+11
0.125	8.72472e+11
0.126	8.52979e+11
0.127	8.34045e+11
0.128	8.15816e+11
0.129	7.97679e+11
0.13	7.80046e+11
0.131	7.63095e+11
0.132	7.46224e+11
0.133	7.29785e+11
0.134	7.14018e+11
0.135	6.9833e+11
0.136	6.8299e+11
0.137	6.68315e+11
0.138	6.53737e+11
0.139	6.39412e+11
0.14	6.25739e+11
0.141	6.12203e+11
0.142	5.9882e+11
0.143	5.8606e+11
0.144	5.73503e+11
0.145	5.61004e+11
0.146	5.4907e+11
0.147	5.37426e+11
0.148	5.25767e+11
0.149	5.14577e+11
0.15	5.03774e+11
0.151	4.92925e+11
0.152	4.82411e+11
0.153	4.72366e+11
0.154	4.62304e+11
0.155	4.52418e+11
0.156	4.43037e+11
0.157	4.33734e+11
0.158	4.24456e+11
0.159	4.15643e+11
0.16	4.0705e+11
0.161	3.98387e+11
0.162	3.90064e+11
0.163	3.82101e+11
0.164	3.74072e+11
0.165	3.66197e+11
0.166	3.58755e+11
0.167	3.51362e+11
0.168	3.43945e+11
0.169	3.36914e+11
0.17	3.30108e+11
0.171	3.23202e+11
0.172	3.16509e+11
0.173	3.10184e+11
0.174	3.03833e+11
0.175	2.97485e+11
0.176	2.91505e+11
0.177	2.85689e+11
0.178	2.79762e+11
0.179	2.74036e+11
0.18	2.68643e+11
0.181	2.63213e+11
0.182	2.57759e+11
0.183	2.52632e+11
0.184	2.4768e+11
0.185	2.42607e+11
0.186	2.37663e+11
0.187	2.33045e+11
0.188	2.28437e+11
0.189	2.23741e+11
0.19	2.19293e+11
0.191	2.15083e+11
0.192	2.10778e+11
0.193	2.06476e+11
0.194	2.02472e+11
0.195	1.98592e+11
0.196	1.94583e+11
0.197	1.90668e+11
0.198	1.87045e+11
0.199	1.83448e+11
0.2	1.79731e+11
0.201	1.76179e+11
0.202	1.7288e+11
0.203	1.6954e+11
0.204	1.66109e+11
0.205	1.62882e+11
0.206	1.59866e+11
0.207	1.56768e+11
0.208	1.53607e+11
0.209	1.50666e+11
0.21	1.47902e+11
0.211	1.45036e+11
0.212	1.42124e+11
0.213	1.39433e+11
0.214	1.36898e+11
0.215	1.34257e+11
0.216	1.3157e+11
0.217	1.29095e+11
0.218	1.26773e+11
0.219	1.24348e+11
0.22	1.21864e+11
0.221	1.19574e+11
0.222	1.17447e+11
0.223	1.15234e+11
0.224	1.12937e+11
0.225	1.10801e+11
0.226	1.0885e+11
0.227	1.06844e+11
0.228	1.04725e+11
0.229	1.02718e+11
0.23	1.00914e+11
0.231	9.91076e+10
0.232	9.71691e+10
0.233	9.52729e+10
0.234	9.35817e+10
0.235	9.19592e+10
0.236	9.02124e+10
0.237	8.84258e+10
0.238	8.68092e+10
0.239	8.53359e+10
0.24	8.3791e+10
0.241	8.2136e+10
0.242	8.05685e+10
0.243	7.91885e+10
0.244	7.78346e+10
0.245	7.63521e+10
0.246	7.48426e+10
0.247	7.34944e+10
0.248	7.2279e+10
0.249	7.09998e+10
0.25	6.96037e+10
0.251	6.82603e+10
0.252	6.70938e+10
0.253	6.59925e+10
0.254	6.4783e+10
0.255	6.34926e+10
0.256	6.23037e+10
0.257	6.12785e+10
0.258	6.02693e+10
0.259	5.91382e+10
0.26	5.79557e+10
0.261	5.68947e+10
0.262	5.59813e+10
0.263	5.50605e+10
0.264	5.40165e+10
0.265	5.29318e+10
0.266	5.19688e+10
0.267	5.11467e+10
0.268	5.0318e+10
0.269	4.9369e+10
0.27	4.8369e+10
0.271	4.7475e+10
0.272	4.6725e+10
0.273	4.59917e+10
0.274	4.51478e+10
0.275	4.42264e+10
0.276	4.33753e+10
0.277	4.26715e+10
0.278	4.20279e+10
0.279	4.13025e+10
0.28	4.04697e+10
0.281	3.96472e+10
0.282	3.89545e+10
0.283	3.83735e+10
0.284	3.77722e+10
0.285	3.70575e+10
0.286	3.62785e+10
0.287	3.55678e+10
0.288	3.49938e+10
0.289	3.44878e+10
0.29	3.39205e+10
0.291	3.32411e+10
0.292	3.25278e+10
0.293	3.19036e+10
0.294	3.14087e+10
0.295	3.09619e+10
0.296	3.04449e+10
0.297	2.98193e+10
0.298	2.91621e+10
0.299	2.85879e+10
0.3	2.81392e+10
0.301	2.77487e+10
0.302	2.73037e+10
0.303	2.67506e+10
0.304	2.61404e+10
0.305	2.55811e+10
0.306	2.51409e+10
0.307	2.47911e+10
0.308	2.44327e+10
0.309	2.39813e+10
0.31	2.34361e+10
0.311	2.28775e+10
0.312	2.24004e+10
0.313	2.20394e+10
0.314	2.17434e+10
0.315	2.14173e+10
0.316	2.09945e+10
0.317	2.04846e+10
0.318	1.99642e+10
0.319	1.95195e+10
0.32	1.91866e+10
0.321	1.89275e+10
0.322	1.86588e+10
0.323	1.83081e+10
0.324	1.78603e+10
0.325	1.73654e+10
0.326	1.69044e+10
0.327	1.65391e+10
0.328	1.62752e+10
0.329	1.60618e+10
0.33	1.58222e+10
0.331	1.5498e+10
0.332	1.50806e+10
0.333	1.46132e+10
0.334	1.41665e+10
0.335	1.38009e+10
0.336	1.35369e+10
0.337	1.3347e+10
0.338	1.31704e+10
0.339	1.29434e+10
0.34	1.26272e+10
0.341	1.22243e+10
0.342	1.17749e+10
0.343	1.13387e+10
0.344	1.09695e+10
0.345	1.06951e+10
0.346	1.0508e+10
0.347	1.03697e+10
0.348	1.02268e+10
0.349	1.00291e+10
0.35	9.74612e+09
0.351	9.37551e+09
0.352	8.94156e+09
0.353	8.48647e+09
0.354	8.05724e+09
0.355	7.6928e+09
0.356	7.41465e+09
0.357	7.22293e+09
0.358	7.09813e+09
0.359	7.00693e+09
0.36	6.91019e+09
0.361	6.77108e+09
0.362	6.56138e+09
0.363	6.26535e+09
0.364	5.88061e+09
0.365	5.41679e+09
0.366	4.89246e+09
0.367	4.33135e+09
0.368	3.75861e+09
0.369	3.19771e+09
0.37	2.66823e+09
0.371	2.18465e+09
0.372	1.75604e+09
0.373	1.38649e+09
0.374	1.07587e+09
0.375	8.20902e+08
0.376	6.16219e+08
0.377	4.55306e+08
0.378	3.31285e+08
0.379	2.37479e+08
0.38	1.67786e+08
0.381	1.16888e+08
0.382	8.0322e+07
0.383	5.44634e+07
0.384	3.64528e+07
0.385	2.40909e+07
0.386	1.57255e+07
0.387	1.01418e+07
0.388	6.46398e+06
0.389	4.07267e+06
0.39	2.53723e+06
0.391	1.56331e+06
0.392	952874
0.393	574679
0.394	343009
0.395	202657
0.396	118543
0.397	68664.4
0.398	39391.5
0.399	22385.2
0.4	12603.1
0.401	7031.11
0.402	3887.42
0.403	2130.36
0.404	1157.34
0.405	623.367
0.406	332.933
0.407	176.342
0.408	92.6392
0.409	48.275
0.41	24.9569
0.411	12.801
0.412	6.5153
0.413	3.29081
0.414	1.64967
0.415	0.820833
0.416	0.405435
0.417	0.198809
0.418	0.0967919
0.419	0.0467915
0.42	0.0224625
0.421	0.010709
0.422	0.00507079
0.423	0.0023849
0.424	0.00111422
0.425	0.000517135
0.426	0.000238455
0.427	0.000109247
0.428	4.97326e-05
0.429	2.24975e-05
0.43	1.01138e-05
0.431	4.51874e-06
0.432	2.00662e-06
0.433	8.85698e-07
0.434	3.88604e-07
0.435	1.69495e-07
0.436	7.34952e-08
0.437	3.1684e-08
0.438	1.35808e-08
0.439	5.7882e-09
0.44	2.4531e-09
0.441	1.03387e-09
0.442	4.33327e-10
0.443	1.80629e-10
0.444	7.48868e-11
0.445	3.08808e-11
0.446	1.26665e-11
0.447	5.16741e-12
0.448	2.09663e-12
0.449	8.4599e-13
0.45	3.39491e-13
0.451	1.35472e-13
0.452	5.37956e-14
0.453	2.12438e-14
0.454	8.357e-15
0.455	3.28996e-15
0.456	1.29616e-15
0.457	5.20944e-16
0.458	2.20706e-16
0.459	1.03408e-16
0.46	5.49881e-17
0.461	3.63343e-17
0.462	2.34021e-17
0.463	2.13629e-17
0.464	1.8306e-17
0.465	1.50976e-17
0.466	1.36341e-17
0.467	9.94832e-18
0.468	1.09458e-17
0.469	9.65968e-18
0.47	9.9194e-18
0.471	1.36324e-17
0.472	1.29451e-17
0.473	1.69704e-17
0.474	1.47079e-17
0.475	1.25834e-17
0.476	1.34256e-17
0.477	1.45944e-17
0.478	1.54327e-17
0.479	1.03724e-17
0.48	1.25464e-17
0.481	1.09635e-17
0.482	9.4903e-18
0.483	1.11766e-17
0.484	7.05662e-18
0.485	1.05075e-17
0.486	7.40892e-18
0.487	1.26284e-17
0.488	1.29383e-17
0.489	6.10981e-18
0.49	7.48042e-18
0.491	4.8069e-18
0.492	8.35437e-18
0.493	1.14419e-17
0.494	7.82514e-18
0.495	1.10861e-17
0.496	8.00376e-18
0.497	1.08504e-17
0.498	6.29657e-18
0.499	1.16339e-17
0.5	1.36751e-17
0.501	1.44839e-17
0.502	1.94223e-17
0.503	1.35703e-17
0.504	1.21213e-17
0.505	1.11773e-17
0.506	8.75114e-18
0.507	6.30393e-18
0.508	7.91292e-18
0.509	8.27991e-18
0.51	5.22597e-18
0.511	5.09487e-18
0.512	4.89365e-18
0.513	6.14442e-18
0.514	4.97766e-18
0.515	4.21269e-18
0.516	3.7208e-18
0.517	5.48548e-18
0.518	6.91456e-18
0.519	4.92836e-18
0.52	5.70865e-18
0.521	6.92074e-18
0.522	4.59513e-18
0.523	5.60058e-18
0.524	3.88433e-18
0.525	3.80561e-18
0.526	5.98034e-18
0.527	4.9497e-18
0.528	7.4908e-18
0.529	6.99706e-18
0.53	7.17515e-18
0.531	8.21045e-18
0.532	8.56507e-18
0.533	1.10478e-17
0.534	1.14094e-17
0.535	6.76588e-18
0.536	8.77145e-18
0.537	6.2853e-18
0.538	8.99418e-18
0.539	9.57993e-18
0.54	6.32285e-18
0.541	5.44704e-18
0.542	7.10031e-18
0.543	4.76926e-18
0.544	5.09484e-18
0.545	5.08032e-18
0.546	6.12653e-18
0.547	7.44803e-18
0.548	8.3181e-18
0.549	8.25585e-18
0.55	9.16123e-18
0.551	1.0305e-17
0.552	1.12648e-17
0.553	6.6105e-18
0.554	4.61611e-18
0.555	3.50244e-18
0.556	3.18151e-18
0.557	2.91181e-18
0.558	5.44781e-18
0.559	7.25851e-18
0.56	5.95304e-18
0.561	6.51856e-18
0.562	6.70729e-18
0.563	8.16254e-18
0.564	8.3027e-18
0.565	5.68299e-18
0.566	7.95288e-18
0.567	1.30962e-17
0.568	7.91435e-18
0.569	9.01999e-18
0.57	6.78029e-18
0.571	7.4412e-18
0.572	1.30866e-17
0.573	7.51914e-18
0.574	6.68363e-18
0.575	8.10817e-18
0.576	5.59419e-18
0.577	8.03501e-18
0.578	6.45056e-18
0.579	6.65506e-18
0.58	8.04174e-18
0.581	6.40603e-18
0.582	5.30955e-18
0.583	7.48498e-18
0.584	4.86335e-18
0.585	4.02247e-18
0.586	3.63279e-18
0.587	2.5629e-18
0.588	4.4519e-18
0.589	6.66325e-18
0.59	4.78664e-18
0.591	5.92862e-18
0.592	5.53298e-18
0.593	6.45028e-18
0.594	5.344e-18
0.595	4.4283e-18
0.596	4.39713e-18
0.597	7.50961e-18
0.598	3.56699e-18
0.599	5.79131e-18
0.6	6.04536e-18
0.601	3.75173e-18
0.602	4.50292e-18
0.603	4.50794e-18
0.604	3.29626e-18
0.605	4.95801e-18
0.606	3.23832e-18
0.607	4.80899e-18
0.608	5.9568e-18
0.609	5.22688e-18
0.61	7.40133e-18
0.611	9.67372e-18
0.612	5.70565e-18
0.613	7.89282e-18
0.614	9.44357e-18
0.615	2.84804e-18
0.616	4.85693e-18
0.617	8.2184e-18
0.618	4.03618e-18
0.619	5.87877e-18
0.62	6.26018e-18
0.621	7.42396e-18
0.622	4.55735e-18
0.623	4.23005e-18
0.624	5.23637e-18
0.625	4.53043e-18
0.626	4.99824e-18
0.627	5.57303e-18
0.628	5.80686e-18
0.629	6.36629e-18
0.63	5.85256e-18
0.631	3.258e-18
0.632	6.85178e-18
0.633	9.32644e-18
0.634	4.95755e-18
0.635	8.58917e-18
0.636	7.31062e-18
0.637	5.80145e-18
0.638	4.93796e-18
0.639	8.0708e-18
0.64	8.55626e-18
0.641	1.06822e-17
0.642	7.21623e-18
0.643	4.86971e-18
0.644	5.89486e-18
0.645	3.69973e-18
0.646	8.57751e-18
0.647	3.13317e-18
0.648	3.63394e-18
0.649	5.4924e-18
0.65	2.8331e-18
0.651	3.22172e-18
0.652	5.08982e-18
0.653	3.8649e-18
0.654	5.67163e-18
0.655	4.51656e-18
0.656	4.44917e-18
0.657	7.05238e-18
0.658	5.25778e-18
0.659	8.6833e-18
0.66	7.97277e-18
0.661	6.63146e-18
0.662	6.7472e-18
0.663	3.86525e-18
0.664	4.57743e-18
0.665	5.80454e-18
0.666	4.21241e-18
0.667	5.9528e-18
0.668	3.86647e-18
0.669	4.32328e-18
0.67	7.05183e-18
0.671	4.51626e-18
0.672	3.51498e-18
0.673	4.49575e-18
0.674	3.24022e-18
0.675	4.19926e-18
0.676	4.75708e-18
0.677	3.79524e-18
0.678	6.11917e-18
0.679	3.80624e-18
0.68	4.63491e-18
0.681	4.95103e-18
0.682	5.69955e-18
0.683	8.03941e-18
0.684	7.14786e-18
0.685	4.91266e-18
0.686	6.58933e-18
0.687	5.90792e-18
0.688	6.45319e-18
0.689	5.66484e-18
0.69	7.26039e-18
0.691	5.09491e-18
0.692	4.92928e-18
0.693	5.03197e-18
0.694	3.56669e-18
0.695	3.61252e-18
0.696	2.73521e-18
0.697	2.11474e-18
0.698	2.91934e-18
0.699	2.92904e-18
0.7	2.80533e-18
0.701	4.17513e-18
0.702	3.50936e-18
0.703	4.54393e-18
0.704	4.21982e-18
0.705	5.45367e-18
0.706	4.41602e-18
0.707	6.00775e-18
0.708	6.93216e-18
0.709	4.90102e-18
0.71	6.66308e-18
0.711	7.36555e-18
0.712	4.80849e-18
0.713	5.64264e-18
0.714	6.51527e-18
0.715	4.92852e-18
0.716	6.56591e-18
0.717	3.15043e-18
0.718	3.42101e-18
0.719	7.73169e-18
0.72	3.39887e-18
0.721	5.30324e-18
0.722	6.16352e-18
0.723	4.19403e-18
0.724	5.89907e-18
0.725	4.46756e-18
0.726	3.06891e-18
0.727	7.37984e-18
0.728	4.47602e-18
0.729	4.13773e-18
0.73	5.49861e-18
0.731	4.06586e-18
0.732	5.73345e-18
0.733	5.92396e-18
0.734	5.16817e-18
0.735	4.55007e-18
0.736	5.84724e-18
0.737	5.93876e-18
0.738	4.95989e-18
0.739	4.80523e-18
0.74	6.34906e-18
0.741	3.85077e-18
0.742	4.56316e-18
0.743	4.97426e-18
0.744	2.41165e-18
0.745	4.19059e-18
0.746	5.46278e-18
0.747	2.99023e-18
0.748	5.5751e-18
0.749	5.60218e-18
0.75	2.98175e-18
0.751	3.61513e-18
0.752	9.12951e-18
0.753	3.4984e-18
0.754	3.47125e-18
0.755	8.31169e-18
0.756	3.53619e-18
0.757	3.7374e-18
0.758	6.48065e-18
0.759	4.00585e-18
0.76	4.25125e-18
0.761	6.23578e-18
0.762	5.70506e-18
0.763	5.78404e-18
0.764	5.37204e-18
0.765	5.82519e-18
0.766	4.99974e-18
0.767	4.17992e-18
0.768	4.08457e-18
0.769	4.44383e-18
0.77	4.44804e-18
0.771	3.58523e-18
0.772	4.15916e-18
0.773	4.54875e-18
0.774	5.13351e-18
0.775	6.53753e-18
0.776	4.71052e-18
0.777	3.52414e-18
0.778	4.16294e-18
0.779	4.48879e-18
0.78	5.33025e-18
0.781	6.75618e-18
0.782	9.63128e-18
0.783	6.29685e-18
0.784	3.61171e-18
0.785	1.37403e-17
0.786	6.6927e-18
0.787	6.02512e-18
0.788	7.24031e-18
0.789	3.2493e-18
0.79	6.80207e-18
0.791	1.24584e-17
0.792	5.66696e-18
0.793	5.35346e-18
0.794	7.69646e-18
0.795	7.03851e-18
0.796	4.76213e-18
0.797	6.51377e-18
0.798	7.00962e-18
0.799	6.08131e-18
0.8	6.01022e-18
0.801	5.76149e-18
0.802	5.33703e-18
0.803	5.2714e-18
0.804	5.77246e-18
0.805	4.78716e-18
0.806	3.38544e-18
0.807	3.49596e-18
0.808	5.10916e-18
0.809	3.91891e-18
0.81	4.03575e-18
0.811	4.9132e-18
0.812	5.83006e-18
0.813	4.55882e-18
0.814	4.25121e-18
0.815	5.33069e-18
0.816	3.25814e-18
0.817	2.91997e-18
0.818	3.06952e-18
0.819	3.90499e-18
0.82	3.52592e-18
0.821	2.5847e-18
0.822	2.46783e-18
0.823	2.21922e-18
0.824	3.42009e-18
0.825	3.77835e-18
0.826	4.23651e-18
0.827	3.81713e-18
0.828	3.51509e-18
0.829	3.9253e-18
0.83	2.54749e-18
0.831	4.33897e-18
0.832	2.90748e-18
0.833	5.63526e-18
0.834	3.57443e-18
0.835	7.57164e-18
0.836	5.05954e-18
0.837	2.01977e-18
0.838	3.49847e-18
0.839	3.49052e-18
0.84	3.75209e-18
0.841	2.60371e-18
0.842	3.34622e-18
0.843	3.85232e-18
0.844	3.58356e-18
0.845	3.85739e-18
0.846	6.23056e-18
0.847	5.19641e-18
0.848	4.36602e-18
0.849	6.53646e-18
0.85	4.90644e-18
0.851	4.4344e-18
0.852	2.42974e-18
0.853	3.52385e-18
0.854	2.66958e-18
0.855	2.57857e-18
0.856	2.67275e-18
0.857	4.11733e-18
0.858	5.66231e-18
0.859	6.95596e-18
0.86	5.24387e-18
0.861	5.5665e-18
0.862	2.53627e-18
0.863	2.67558e-18
0.864	2.95746e-18
0.865	3.67842e-18
0.866	5.5256e-18
0.867	3.1627e-18
0.868	4.7565e-18
0.869	5.06522e-18
0.87	4.11807e-18
0.871	3.15058e-18
0.872	2.80472e-18
0.873	3.41507e-18
0.874	5.62074e-18
0.875	2.69607e-18
0.876	3.83957e-18
0.877	2.10682e-18
0.878	4.51576e-18
0.879	4.31483e-18
0.88	3.83323e-18
0.881	3.86544e-18
0.882	3.00726e-18
0.883	6.08751e-18
0.884	4.54984e-18
0.885	2.42174e-18
0.886	3.99079e-18
0.887	5.29512e-18
0.888	3.78482e-18
0.889	3.41239e-18
0.89	3.93983e-18
0.891	3.37716e-18
0.892	3.28944e-18
0.893	4.06442e-18
0.894	2.5897e-18
0.895	3.9752e-18
0.896	6.33184e-18
0.897	2.80554e-18
0.898	3.76194e-18
0.899	5.41097e-18
0.9	2.626e-18
0.901	3.59841e-18
0.902	8.24174e-18
0.903	3.30962e-18
0.904	3.89065e-18
0.905	6.26183e-18
0.906	2.80677e-18
0.907	4.60719e-18
0.908	5.249e-18
0.909	4.02892e-18
0.91	4.31373e-18
0.911	4.63563e-18
0.912	6.02042e-18
0.913	6.60575e-18
0.914	4.90808e-18
0.915	6.81811e-18
0.916	4.40669e-18
0.917	5.88543e-18
0.918	9.67487e-18
0.919	4.5133e-18
0.92	7.17798e-18
0.921	1.15686e-17
0.922	3.63352e-18
0.923	5.58277e-18
0.924	1.10465e-17
0.925	3.58601e-18
0.926	3.47116e-18
0.927	6.97359e-18
0.928	4.56492e-18
0.929	3.66889e-18
0.93	7.95578e-18
0.931	6.76066e-18
0.932	3.52176e-18
0.933	4.51504e-18
0.934	5.47248e-18
0.935	3.70692e-18
0.936	7.35258e-18
0.937	7.1251e-18
0.938	5.12978e-18
0.939	8.43437e-18
0.94	4.80072e-18
0.941	4.19754e-18
0.942	5.45813e-18
0.943	5.14743e-18
0.944	1.04278e-17
0.945	5.20019e-18
0.946	8.56172e-18
0.947	1.44423e-17
0.948	4.51228e-18
0.949	7.66891e-18
0.95	1.64932e-17
0.951	3.24062e-18
0.952	1.38619e-17
0.953	1.62843e-17
0.954	5.94537e-18
0.955	2.45987e-17
0.956	1.69285e-17
0.957	1.32085e-17
0.958	2.60921e-17
0.959	1.74929e-17
0.96	1.5012e-17
0.961	2.27441e-17
0.962	1.91642e-17
0.963	1.71807e-17
0.964	2.59385e-17
0.965	2.85922e-17
0.966	2.89069e-17
0.967	3.68236e-17
0.968	3.23575e-17
0.969	4.00193e-17
0.97	3.61928e-17
0.971	4.22243e-17
0.972	4.63949e-17
0.973	3.93065e-17
0.974	3.79908e-17
0.975	5.89527e-17
0.976	4.60802e-17
0.977	5.04604e-17
0.978	5.26341e-17
0.979	4.28888e-17
0.98	4.72607e-17
0.981	6.08071e-17
0.982	4.04113e-17
0.983	4.27476e-17
0.984	4.9466e-17
0.985	3.90342e-17
0.986	2.85611e-17
0.987	5.05508e-17
0.988	2.52617e-17
0.989	3.10063e-17
0.99	2.42101e-17
0.991	2.22189e-17
0.992	2.69854e-17
0.993	1.64768e-17
0.994	9.78397e-18
0.995	1.2472e-17
0.996	1.03051e-17
0.997	4.03134e-18
0.998	5.02702e-18
0.999	4.3706e-18
1	0
