0	0
0.001	4.82857e+09
0.002	1.39997e+10
0.003	2.00665e+10
0.004	2.20979e+10
0.005	2.22555e+10
0.006	2.18786e+10
0.007	2.14415e+10
0.008	2.0988e+10
0.009	2.05448e+10
0.01	2.01216e+10
0.011	1.96923e+10
0.012	1.92863e+10
0.013	1.88833e+10
0.014	1.84861e+10
0.015	1.81077e+10
0.016	1.77267e+10
0.017	1.73608e+10
0.018	1.70037e+10
0.019	1.66476e+10
0.02	1.63084e+10
0.021	1.59707e+10
0.022	1.56406e+10
0.023	1.53231e+10
0.024	1.50053e+10
0.025	1.46995e+10
0.026	1.44004e+10
0.027	1.41032e+10
0.028	1.38189e+10
0.029	1.35367e+10
0.03	1.32602e+10
0.031	1.29942e+10
0.032	1.27287e+10
0.033	1.24717e+10
0.034	1.22218e+10
0.035	1.19728e+10
0.036	1.17336e+10
0.037	1.14982e+10
0.038	1.12656e+10
0.039	1.10423e+10
0.04	1.08205e+10
0.041	1.06035e+10
0.042	1.03944e+10
0.043	1.01858e+10
0.044	9.98354e+09
0.045	9.78711e+09
0.046	9.59132e+09
0.047	9.40258e+09
0.048	9.21783e+09
0.049	9.03432e+09
0.05	8.85797e+09
0.051	8.6841e+09
0.052	8.51229e+09
0.053	8.34726e+09
0.054	8.18363e+09
0.055	8.02286e+09
0.056	7.86819e+09
0.057	7.71426e+09
0.058	7.56381e+09
0.059	7.41869e+09
0.06	7.27396e+09
0.061	7.13312e+09
0.062	6.99685e+09
0.063	6.86082e+09
0.064	6.7289e+09
0.065	6.60087e+09
0.066	6.47304e+09
0.067	6.34939e+09
0.068	6.22908e+09
0.069	6.10898e+09
0.07	5.993e+09
0.071	5.87993e+09
0.072	5.76707e+09
0.073	5.6582e+09
0.074	5.55195e+09
0.075	5.44588e+09
0.076	5.34361e+09
0.077	5.24378e+09
0.078	5.14406e+09
0.079	5.04793e+09
0.08	4.95413e+09
0.081	4.86038e+09
0.082	4.76994e+09
0.083	4.68183e+09
0.084	4.59368e+09
0.085	4.50852e+09
0.086	4.42576e+09
0.087	4.34287e+09
0.088	4.26261e+09
0.089	4.18487e+09
0.09	4.10695e+09
0.091	4.03124e+09
0.092	3.95818e+09
0.093	3.88498e+09
0.094	3.8135e+09
0.095	3.7448e+09
0.096	3.67608e+09
0.097	3.60855e+09
0.098	3.54386e+09
0.099	3.47942e+09
0.1	3.41562e+09
0.101	3.35459e+09
0.102	3.2942e+09
0.103	3.23396e+09
0.104	3.17627e+09
0.105	3.11969e+09
0.106	3.0629e+09
0.107	3.00823e+09
0.108	2.95518e+09
0.109	2.90179e+09
0.11	2.84988e+09
0.111	2.80003e+09
0.112	2.74997e+09
0.113	2.70068e+09
0.114	2.65364e+09
0.115	2.60684e+09
0.116	2.56012e+09
0.117	2.5155e+09
0.118	2.47177e+09
0.119	2.42769e+09
0.12	2.38518e+09
0.121	2.3442e+09
0.122	2.30286e+09
0.123	2.2623e+09
0.124	2.22365e+09
0.125	2.18508e+09
0.126	2.14651e+09
0.127	2.10974e+09
0.128	2.07379e+09
0.129	2.03741e+09
0.13	2.0022e+09
0.131	1.96849e+09
0.132	1.9345e+09
0.133	1.90081e+09
0.134	1.86883e+09
0.135	1.83724e+09
0.136	1.80529e+09
0.137	1.77461e+09
0.138	1.74512e+09
0.139	1.71523e+09
0.14	1.68573e+09
0.141	1.65778e+09
0.142	1.63008e+09
0.143	1.60203e+09
0.144	1.57513e+09
0.145	1.54931e+09
0.146	1.52312e+09
0.147	1.49716e+09
0.148	1.47262e+09
0.149	1.44842e+09
0.15	1.42378e+09
0.151	1.40002e+09
0.152	1.37742e+09
0.153	1.35456e+09
0.154	1.33163e+09
0.155	1.30993e+09
0.156	1.28885e+09
0.157	1.26728e+09
0.158	1.24615e+09
0.159	1.22624e+09
0.16	1.20641e+09
0.161	1.18619e+09
0.162	1.1668e+09
0.163	1.14839e+09
0.164	1.12968e+09
0.165	1.11085e+09
0.166	1.09307e+09
0.167	1.0759e+09
0.168	1.05828e+09
0.169	1.04083e+09
0.17	1.02447e+09
0.171	1.0084e+09
0.172	9.91849e+08
0.173	9.75713e+08
0.174	9.606e+08
0.175	9.45525e+08
0.176	9.3002e+08
0.177	9.15103e+08
0.178	9.01094e+08
0.179	8.86951e+08
0.18	8.72457e+08
0.181	8.58645e+08
0.182	8.45629e+08
0.183	8.32375e+08
0.184	8.18837e+08
0.185	8.06019e+08
0.186	7.93909e+08
0.187	7.81512e+08
0.188	7.68865e+08
0.189	7.56935e+08
0.19	7.45662e+08
0.191	7.34091e+08
0.192	7.22271e+08
0.193	7.1113e+08
0.194	7.00634e+08
0.195	6.89862e+08
0.196	6.78808e+08
0.197	6.68366e+08
0.198	6.58587e+08
0.199	6.48589e+08
0.2	6.38254e+08
0.201	6.28427e+08
0.202	6.19298e+08
0.203	6.10051e+08
0.204	6.00404e+08
0.205	5.91118e+08
0.206	5.82563e+08
0.207	5.74036e+08
0.208	5.65067e+08
0.209	5.5627e+08
0.21	5.48198e+08
0.211	5.40342e+08
0.212	5.32061e+08
0.213	5.23729e+08
0.214	5.16044e+08
0.215	5.0878e+08
0.216	5.01199e+08
0.217	4.93353e+08
0.218	4.85973e+08
0.219	4.79182e+08
0.22	4.7229e+08
0.221	4.64995e+08
0.222	4.57884e+08
0.223	4.51418e+08
0.224	4.45147e+08
0.225	4.38484e+08
0.226	4.31688e+08
0.227	4.25411e+08
0.228	4.19608e+08
0.229	4.13621e+08
0.23	4.07266e+08
0.231	4.01125e+08
0.232	3.95578e+08
0.233	3.90197e+08
0.234	3.84441e+08
0.235	3.78522e+08
0.236	3.73051e+08
0.237	3.68061e+08
0.238	3.62966e+08
0.239	3.57486e+08
0.24	3.52071e+08
0.241	3.47193e+08
0.242	3.42616e+08
0.243	3.37769e+08
0.244	3.32618e+08
0.245	3.27703e+08
0.246	3.23315e+08
0.247	3.19066e+08
0.248	3.14474e+08
0.249	3.09676e+08
0.25	3.0521e+08
0.251	3.01225e+08
0.252	2.97268e+08
0.253	2.92949e+08
0.254	2.88494e+08
0.255	2.84412e+08
0.256	2.80765e+08
0.257	2.77091e+08
0.258	2.73058e+08
0.259	2.68919e+08
0.26	2.65152e+08
0.261	2.61797e+08
0.262	2.5841e+08
0.263	2.54673e+08
0.264	2.50816e+08
0.265	2.473e+08
0.266	2.44196e+08
0.267	2.41099e+08
0.268	2.37669e+08
0.269	2.34069e+08
0.27	2.30746e+08
0.271	2.27845e+08
0.272	2.25033e+08
0.273	2.21927e+08
0.274	2.1858e+08
0.275	2.15402e+08
0.276	2.12643e+08
0.277	2.10086e+08
0.278	2.07323e+08
0.279	2.04255e+08
0.28	2.01203e+08
0.281	1.98515e+08
0.282	1.96147e+08
0.283	1.93724e+08
0.284	1.90987e+08
0.285	1.88092e+08
0.286	1.85422e+08
0.287	1.83136e+08
0.288	1.80995e+08
0.289	1.78638e+08
0.29	1.75995e+08
0.291	1.73354e+08
0.292	1.71036e+08
0.293	1.69038e+08
0.294	1.67042e+08
0.295	1.64769e+08
0.296	1.62277e+08
0.297	1.59891e+08
0.298	1.57853e+08
0.299	1.56065e+08
0.3	1.54202e+08
0.301	1.5205e+08
0.302	1.49729e+08
0.303	1.47556e+08
0.304	1.45724e+08
0.305	1.44106e+08
0.306	1.42392e+08
0.307	1.40398e+08
0.308	1.38242e+08
0.309	1.36225e+08
0.31	1.34534e+08
0.311	1.33063e+08
0.312	1.31524e+08
0.313	1.29718e+08
0.314	1.27723e+08
0.315	1.25812e+08
0.316	1.24198e+08
0.317	1.2284e+08
0.318	1.21489e+08
0.319	1.1991e+08
0.32	1.18095e+08
0.321	1.16263e+08
0.322	1.14662e+08
0.323	1.13354e+08
0.324	1.12168e+08
0.325	1.10846e+08
0.326	1.09269e+08
0.327	1.07545e+08
0.328	1.05919e+08
0.329	1.04569e+08
0.33	1.03458e+08
0.331	1.02374e+08
0.332	1.01101e+08
0.333	9.95888e+07
0.334	9.79884e+07
0.335	9.65303e+07
0.336	9.53448e+07
0.337	9.43661e+07
0.338	9.33858e+07
0.339	9.22122e+07
0.34	9.08102e+07
0.341	8.93235e+07
0.342	8.79653e+07
0.343	8.68645e+07
0.344	8.59763e+07
0.345	8.51178e+07
0.346	8.40985e+07
0.347	8.28507e+07
0.348	8.14721e+07
0.349	8.01556e+07
0.35	7.90587e+07
0.351	7.82008e+07
0.352	7.74543e+07
0.353	7.66302e+07
0.354	7.56e+07
0.355	7.43742e+07
0.356	7.30922e+07
0.357	7.19327e+07
0.358	7.10045e+07
0.359	7.02827e+07
0.36	6.96274e+07
0.361	6.88685e+07
0.362	6.79053e+07
0.363	6.67613e+07
0.364	6.55679e+07
0.365	6.44876e+07
0.366	6.36235e+07
0.367	6.29648e+07
0.368	6.23961e+07
0.369	6.17615e+07
0.37	6.09473e+07
0.371	5.99391e+07
0.372	5.88265e+07
0.373	5.77547e+07
0.374	5.68502e+07
0.375	5.61601e+07
0.376	5.56312e+07
0.377	5.51388e+07
0.378	5.45471e+07
0.379	5.37724e+07
0.38	5.28197e+07
0.381	5.17773e+07
0.382	5.07749e+07
0.383	4.9926e+07
0.384	4.9279e+07
0.385	4.87994e+07
0.386	4.83867e+07
0.387	4.79174e+07
0.388	4.72964e+07
0.389	4.64929e+07
0.39	4.55508e+07
0.391	4.45685e+07
0.392	4.36605e+07
0.393	4.29136e+07
0.394	4.23564e+07
0.395	4.19511e+07
0.396	4.16093e+07
0.397	4.12241e+07
0.398	4.07078e+07
0.399	4.00195e+07
0.4	3.91774e+07
0.401	3.82503e+07
0.402	3.73339e+07
0.403	3.652e+07
0.404	3.58691e+07
0.405	3.53935e+07
0.406	3.50556e+07
0.407	3.47807e+07
0.408	3.44795e+07
0.409	3.40728e+07
0.41	3.35123e+07
0.411	3.27916e+07
0.412	3.19462e+07
0.413	3.10425e+07
0.414	3.01603e+07
0.415	2.93732e+07
0.416	2.87319e+07
0.417	2.82538e+07
0.418	2.79207e+07
0.419	2.76847e+07
0.42	2.74792e+07
0.421	2.72339e+07
0.422	2.68881e+07
0.423	2.64022e+07
0.424	2.57635e+07
0.425	2.49873e+07
0.426	2.41123e+07
0.427	2.31925e+07
0.428	2.2288e+07
0.429	2.14547e+07
0.43	2.0736e+07
0.431	2.01577e+07
0.432	1.97248e+07
0.433	1.9423e+07
0.434	1.92212e+07
0.435	1.90769e+07
0.436	1.8942e+07
0.437	1.87686e+07
0.438	1.85142e+07
0.439	1.81455e+07
0.44	1.76409e+07
0.441	1.69911e+07
0.442	1.61989e+07
0.443	1.52777e+07
0.444	1.42487e+07
0.445	1.31389e+07
0.446	1.19782e+07
0.447	1.07966e+07
0.448	9.62294e+06
0.449	8.4825e+06
0.45	7.39651e+06
0.451	6.38139e+06
0.452	5.44872e+06
0.453	4.60545e+06
0.454	3.85439e+06
0.455	3.19487e+06
0.456	2.62343e+06
0.457	2.13455e+06
0.458	1.72133e+06
0.459	1.37606e+06
0.46	1.09075e+06
0.461	857452
0.462	668623
0.463	517275
0.464	397109
0.465	302567
0.466	228840
0.467	171834
0.468	128121
0.469	94870.8
0.47	69776
0.471	50980.2
0.472	37006.3
0.473	26692.2
0.474	19132.9
0.475	13630.7
0.476	9652.55
0.477	6795.21
0.478	4756.05
0.479	3309.92
0.48	2290.65
0.481	1576.56
0.482	1079.24
0.483	734.873
0.484	497.78
0.485	335.45
0.486	224.915
0.487	150.053
0.488	99.6189
0.489	65.8172
0.49	43.2782
0.491	28.3246
0.492	18.4523
0.493	11.9663
0.494	7.72543
0.495	4.9655
0.496	3.17766
0.497	2.02481
0.498	1.28475
0.499	0.811773
0.5	0.510807
0.501	0.320118
0.502	0.199809
0.503	0.124222
0.504	0.0769269
0.505	0.0474546
0.506	0.0291621
0.507	0.0178534
0.508	0.0108895
0.509	0.00661749
0.51	0.00400684
0.511	0.00241741
0.512	0.00145331
0.513	0.000870648
0.514	0.000519784
0.515	0.000309254
0.516	0.000183375
0.517	0.00010837
0.518	6.38327e-05
0.519	3.74763e-05
0.52	2.19314e-05
0.521	1.27935e-05
0.522	7.43939e-06
0.523	4.31249e-06
0.524	2.49216e-06
0.525	1.43581e-06
0.526	8.24712e-07
0.527	4.7229e-07
0.528	2.69668e-07
0.529	1.53525e-07
0.53	8.71503e-08
0.531	4.93303e-08
0.532	2.78437e-08
0.533	1.56718e-08
0.534	8.79642e-09
0.535	4.92378e-09
0.536	2.74858e-09
0.537	1.5302e-09
0.538	8.49633e-10
0.539	4.70509e-10
0.54	2.59878e-10
0.541	1.43169e-10
0.542	7.86714e-11
0.543	4.31206e-11
0.544	2.35756e-11
0.545	1.28576e-11
0.546	6.99497e-12
0.547	3.79618e-12
0.548	2.0552e-12
0.549	1.10997e-12
0.55	5.98059e-13
0.551	3.21478e-13
0.552	1.72403e-13
0.553	9.22429e-14
0.554	4.92409e-14
0.555	2.62241e-14
0.556	1.39348e-14
0.557	7.385e-15
0.558	3.90476e-15
0.559	2.05817e-15
0.56	1.08192e-15
0.561	5.66712e-16
0.562	2.96068e-16
0.563	1.54203e-16
0.564	8.03688e-17
0.565	4.1815e-17
0.566	2.1804e-17
0.567	1.13412e-17
0.568	5.88419e-18
0.569	3.09302e-18
0.57	1.65998e-18
0.571	9.45417e-19
0.572	5.486e-19
0.573	3.68393e-19
0.574	2.66761e-19
0.575	1.54538e-19
0.576	1.15016e-19
0.577	9.79714e-20
0.578	9.23123e-20
0.579	8.45928e-20
0.58	9.2921e-20
0.581	9.76232e-20
0.582	1.09691e-19
0.583	1.19754e-19
0.584	1.03369e-19
0.585	1.22056e-19
0.586	8.90663e-20
0.587	1.05602e-19
0.588	1.2223e-19
0.589	8.47242e-20
0.59	1.06719e-19
0.591	8.48456e-20
0.592	9.64518e-20
0.593	8.70108e-20
0.594	6.33715e-20
0.595	7.36172e-20
0.596	5.14529e-20
0.597	6.69457e-20
0.598	4.66266e-20
0.599	6.28402e-20
0.6	7.82864e-20
0.601	6.78962e-20
0.602	1.07879e-19
0.603	6.4841e-20
0.604	8.26229e-20
0.605	7.51593e-20
0.606	6.68053e-20
0.607	6.72982e-20
0.608	6.56377e-20
0.609	7.824e-20
0.61	6.66015e-20
0.611	9.20883e-20
0.612	7.39152e-20
0.613	7.14616e-20
0.614	8.68383e-20
0.615	7.73334e-20
0.616	7.75338e-20
0.617	6.76718e-20
0.618	5.61296e-20
0.619	5.39602e-20
0.62	5.95535e-20
0.621	8.27438e-20
0.622	9.05338e-20
0.623	7.03545e-20
0.624	8.46962e-20
0.625	5.46791e-20
0.626	4.97127e-20
0.627	5.30851e-20
0.628	6.52049e-20
0.629	7.55961e-20
0.63	8.28714e-20
0.631	9.45376e-20
0.632	1.02791e-19
0.633	1.15808e-19
0.634	1.34296e-19
0.635	1.06583e-19
0.636	1.41937e-19
0.637	1.63351e-19
0.638	9.22226e-20
0.639	1.20599e-19
0.64	9.12212e-20
0.641	8.40339e-20
0.642	1.14474e-19
0.643	5.92955e-20
0.644	1.30146e-19
0.645	8.91817e-20
0.646	7.5634e-20
0.647	2.19793e-19
0.648	7.51437e-20
0.649	1.64426e-19
0.65	1.65585e-19
0.651	7.43766e-20
0.652	2.25152e-19
0.653	8.00908e-20
0.654	2.04972e-19
0.655	1.75409e-19
0.656	1.18935e-19
0.657	2.11182e-19
0.658	8.2162e-20
0.659	1.59933e-19
0.66	1.25429e-19
0.661	8.51557e-20
0.662	1.69387e-19
0.663	7.54221e-20
0.664	1.35664e-19
0.665	1.68683e-19
0.666	5.98647e-20
0.667	1.03265e-19
0.668	5.23894e-20
0.669	9.39296e-20
0.67	8.13586e-20
0.671	6.21838e-20
0.672	1.53225e-19
0.673	5.87182e-20
0.674	9.04129e-20
0.675	1.04886e-19
0.676	5.55719e-20
0.677	1.2502e-19
0.678	5.69264e-20
0.679	1.05049e-19
0.68	9.98143e-20
0.681	6.62381e-20
0.682	9.82889e-20
0.683	7.81297e-20
0.684	8.82512e-20
0.685	6.63211e-20
0.686	8.38041e-20
0.687	7.21543e-20
0.688	3.76158e-20
0.689	5.10929e-20
0.69	5.01413e-20
0.691	4.75648e-20
0.692	4.79844e-20
0.693	3.64911e-20
0.694	2.8724e-20
0.695	2.3598e-20
0.696	2.33175e-20
0.697	2.71012e-20
0.698	2.74526e-20
0.699	3.1341e-20
0.7	4.53915e-20
0.701	5.46431e-20
0.702	5.68146e-20
0.703	6.47448e-20
0.704	7.42411e-20
0.705	1.06727e-19
0.706	7.36874e-20
0.707	6.64721e-20
0.708	8.49371e-20
0.709	4.3247e-20
0.71	9.3851e-20
0.711	9.44092e-20
0.712	5.17682e-20
0.713	1.36856e-19
0.714	4.6931e-20
0.715	6.92357e-20
0.716	1.02637e-19
0.717	3.57239e-20
0.718	8.50249e-20
0.719	6.7506e-20
0.72	4.00005e-20
0.721	9.14384e-20
0.722	3.63352e-20
0.723	4.2392e-20
0.724	5.34122e-20
0.725	5.60619e-20
0.726	4.7948e-20
0.727	3.31072e-20
0.728	4.85644e-20
0.729	3.37306e-20
0.73	4.0162e-20
0.731	4.87769e-20
0.732	6.6258e-20
0.733	4.90631e-20
0.734	4.18301e-20
0.735	3.80934e-20
0.736	3.51365e-20
0.737	4.57618e-20
0.738	4.06173e-20
0.739	4.71425e-20
0.74	4.3013e-20
0.741	3.18467e-20
0.742	3.06149e-20
0.743	3.21158e-20
0.744	3.38166e-20
0.745	3.65951e-20
0.746	3.26234e-20
0.747	3.0657e-20
0.748	2.61218e-20
0.749	2.375e-20
0.75	2.42745e-20
0.751	2.92896e-20
0.752	3.53989e-20
0.753	4.79027e-20
0.754	4.88699e-20
0.755	4.64684e-20
0.756	4.14207e-20
0.757	3.51376e-20
0.758	3.54044e-20
0.759	3.29142e-20
0.76	3.59613e-20
0.761	4.74357e-20
0.762	4.38741e-20
0.763	4.77809e-20
0.764	5.97598e-20
0.765	4.57312e-20
0.766	4.7629e-20
0.767	5.25946e-20
0.768	4.1581e-20
0.769	5.52281e-20
0.77	4.81207e-20
0.771	4.38481e-20
0.772	5.37964e-20
0.773	3.81333e-20
0.774	8.17901e-20
0.775	9.31365e-20
0.776	4.70475e-20
0.777	5.35189e-20
0.778	3.84257e-20
0.779	1.94258e-20
0.78	2.82637e-20
0.781	1.73141e-20
0.782	2.20891e-20
0.783	2.29477e-20
0.784	2.33607e-20
0.785	2.60818e-20
0.786	3.01544e-20
0.787	3.23652e-20
0.788	2.3503e-20
0.789	2.23277e-20
0.79	2.17991e-20
0.791	2.78308e-20
0.792	3.94875e-20
0.793	4.1579e-20
0.794	3.21517e-20
0.795	3.5216e-20
0.796	3.26844e-20
0.797	2.18681e-20
0.798	4.767e-20
0.799	3.06977e-20
0.8	7.62932e-20
0.801	6.84124e-20
0.802	4.45571e-20
0.803	1.35133e-19
0.804	8.49382e-20
0.805	4.55909e-20
0.806	6.27453e-20
0.807	4.7584e-20
0.808	9.49784e-20
0.809	5.1931e-20
0.81	7.10474e-20
0.811	7.78338e-20
0.812	3.55501e-20
0.813	7.24017e-20
0.814	3.12253e-20
0.815	6.62175e-20
0.816	4.99879e-20
0.817	2.64752e-20
0.818	4.34022e-20
0.819	3.59426e-20
0.82	3.92649e-20
0.821	4.77544e-20
0.822	5.54112e-20
0.823	4.53122e-20
0.824	3.74725e-20
0.825	3.99202e-20
0.826	3.79668e-20
0.827	4.1634e-20
0.828	4.30034e-20
0.829	1.62354e-20
0.83	2.87245e-20
0.831	3.94268e-20
0.832	5.46916e-20
0.833	5.545e-20
0.834	4.33786e-20
0.835	3.62202e-20
0.836	1.87055e-20
0.837	3.84574e-20
0.838	3.03171e-20
0.839	3.45818e-20
0.84	5.47772e-20
0.841	4.13016e-20
0.842	6.78702e-20
0.843	3.41888e-20
0.844	5.80445e-20
0.845	9.03758e-20
0.846	2.52193e-20
0.847	5.52715e-20
0.848	4.59927e-20
0.849	4.66395e-20
0.85	7.54809e-20
0.851	4.09115e-20
0.852	1.28225e-19
0.853	6.24458e-20
0.854	5.29968e-20
0.855	8.64267e-20
0.856	2.88663e-20
0.857	1.09208e-19
0.858	4.82271e-20
0.859	6.10925e-20
0.86	1.33384e-19
0.861	4.76784e-20
0.862	5.97719e-20
0.863	7.30879e-20
0.864	2.44735e-20
0.865	7.87457e-20
0.866	4.65441e-20
0.867	4.31455e-20
0.868	1.64523e-19
0.869	5.44728e-20
0.87	7.95336e-20
0.871	1.34065e-19
0.872	2.74139e-20
0.873	1.60644e-19
0.874	8.44871e-20
0.875	6.85475e-20
0.876	1.29419e-19
0.877	2.2528e-20
0.878	7.36242e-20
0.879	6.56901e-20
0.88	2.65193e-20
0.881	6.47354e-20
0.882	2.20454e-20
0.883	3.35547e-20
0.884	4.44554e-20
0.885	2.27465e-20
0.886	4.1316e-20
0.887	3.67114e-20
0.888	2.55718e-20
0.889	3.62736e-20
0.89	4.24134e-20
0.891	3.49693e-20
0.892	4.64851e-20
0.893	3.49468e-20
0.894	4.46021e-20
0.895	4.67966e-20
0.896	3.12005e-20
0.897	7.779e-20
0.898	6.62536e-20
0.899	4.11044e-20
0.9	6.73174e-20
0.901	1.87903e-20
0.902	7.28536e-20
0.903	4.57609e-20
0.904	4.77413e-20
0.905	1.18033e-19
0.906	2.78508e-20
0.907	1.59289e-19
0.908	7.94216e-20
0.909	8.28202e-20
0.91	2.14791e-19
0.911	6.87748e-20
0.912	1.52691e-19
0.913	1.6426e-19
0.914	5.44171e-20
0.915	2.11216e-19
0.916	4.00692e-20
0.917	1.4057e-19
0.918	1.66083e-19
0.919	4.3571e-20
0.92	2.2515e-19
0.921	5.5692e-20
0.922	1.13316e-19
0.923	1.68092e-19
0.924	2.98843e-20
0.925	1.65361e-19
0.926	8.34924e-20
0.927	6.35881e-20
0.928	1.12874e-19
0.929	3.34603e-20
0.93	1.24897e-19
0.931	1.01601e-19
0.932	4.49362e-20
0.933	1.13188e-19
0.934	5.44735e-20
0.935	5.92337e-20
0.936	7.85358e-20
0.937	3.35347e-20
0.938	7.36131e-20
0.939	6.27637e-20
0.94	2.8612e-20
0.941	6.6019e-20
0.942	2.37869e-20
0.943	6.0686e-20
0.944	4.69575e-20
0.945	2.27142e-20
0.946	8.21412e-20
0.947	3.49167e-20
0.948	2.78192e-20
0.949	5.28566e-20
0.95	2.25942e-20
0.951	2.9687e-20
0.952	3.73721e-20
0.953	2.43787e-20
0.954	2.60413e-20
0.955	2.38257e-20
0.956	1.79709e-20
0.957	3.61597e-20
0.958	3.79245e-20
0.959	3.27472e-20
0.96	6.90603e-20
0.961	4.97826e-20
0.962	3.29198e-20
0.963	3.56837e-20
0.964	3.58402e-20
0.965	3.05849e-20
0.966	3.3196e-20
0.967	4.70392e-20
0.968	4.00697e-20
0.969	6.57857e-20
0.97	5.71889e-20
0.971	4.13962e-20
0.972	5.34072e-20
0.973	4.08921e-20
0.974	6.81761e-20
0.975	4.52738e-20
0.976	4.58225e-20
0.977	8.65765e-20
0.978	3.73936e-20
0.979	7.12072e-20
0.98	9.63314e-20
0.981	3.91492e-20
0.982	6.13668e-20
0.983	5.52178e-20
0.984	4.56968e-20
0.985	1.15682e-19
0.986	3.89802e-20
0.987	8.06256e-20
0.988	8.94334e-20
0.989	3.84605e-20
0.99	9.83407e-20
0.991	3.93574e-20
0.992	3.49903e-20
0.993	7.54921e-20
0.994	1.50955e-20
0.995	5.40178e-20
0.996	4.82322e-20
0.997	2.70166e-20
0.998	6.33757e-20
0.999	2.77963e-20
1	0
