0	0
0.001	2.66277e+10
0.002	7.67979e+10
0.003	1.09706e+11
0.004	1.20638e+11
0.005	1.21271e+11
0.006	1.1907e+11
0.007	1.16501e+11
0.008	1.13838e+11
0.009	1.11301e+11
0.01	1.08792e+11
0.011	1.06335e+11
0.012	1.03977e+11
0.013	1.0162e+11
0.014	9.93689e+10
0.015	9.71445e+10
0.016	9.49703e+10
0.017	9.28757e+10
0.018	9.07908e+10
0.019	8.87907e+10
0.02	8.68207e+10
0.021	8.4891e+10
0.022	8.3032e+10
0.023	8.11848e+10
0.024	7.94058e+10
0.025	7.76614e+10
0.026	7.59458e+10
0.027	7.42951e+10
0.028	7.2658e+10
0.029	7.10728e+10
0.03	6.95281e+10
0.031	6.80016e+10
0.032	6.65333e+10
0.033	6.50832e+10
0.034	6.36683e+10
0.035	6.2299e+10
0.036	6.09417e+10
0.037	5.96318e+10
0.038	5.83482e+10
0.039	5.70845e+10
0.04	5.58673e+10
0.041	5.46631e+10
0.042	5.34908e+10
0.043	5.23538e+10
0.044	5.12272e+10
0.045	5.01399e+10
0.046	4.90739e+10
0.047	4.8024e+10
0.048	4.70125e+10
0.049	4.60125e+10
0.05	4.50367e+10
0.051	4.40922e+10
0.052	4.31555e+10
0.053	4.22491e+10
0.054	4.13643e+10
0.055	4.04892e+10
0.056	3.9646e+10
0.057	3.8816e+10
0.058	3.80003e+10
0.059	3.72141e+10
0.06	3.64355e+10
0.061	3.56761e+10
0.062	3.49411e+10
0.063	3.42115e+10
0.064	3.35046e+10
0.065	3.28162e+10
0.066	3.21334e+10
0.067	3.14748e+10
0.068	3.08293e+10
0.069	3.01912e+10
0.07	2.95768e+10
0.071	2.89712e+10
0.072	2.83752e+10
0.073	2.78014e+10
0.074	2.72333e+10
0.075	2.66767e+10
0.076	2.61401e+10
0.077	2.56074e+10
0.078	2.50876e+10
0.079	2.45853e+10
0.08	2.40858e+10
0.081	2.36002e+10
0.082	2.31298e+10
0.083	2.26616e+10
0.084	2.22077e+10
0.085	2.17669e+10
0.086	2.1328e+10
0.087	2.09034e+10
0.088	2.04904e+10
0.089	2.0079e+10
0.09	1.96816e+10
0.091	1.92945e+10
0.092	1.89088e+10
0.093	1.85365e+10
0.094	1.81738e+10
0.095	1.78122e+10
0.096	1.74632e+10
0.097	1.71233e+10
0.098	1.67842e+10
0.099	1.64568e+10
0.1	1.61383e+10
0.101	1.58202e+10
0.102	1.55128e+10
0.103	1.52145e+10
0.104	1.49162e+10
0.105	1.46273e+10
0.106	1.43477e+10
0.107	1.4068e+10
0.108	1.37962e+10
0.109	1.35342e+10
0.11	1.32721e+10
0.111	1.30162e+10
0.112	1.27704e+10
0.113	1.2525e+10
0.114	1.22839e+10
0.115	1.20531e+10
0.116	1.18235e+10
0.117	1.15963e+10
0.118	1.13791e+10
0.119	1.11646e+10
0.12	1.09506e+10
0.121	1.07458e+10
0.122	1.05453e+10
0.123	1.03442e+10
0.124	1.01505e+10
0.125	9.96302e+09
0.126	9.77445e+09
0.127	9.59101e+09
0.128	9.41521e+09
0.129	9.23898e+09
0.13	9.06522e+09
0.131	8.89963e+09
0.132	8.73537e+09
0.133	8.57116e+09
0.134	8.41436e+09
0.135	8.26129e+09
0.136	8.1069e+09
0.137	7.95775e+09
0.138	7.8146e+09
0.139	7.67038e+09
0.14	7.52841e+09
0.141	7.39349e+09
0.142	7.25946e+09
0.143	7.12493e+09
0.144	6.99661e+09
0.145	6.87199e+09
0.146	6.74574e+09
0.147	6.62299e+09
0.148	6.50617e+09
0.149	6.38887e+09
0.15	6.2718e+09
0.151	6.16079e+09
0.152	6.05218e+09
0.153	5.94189e+09
0.154	5.83528e+09
0.155	5.73381e+09
0.156	5.63145e+09
0.157	5.52932e+09
0.158	5.43273e+09
0.159	5.33827e+09
0.16	5.24203e+09
0.161	5.14882e+09
0.162	5.06051e+09
0.163	4.97158e+09
0.164	4.88215e+09
0.165	4.79753e+09
0.166	4.71562e+09
0.167	4.63187e+09
0.168	4.54976e+09
0.169	4.47257e+09
0.17	4.39576e+09
0.171	4.31745e+09
0.172	4.24255e+09
0.173	4.17145e+09
0.174	4.09915e+09
0.175	4.02654e+09
0.176	3.95823e+09
0.177	3.89216e+09
0.178	3.82421e+09
0.179	3.75731e+09
0.18	3.69477e+09
0.181	3.63301e+09
0.182	3.5694e+09
0.183	3.50793e+09
0.184	3.4504e+09
0.185	3.39252e+09
0.186	3.33321e+09
0.187	3.27674e+09
0.188	3.22356e+09
0.189	3.16936e+09
0.19	3.11417e+09
0.191	3.06221e+09
0.192	3.01293e+09
0.193	2.96223e+09
0.194	2.91094e+09
0.195	2.86298e+09
0.196	2.81726e+09
0.197	2.76995e+09
0.198	2.72225e+09
0.199	2.67785e+09
0.2	2.63543e+09
0.201	2.59137e+09
0.202	2.54695e+09
0.203	2.5057e+09
0.204	2.46638e+09
0.205	2.42547e+09
0.206	2.38403e+09
0.207	2.34555e+09
0.208	2.30912e+09
0.209	2.27126e+09
0.21	2.23257e+09
0.211	2.19649e+09
0.212	2.16273e+09
0.213	2.12784e+09
0.214	2.09173e+09
0.215	2.05772e+09
0.216	2.02633e+09
0.217	1.99434e+09
0.218	1.96075e+09
0.219	1.92852e+09
0.22	1.89914e+09
0.221	1.86992e+09
0.222	1.8389e+09
0.223	1.8083e+09
0.224	1.78048e+09
0.225	1.75378e+09
0.226	1.72546e+09
0.227	1.69651e+09
0.228	1.66983e+09
0.229	1.64518e+09
0.23	1.61963e+09
0.231	1.59261e+09
0.232	1.56679e+09
0.233	1.54354e+09
0.234	1.5206e+09
0.235	1.49595e+09
0.236	1.4711e+09
0.237	1.44853e+09
0.238	1.42763e+09
0.239	1.40568e+09
0.24	1.38235e+09
0.241	1.36011e+09
0.242	1.34026e+09
0.243	1.32085e+09
0.244	1.29983e+09
0.245	1.27824e+09
0.246	1.25854e+09
0.247	1.24074e+09
0.248	1.22243e+09
0.249	1.20251e+09
0.25	1.18283e+09
0.251	1.16532e+09
0.252	1.14908e+09
0.253	1.13178e+09
0.254	1.11313e+09
0.255	1.09525e+09
0.256	1.07953e+09
0.257	1.0646e+09
0.258	1.04836e+09
0.259	1.03101e+09
0.26	1.01469e+09
0.261	1.00044e+09
0.262	9.86711e+08
0.263	9.71615e+08
0.264	9.55513e+08
0.265	9.40479e+08
0.266	9.27422e+08
0.267	9.14867e+08
0.268	9.00991e+08
0.269	8.86062e+08
0.27	8.72036e+08
0.271	8.59934e+08
0.272	8.4852e+08
0.273	8.35949e+08
0.274	8.2216e+08
0.275	8.0891e+08
0.276	7.97495e+08
0.277	7.87121e+08
0.278	7.75938e+08
0.279	7.63359e+08
0.28	7.50754e+08
0.281	7.39726e+08
0.282	7.30153e+08
0.283	7.20369e+08
0.284	7.09189e+08
0.285	6.97298e+08
0.286	6.86404e+08
0.287	6.77214e+08
0.288	6.68633e+08
0.289	6.59062e+08
0.29	6.48226e+08
0.291	6.37456e+08
0.292	6.28153e+08
0.293	6.20231e+08
0.294	6.12236e+08
0.295	6.0297e+08
0.296	5.92778e+08
0.297	5.83141e+08
0.298	5.75068e+08
0.299	5.6804e+08
0.3	5.60584e+08
0.301	5.51824e+08
0.302	5.42364e+08
0.303	5.33638e+08
0.304	5.26438e+08
0.305	5.20133e+08
0.306	5.13329e+08
0.307	5.05253e+08
0.308	4.96491e+08
0.309	4.88386e+08
0.31	4.81737e+08
0.311	4.76053e+08
0.312	4.70043e+08
0.313	4.62832e+08
0.314	4.54754e+08
0.315	4.47016e+08
0.316	4.40588e+08
0.317	4.35341e+08
0.318	4.30189e+08
0.319	4.24059e+08
0.32	4.16816e+08
0.321	4.09358e+08
0.322	4.02823e+08
0.323	3.97631e+08
0.324	3.93151e+08
0.325	3.88246e+08
0.326	3.82207e+08
0.327	3.75308e+08
0.328	3.68565e+08
0.329	3.62915e+08
0.33	3.58492e+08
0.331	3.54542e+08
0.332	3.50022e+08
0.333	3.44385e+08
0.334	3.37971e+08
0.335	3.31734e+08
0.336	3.26534e+08
0.337	3.22524e+08
0.338	3.19062e+08
0.339	3.15179e+08
0.34	3.10254e+08
0.341	3.04426e+08
0.342	2.9848e+08
0.343	2.93302e+08
0.344	2.89304e+08
0.345	2.86165e+08
0.346	2.8306e+08
0.347	2.79191e+08
0.348	2.7428e+08
0.349	2.68722e+08
0.35	2.63326e+08
0.351	2.58823e+08
0.352	2.55437e+08
0.353	2.52774e+08
0.354	2.50064e+08
0.355	2.46604e+08
0.356	2.42139e+08
0.357	2.36992e+08
0.358	2.31867e+08
0.359	2.27467e+08
0.36	2.24129e+08
0.361	2.21667e+08
0.362	2.19479e+08
0.363	2.16858e+08
0.364	2.1334e+08
0.365	2.08916e+08
0.366	2.04015e+08
0.367	1.99297e+08
0.368	1.95341e+08
0.369	1.92396e+08
0.37	1.90279e+08
0.371	1.88474e+08
0.372	1.86355e+08
0.373	1.83454e+08
0.374	1.79637e+08
0.375	1.75146e+08
0.376	1.70489e+08
0.377	1.66238e+08
0.378	1.62814e+08
0.379	1.60337e+08
0.38	1.58602e+08
0.381	1.57157e+08
0.382	1.55473e+08
0.383	1.53116e+08
0.384	1.49888e+08
0.385	1.45874e+08
0.386	1.41405e+08
0.387	1.36945e+08
0.388	1.32952e+08
0.389	1.29744e+08
0.39	1.27422e+08
0.391	1.25849e+08
0.392	1.24704e+08
0.393	1.23567e+08
0.394	1.22031e+08
0.395	1.19795e+08
0.396	1.16729e+08
0.397	1.12891e+08
0.398	1.08503e+08
0.399	1.03895e+08
0.4	9.94327e+07
0.401	9.54416e+07
0.402	9.21523e+07
0.403	8.96641e+07
0.404	8.79377e+07
0.405	8.68113e+07
0.406	8.60351e+07
0.407	8.53149e+07
0.408	8.43567e+07
0.409	8.29053e+07
0.41	8.07729e+07
0.411	7.78544e+07
0.412	7.41298e+07
0.413	6.96569e+07
0.414	6.45556e+07
0.415	5.89887e+07
0.416	5.31407e+07
0.417	4.71995e+07
0.418	4.13402e+07
0.419	3.57141e+07
0.42	3.04413e+07
0.421	2.56083e+07
0.422	2.12684e+07
0.423	1.74451e+07
0.424	1.41364e+07
0.425	1.13208e+07
0.426	8.96241e+06
0.427	7.01642e+06
0.428	5.43351e+06
0.429	4.16334e+06
0.43	3.15733e+06
0.431	2.37044e+06
0.432	1.76228e+06
0.433	1.29768e+06
0.434	946669
0.435	684332
0.436	490302
0.437	348236
0.438	245234
0.439	171263
0.44	118632
0.441	81519.5
0.442	55579.8
0.443	37604.1
0.444	25251
0.445	16831
0.446	11137.6
0.447	7317.72
0.448	4774.43
0.449	3093.71
0.45	1991.15
0.451	1273.04
0.452	808.618
0.453	510.333
0.454	320.05
0.455	199.47
0.456	123.56
0.457	76.078
0.458	46.5649
0.459	28.3346
0.46	17.1423
0.461	10.3123
0.462	6.16888
0.463	3.66994
0.464	2.17143
0.465	1.27791
0.466	0.748083
0.467	0.435643
0.468	0.252389
0.469	0.145478
0.47	0.0834337
0.471	0.0476135
0.472	0.027039
0.473	0.0152809
0.474	0.00859474
0.475	0.00481134
0.476	0.00268085
0.477	0.00148689
0.478	0.000820932
0.479	0.000451213
0.48	0.000246902
0.481	0.000134511
0.482	7.2963e-05
0.483	3.94078e-05
0.484	2.11942e-05
0.485	1.13508e-05
0.486	6.05386e-06
0.487	3.21554e-06
0.488	1.70102e-06
0.489	8.96229e-07
0.49	4.70329e-07
0.491	2.45853e-07
0.492	1.28014e-07
0.493	6.63997e-08
0.494	3.43099e-08
0.495	1.76618e-08
0.496	9.05789e-09
0.497	4.62823e-09
0.498	2.35621e-09
0.499	1.1952e-09
0.5	6.04099e-10
0.501	3.04253e-10
0.502	1.52698e-10
0.503	7.63702e-11
0.504	3.8064e-11
0.505	1.89069e-11
0.506	9.35966e-12
0.507	4.61793e-12
0.508	2.27085e-12
0.509	1.11299e-12
0.51	5.43743e-13
0.511	2.64767e-13
0.512	1.28502e-13
0.513	6.21692e-14
0.514	2.9976e-14
0.515	1.44102e-14
0.516	6.9045e-15
0.517	3.29896e-15
0.518	1.57089e-15
0.519	7.46e-16
0.52	3.53684e-16
0.521	1.67686e-16
0.522	7.93588e-17
0.523	3.74075e-17
0.524	1.78467e-17
0.525	8.58241e-18
0.526	4.18448e-18
0.527	2.07024e-18
0.528	1.05957e-18
0.529	6.13488e-19
0.53	3.71868e-19
0.531	2.46762e-19
0.532	2.02358e-19
0.533	1.784e-19
0.534	1.56274e-19
0.535	1.6849e-19
0.536	1.76477e-19
0.537	1.99056e-19
0.538	2.12881e-19
0.539	2.23696e-19
0.54	1.83929e-19
0.541	1.888e-19
0.542	1.62904e-19
0.543	1.30222e-19
0.544	1.12898e-19
0.545	1.16173e-19
0.546	1.34234e-19
0.547	1.33457e-19
0.548	1.6505e-19
0.549	1.64553e-19
0.55	2.21075e-19
0.551	2.07528e-19
0.552	2.13848e-19
0.553	1.67386e-19
0.554	1.4864e-19
0.555	1.15104e-19
0.556	1.11909e-19
0.557	9.47234e-20
0.558	8.33175e-20
0.559	9.90548e-20
0.56	9.15189e-20
0.561	1.01769e-19
0.562	9.24428e-20
0.563	1.04052e-19
0.564	9.97028e-20
0.565	1.05474e-19
0.566	1.25055e-19
0.567	1.23295e-19
0.568	1.47949e-19
0.569	1.66343e-19
0.57	1.71778e-19
0.571	2.03829e-19
0.572	1.77425e-19
0.573	2.32882e-19
0.574	1.98371e-19
0.575	1.50074e-19
0.576	1.74399e-19
0.577	1.69907e-19
0.578	1.59948e-19
0.579	1.61985e-19
0.58	1.47661e-19
0.581	1.39739e-19
0.582	1.3273e-19
0.583	1.41744e-19
0.584	1.18257e-19
0.585	1.14606e-19
0.586	1.27062e-19
0.587	1.11907e-19
0.588	8.75745e-20
0.589	1.37379e-19
0.59	7.81403e-20
0.591	1.09314e-19
0.592	1.09712e-19
0.593	6.78383e-20
0.594	7.43112e-20
0.595	9.23515e-20
0.596	8.89856e-20
0.597	8.32813e-20
0.598	1.00992e-19
0.599	1.1316e-19
0.6	1.14982e-19
0.601	1.39016e-19
0.602	1.11668e-19
0.603	9.21649e-20
0.604	8.32408e-20
0.605	9.52851e-20
0.606	8.22015e-20
0.607	7.49958e-20
0.608	9.41685e-20
0.609	6.75784e-20
0.61	1.505e-19
0.611	1.147e-19
0.612	1.10511e-19
0.613	1.17929e-19
0.614	1.17554e-19
0.615	8.3074e-20
0.616	8.74608e-20
0.617	9.73912e-20
0.618	8.56317e-20
0.619	8.45126e-20
0.62	9.07427e-20
0.621	8.46046e-20
0.622	8.50205e-20
0.623	5.67049e-20
0.624	5.26469e-20
0.625	4.26179e-20
0.626	8.07288e-20
0.627	9.7512e-20
0.628	1.37176e-19
0.629	1.60247e-19
0.63	1.3394e-19
0.631	1.34719e-19
0.632	1.20492e-19
0.633	1.19243e-19
0.634	9.90711e-20
0.635	1.33805e-19
0.636	8.83391e-20
0.637	1.04564e-19
0.638	9.17097e-20
0.639	1.06155e-19
0.64	1.16589e-19
0.641	1.12023e-19
0.642	1.21996e-19
0.643	1.346e-19
0.644	1.41568e-19
0.645	7.34351e-20
0.646	9.93799e-20
0.647	7.47369e-20
0.648	8.45203e-20
0.649	9.59397e-20
0.65	7.54775e-20
0.651	7.01429e-20
0.652	8.74436e-20
0.653	7.05637e-20
0.654	6.8063e-20
0.655	8.41524e-20
0.656	2.19161e-19
0.657	7.75186e-20
0.658	1.31348e-19
0.659	1.49424e-19
0.66	1.06376e-19
0.661	1.67662e-19
0.662	2.12868e-19
0.663	1.2902e-19
0.664	1.83901e-19
0.665	1.47265e-19
0.666	9.27713e-20
0.667	1.44055e-19
0.668	9.42199e-20
0.669	6.83696e-20
0.67	9.28331e-20
0.671	6.07575e-20
0.672	1.56179e-19
0.673	8.63489e-20
0.674	1.44287e-19
0.675	1.30519e-19
0.676	6.9846e-20
0.677	2.32516e-19
0.678	1.29228e-19
0.679	1.1687e-19
0.68	2.33626e-19
0.681	8.89857e-20
0.682	1.33449e-19
0.683	1.5808e-19
0.684	1.03802e-19
0.685	1.48989e-19
0.686	8.59429e-20
0.687	9.78746e-20
0.688	1.04684e-19
0.689	9.05118e-20
0.69	1.36665e-19
0.691	1.37197e-19
0.692	1.04109e-19
0.693	1.3491e-19
0.694	9.34842e-20
0.695	8.91491e-20
0.696	1.06516e-19
0.697	6.42202e-20
0.698	9.78252e-20
0.699	1.05524e-19
0.7	8.29806e-20
0.701	1.53893e-19
0.702	1.13151e-19
0.703	1.00705e-19
0.704	1.22878e-19
0.705	6.96647e-20
0.706	1.10204e-19
0.707	1.04966e-19
0.708	9.29091e-20
0.709	1.83658e-19
0.71	1.12007e-19
0.711	1.16563e-19
0.712	1.20167e-19
0.713	7.87084e-20
0.714	1.36213e-19
0.715	1.42729e-19
0.716	7.87303e-20
0.717	1.08608e-19
0.718	6.23161e-20
0.719	6.18287e-20
0.72	6.12671e-20
0.721	5.90132e-20
0.722	6.299e-20
0.723	6.80371e-20
0.724	6.38262e-20
0.725	5.70368e-20
0.726	5.77981e-20
0.727	5.97181e-20
0.728	6.39041e-20
0.729	7.77668e-20
0.73	7.32632e-20
0.731	7.99214e-20
0.732	7.74733e-20
0.733	7.15308e-20
0.734	9.50161e-20
0.735	8.8435e-20
0.736	1.06704e-19
0.737	1.02772e-19
0.738	9.65529e-20
0.739	1.11868e-19
0.74	8.26586e-20
0.741	7.56018e-20
0.742	7.45976e-20
0.743	8.76094e-20
0.744	7.68046e-20
0.745	7.27613e-20
0.746	5.92176e-20
0.747	5.71398e-20
0.748	8.01241e-20
0.749	8.5907e-20
0.75	8.15317e-20
0.751	8.23853e-20
0.752	5.67444e-20
0.753	4.2909e-20
0.754	5.35668e-20
0.755	6.00187e-20
0.756	7.19995e-20
0.757	6.41973e-20
0.758	7.67171e-20
0.759	6.5041e-20
0.76	7.10776e-20
0.761	9.30138e-20
0.762	6.30477e-20
0.763	7.91078e-20
0.764	1.02528e-19
0.765	1.05165e-19
0.766	9.89118e-20
0.767	8.71486e-20
0.768	7.55201e-20
0.769	8.576e-20
0.77	6.52301e-20
0.771	7.54783e-20
0.772	7.88926e-20
0.773	1.08551e-19
0.774	8.07921e-20
0.775	1.20568e-19
0.776	8.65064e-20
0.777	9.20624e-20
0.778	9.29154e-20
0.779	1.00294e-19
0.78	5.60775e-20
0.781	5.44976e-20
0.782	9.28291e-20
0.783	4.36434e-20
0.784	5.22014e-20
0.785	6.42036e-20
0.786	5.96065e-20
0.787	5.05509e-20
0.788	5.06678e-20
0.789	4.20834e-20
0.79	4.29636e-20
0.791	7.80838e-20
0.792	5.75979e-20
0.793	6.1965e-20
0.794	8.48277e-20
0.795	8.94553e-20
0.796	6.58455e-20
0.797	9.026e-20
0.798	8.6218e-20
0.799	9.10661e-20
0.8	8.4899e-20
0.801	7.66911e-20
0.802	9.23352e-20
0.803	8.05983e-20
0.804	1.13315e-19
0.805	9.89625e-20
0.806	9.81672e-20
0.807	1.06759e-19
0.808	1.11762e-19
0.809	1.01217e-19
0.81	1.92359e-19
0.811	1.35776e-19
0.812	1.23516e-19
0.813	1.65307e-19
0.814	9.60147e-20
0.815	1.05324e-19
0.816	7.57417e-20
0.817	6.97097e-20
0.818	5.96233e-20
0.819	8.3054e-20
0.82	1.10178e-19
0.821	8.18827e-20
0.822	1.0044e-19
0.823	1.26836e-19
0.824	6.90076e-20
0.825	5.89581e-20
0.826	7.78367e-20
0.827	6.32657e-20
0.828	7.1306e-20
0.829	6.59504e-20
0.83	5.40723e-20
0.831	1.44809e-19
0.832	9.72085e-20
0.833	7.37093e-20
0.834	9.5145e-20
0.835	6.86743e-20
0.836	6.23287e-20
0.837	1.26833e-19
0.838	5.09012e-20
0.839	8.5832e-20
0.84	1.30983e-19
0.841	8.3492e-20
0.842	6.13284e-20
0.843	5.93992e-20
0.844	7.62278e-20
0.845	6.56429e-20
0.846	5.15292e-20
0.847	1.05294e-19
0.848	6.46438e-20
0.849	8.73431e-20
0.85	9.39602e-20
0.851	4.76582e-20
0.852	1.25722e-19
0.853	8.80356e-20
0.854	6.45538e-20
0.855	7.44124e-20
0.856	8.0339e-20
0.857	4.52829e-20
0.858	4.16157e-20
0.859	6.86971e-20
0.86	4.77762e-20
0.861	6.80669e-20
0.862	6.12245e-20
0.863	4.92608e-20
0.864	4.7297e-20
0.865	4.78377e-20
0.866	5.9312e-20
0.867	5.72757e-20
0.868	7.3068e-20
0.869	6.65662e-20
0.87	6.58093e-20
0.871	5.68363e-20
0.872	7.05104e-20
0.873	6.70359e-20
0.874	6.23047e-20
0.875	7.51357e-20
0.876	7.29647e-20
0.877	6.16271e-20
0.878	6.75113e-20
0.879	6.67318e-20
0.88	1.08203e-19
0.881	5.62505e-20
0.882	3.85512e-20
0.883	7.76626e-20
0.884	4.89527e-20
0.885	7.09117e-20
0.886	6.91607e-20
0.887	6.21907e-20
0.888	8.19388e-20
0.889	7.3785e-20
0.89	9.50635e-20
0.891	9.25098e-20
0.892	6.20847e-20
0.893	1.00172e-19
0.894	9.86604e-20
0.895	5.17164e-20
0.896	6.98066e-20
0.897	9.2194e-20
0.898	4.18474e-20
0.899	7.77675e-20
0.9	5.59058e-20
0.901	6.10908e-20
0.902	1.03417e-19
0.903	5.57404e-20
0.904	1.03273e-19
0.905	8.72077e-20
0.906	5.9088e-20
0.907	1.93507e-19
0.908	7.96241e-20
0.909	6.35544e-20
0.91	1.44559e-19
0.911	9.59364e-20
0.912	6.98728e-20
0.913	1.17667e-19
0.914	7.17987e-20
0.915	9.73111e-20
0.916	6.66505e-20
0.917	1.39567e-19
0.918	1.10482e-19
0.919	7.53845e-20
0.92	1.68963e-19
0.921	8.87161e-20
0.922	6.66782e-20
0.923	1.54278e-19
0.924	8.38893e-20
0.925	1.00308e-19
0.926	6.3415e-20
0.927	5.62549e-20
0.928	5.18119e-20
0.929	6.60182e-20
0.93	7.5127e-20
0.931	6.30248e-20
0.932	7.44093e-20
0.933	7.74845e-20
0.934	6.34787e-20
0.935	1.11635e-19
0.936	6.05464e-20
0.937	5.3642e-20
0.938	1.10236e-19
0.939	8.65044e-20
0.94	5.47037e-20
0.941	7.29228e-20
0.942	5.49627e-20
0.943	5.62056e-20
0.944	5.85836e-20
0.945	5.12904e-20
0.946	9.56964e-20
0.947	4.96854e-20
0.948	1.22661e-19
0.949	8.59624e-20
0.95	5.75768e-20
0.951	1.36399e-19
0.952	1.02374e-19
0.953	4.90276e-20
0.954	1.50534e-19
0.955	6.14135e-20
0.956	6.448e-20
0.957	1.347e-19
0.958	4.08226e-20
0.959	7.18012e-20
0.96	1.20759e-19
0.961	5.18134e-20
0.962	1.51388e-19
0.963	9.32136e-20
0.964	1.05821e-19
0.965	1.93865e-19
0.966	6.38716e-20
0.967	2.38979e-19
0.968	2.31623e-19
0.969	8.00338e-20
0.97	2.2576e-19
0.971	2.52806e-19
0.972	1.0639e-19
0.973	1.95244e-19
0.974	2.32258e-19
0.975	9.54211e-20
0.976	2.09716e-19
0.977	1.26505e-19
0.978	1.19034e-19
0.979	1.76333e-19
0.98	1.18549e-19
0.981	1.22396e-19
0.982	2.36169e-19
0.983	1.06344e-19
0.984	1.67238e-19
0.985	1.8132e-19
0.986	1.05762e-19
0.987	1.52188e-19
0.988	9.47724e-20
0.989	1.27171e-19
0.99	1.14572e-19
0.991	6.91997e-20
0.992	1.21203e-19
0.993	1.1868e-19
0.994	7.39038e-20
0.995	1.18149e-19
0.996	1.62694e-19
0.997	5.49049e-20
0.998	7.78047e-20
0.999	1.16306e-19
1	0
