0	0
0.001	8.04939e+11
0.002	2.30538e+12
0.003	3.27815e+12
0.004	3.59442e+12
0.005	3.60219e+12
0.006	3.52841e+12
0.007	3.44112e+12
0.008	3.35375e+12
0.009	3.2694e+12
0.01	3.18609e+12
0.011	3.10628e+12
0.012	3.02746e+12
0.013	2.95154e+12
0.014	2.87727e+12
0.015	2.80488e+12
0.016	2.73489e+12
0.017	2.66603e+12
0.018	2.59977e+12
0.019	2.53459e+12
0.02	2.47155e+12
0.021	2.41008e+12
0.022	2.34999e+12
0.023	2.29195e+12
0.024	2.23486e+12
0.025	2.17979e+12
0.026	2.12582e+12
0.027	2.07334e+12
0.028	2.02241e+12
0.029	1.97243e+12
0.03	1.9242e+12
0.031	1.87684e+12
0.032	1.83092e+12
0.033	1.78621e+12
0.034	1.74242e+12
0.035	1.70013e+12
0.036	1.65856e+12
0.037	1.61832e+12
0.038	1.57905e+12
0.039	1.54065e+12
0.04	1.50352e+12
0.041	1.46703e+12
0.042	1.4317e+12
0.043	1.39721e+12
0.044	1.36349e+12
0.045	1.33087e+12
0.046	1.29881e+12
0.047	1.26776e+12
0.048	1.23746e+12
0.049	1.2078e+12
0.05	1.17913e+12
0.051	1.15094e+12
0.052	1.12361e+12
0.053	1.09699e+12
0.054	1.07087e+12
0.055	1.04564e+12
0.056	1.02086e+12
0.057	9.96752e+11
0.058	9.73354e+11
0.059	9.50336e+11
0.06	9.28098e+11
0.061	9.06315e+11
0.062	8.85024e+11
0.063	8.64435e+11
0.064	8.4416e+11
0.065	8.24508e+11
0.066	8.05365e+11
0.067	7.86549e+11
0.068	7.68387e+11
0.069	7.50551e+11
0.07	7.33144e+11
0.071	7.16301e+11
0.072	6.99695e+11
0.073	6.83611e+11
0.074	6.67938e+11
0.075	6.52515e+11
0.076	6.37636e+11
0.077	6.23027e+11
0.078	6.08738e+11
0.079	5.94937e+11
0.08	5.81322e+11
0.081	5.68099e+11
0.082	5.55264e+11
0.083	5.42593e+11
0.084	5.30354e+11
0.085	5.18392e+11
0.086	5.06621e+11
0.087	4.95276e+11
0.088	4.8412e+11
0.089	4.73198e+11
0.09	4.62664e+11
0.091	4.5226e+11
0.092	4.42133e+11
0.093	4.32334e+11
0.094	4.22637e+11
0.095	4.13245e+11
0.096	4.04118e+11
0.097	3.95086e+11
0.098	3.86372e+11
0.099	3.77863e+11
0.1	3.69456e+11
0.101	3.61363e+11
0.102	3.53426e+11
0.103	3.45603e+11
0.104	3.38081e+11
0.105	3.30677e+11
0.106	3.23397e+11
0.107	3.16401e+11
0.108	3.09494e+11
0.109	3.02717e+11
0.11	2.96205e+11
0.111	2.89762e+11
0.112	2.83452e+11
0.113	2.77387e+11
0.114	2.71377e+11
0.115	2.65498e+11
0.116	2.59848e+11
0.117	2.54243e+11
0.118	2.48761e+11
0.119	2.43495e+11
0.12	2.38269e+11
0.121	2.33153e+11
0.122	2.28245e+11
0.123	2.23372e+11
0.124	2.18595e+11
0.125	2.14017e+11
0.126	2.09476e+11
0.127	2.05011e+11
0.128	2.00738e+11
0.129	1.96509e+11
0.13	1.92333e+11
0.131	1.88342e+11
0.132	1.84405e+11
0.133	1.80499e+11
0.134	1.76765e+11
0.135	1.73102e+11
0.136	1.69449e+11
0.137	1.65951e+11
0.138	1.62543e+11
0.139	1.5913e+11
0.14	1.55845e+11
0.141	1.52673e+11
0.142	1.49491e+11
0.143	1.46402e+11
0.144	1.43444e+11
0.145	1.40484e+11
0.146	1.37576e+11
0.147	1.3481e+11
0.148	1.32062e+11
0.149	1.29329e+11
0.15	1.26729e+11
0.151	1.24183e+11
0.152	1.21622e+11
0.153	1.19167e+11
0.154	1.16803e+11
0.155	1.14418e+11
0.156	1.12094e+11
0.157	1.09886e+11
0.158	1.07679e+11
0.159	1.05482e+11
0.16	1.03402e+11
0.161	1.01363e+11
0.162	9.93033e+10
0.163	9.73268e+10
0.164	9.54366e+10
0.165	9.35252e+10
0.166	9.16439e+10
0.167	8.98694e+10
0.168	8.81107e+10
0.169	8.63347e+10
0.17	8.46447e+10
0.171	8.30224e+10
0.172	8.13727e+10
0.173	7.97543e+10
0.174	7.82329e+10
0.175	7.6721e+10
0.176	7.51885e+10
0.177	7.37319e+10
0.178	7.23407e+10
0.179	7.09226e+10
0.18	6.95208e+10
0.181	6.82087e+10
0.182	6.69164e+10
0.183	6.55942e+10
0.184	6.43256e+10
0.185	6.31315e+10
0.186	6.19219e+10
0.187	6.07019e+10
0.188	5.95569e+10
0.189	5.84573e+10
0.19	5.73256e+10
0.191	5.62096e+10
0.192	5.51724e+10
0.193	5.41516e+10
0.194	5.30976e+10
0.195	5.20812e+10
0.196	5.1136e+10
0.197	5.0185e+10
0.198	4.9208e+10
0.199	4.8283e+10
0.2	4.74168e+10
0.201	4.65309e+10
0.202	4.56284e+10
0.203	4.47847e+10
0.204	4.39881e+10
0.205	4.31646e+10
0.206	4.23315e+10
0.207	4.15595e+10
0.208	4.08261e+10
0.209	4.00625e+10
0.21	3.9293e+10
0.211	3.85838e+10
0.212	3.79088e+10
0.213	3.72029e+10
0.214	3.64908e+10
0.215	3.58362e+10
0.216	3.52158e+10
0.217	3.45657e+10
0.218	3.39052e+10
0.219	3.32976e+10
0.22	3.27279e+10
0.221	3.21322e+10
0.222	3.15188e+10
0.223	3.0951e+10
0.224	3.04272e+10
0.225	2.98848e+10
0.226	2.93164e+10
0.227	2.87816e+10
0.228	2.82972e+10
0.229	2.78068e+10
0.23	2.72835e+10
0.231	2.67769e+10
0.232	2.63233e+10
0.233	2.58815e+10
0.234	2.54062e+10
0.235	2.49266e+10
0.236	2.44941e+10
0.237	2.40932e+10
0.238	2.36691e+10
0.239	2.32209e+10
0.24	2.28018e+10
0.241	2.2429e+10
0.242	2.20552e+10
0.243	2.1648e+10
0.244	2.12421e+10
0.245	2.08815e+10
0.246	2.0548e+10
0.247	2.01912e+10
0.248	1.98095e+10
0.249	1.94509e+10
0.25	1.9137e+10
0.251	1.88294e+10
0.252	1.84901e+10
0.253	1.81398e+10
0.254	1.78246e+10
0.255	1.7546e+10
0.256	1.72593e+10
0.257	1.69406e+10
0.258	1.6622e+10
0.259	1.63427e+10
0.26	1.60922e+10
0.261	1.5826e+10
0.262	1.553e+10
0.263	1.52395e+10
0.264	1.49886e+10
0.265	1.47624e+10
0.266	1.45184e+10
0.267	1.42455e+10
0.268	1.39782e+10
0.269	1.37487e+10
0.27	1.35443e+10
0.271	1.33247e+10
0.272	1.30755e+10
0.273	1.28265e+10
0.274	1.26118e+10
0.275	1.24263e+10
0.276	1.22327e+10
0.277	1.20092e+10
0.278	1.17759e+10
0.279	1.15694e+10
0.28	1.13972e+10
0.281	1.12294e+10
0.282	1.10354e+10
0.283	1.082e+10
0.284	1.06168e+10
0.285	1.04486e+10
0.286	1.0301e+10
0.287	1.01401e+10
0.288	9.95046e+09
0.289	9.75258e+09
0.29	9.5788e+09
0.291	9.43777e+09
0.292	9.30559e+09
0.293	9.15211e+09
0.294	8.97299e+09
0.295	8.79352e+09
0.296	8.64165e+09
0.297	8.51921e+09
0.298	8.40068e+09
0.299	8.2594e+09
0.3	8.09394e+09
0.301	7.92879e+09
0.302	7.78997e+09
0.303	7.68008e+09
0.304	7.57643e+09
0.305	7.45283e+09
0.306	7.30375e+09
0.307	7.14876e+09
0.308	7.01424e+09
0.309	6.90974e+09
0.31	6.82011e+09
0.311	6.7192e+09
0.312	6.59241e+09
0.313	6.44865e+09
0.314	6.31217e+09
0.315	6.20233e+09
0.316	6.11806e+09
0.317	6.03929e+09
0.318	5.94324e+09
0.319	5.82202e+09
0.32	5.68817e+09
0.321	5.56461e+09
0.322	5.46738e+09
0.323	5.39418e+09
0.324	5.32659e+09
0.325	5.24349e+09
0.326	5.13579e+09
0.327	5.01213e+09
0.328	4.89257e+09
0.329	4.79492e+09
0.33	4.7233e+09
0.331	4.66598e+09
0.332	4.60321e+09
0.333	4.51962e+09
0.334	4.41327e+09
0.335	4.29628e+09
0.336	4.18731e+09
0.337	4.10068e+09
0.338	4.03856e+09
0.339	3.99024e+09
0.34	3.93832e+09
0.341	3.86808e+09
0.342	3.77487e+09
0.343	3.66603e+09
0.344	3.55677e+09
0.345	3.46257e+09
0.346	3.39192e+09
0.347	3.34274e+09
0.348	3.30378e+09
0.349	3.2599e+09
0.35	3.19861e+09
0.351	3.1151e+09
0.352	3.01378e+09
0.353	2.90608e+09
0.354	2.80579e+09
0.355	2.72384e+09
0.356	2.66457e+09
0.357	2.62455e+09
0.358	2.59419e+09
0.359	2.56114e+09
0.36	2.5143e+09
0.361	2.44712e+09
0.362	2.35915e+09
0.363	2.2558e+09
0.364	2.14649e+09
0.365	2.04192e+09
0.366	1.9513e+09
0.367	1.88033e+09
0.368	1.83011e+09
0.369	1.79727e+09
0.37	1.77504e+09
0.371	1.75479e+09
0.372	1.7278e+09
0.373	1.68675e+09
0.374	1.62672e+09
0.375	1.54567e+09
0.376	1.44439e+09
0.377	1.32598e+09
0.378	1.19518e+09
0.379	1.05754e+09
0.38	9.18673e+08
0.381	7.83675e+08
0.382	6.5672e+08
0.383	5.40855e+08
0.384	4.37966e+08
0.385	3.48871e+08
0.386	2.73505e+08
0.387	2.11127e+08
0.388	1.60546e+08
0.389	1.20317e+08
0.39	8.89001e+07
0.391	6.47897e+07
0.392	4.6591e+07
0.393	3.3071e+07
0.394	2.3179e+07
0.395	1.60466e+07
0.396	1.09761e+07
0.397	7.4203e+06
0.398	4.9593e+06
0.399	3.27766e+06
0.4	2.14269e+06
0.401	1.38584e+06
0.402	887009
0.403	561948
0.404	352459
0.405	218905
0.406	134653
0.407	82049.3
0.408	49534.2
0.409	29633.4
0.41	17570.2
0.411	10326.5
0.412	6017.05
0.413	3476.36
0.414	1991.78
0.415	1131.85
0.416	638.008
0.417	356.785
0.418	197.963
0.419	108.995
0.42	59.5563
0.421	32.2992
0.422	17.3879
0.423	9.29264
0.424	4.93072
0.425	2.59778
0.426	1.35912
0.427	0.706183
0.428	0.364433
0.429	0.186809
0.43	0.0951253
0.431	0.0481223
0.432	0.0241871
0.433	0.0120794
0.434	0.00599458
0.435	0.00295639
0.436	0.00144905
0.437	0.000705921
0.438	0.000341829
0.439	0.00016454
0.44	7.87362e-05
0.441	3.74579e-05
0.442	1.77177e-05
0.443	8.33287e-06
0.444	3.897e-06
0.445	1.81234e-06
0.446	8.38203e-07
0.447	3.85553e-07
0.448	1.76388e-07
0.449	8.0265e-08
0.45	3.63313e-08
0.451	1.63589e-08
0.452	7.32779e-09
0.453	3.26555e-09
0.454	1.44787e-09
0.455	6.38721e-10
0.456	2.80368e-10
0.457	1.22463e-10
0.458	5.32309e-11
0.459	2.30268e-11
0.46	9.91358e-12
0.461	4.24791e-12
0.462	1.81179e-12
0.463	7.69243e-13
0.464	3.252e-13
0.465	1.36861e-13
0.466	5.73559e-14
0.467	2.39326e-14
0.468	9.95998e-15
0.469	4.13329e-15
0.47	1.71242e-15
0.471	7.03355e-16
0.472	2.87108e-16
0.473	1.15887e-16
0.474	4.9421e-17
0.475	2.23971e-17
0.476	1.176e-17
0.477	6.66851e-18
0.478	4.18175e-18
0.479	3.61528e-18
0.48	3.28784e-18
0.481	3.66774e-18
0.482	3.27754e-18
0.483	3.45552e-18
0.484	3.85977e-18
0.485	3.34642e-18
0.486	3.432e-18
0.487	2.88116e-18
0.488	2.40571e-18
0.489	2.35221e-18
0.49	2.91187e-18
0.491	2.60163e-18
0.492	2.42929e-18
0.493	2.97913e-18
0.494	3.36956e-18
0.495	3.41756e-18
0.496	3.19758e-18
0.497	2.75594e-18
0.498	1.82735e-18
0.499	2.108e-18
0.5	2.93497e-18
0.501	2.24179e-18
0.502	3.35881e-18
0.503	2.91592e-18
0.504	3.0038e-18
0.505	2.87391e-18
0.506	2.57795e-18
0.507	2.54473e-18
0.508	2.58887e-18
0.509	2.34158e-18
0.51	2.40706e-18
0.511	1.98129e-18
0.512	2.4462e-18
0.513	1.40906e-18
0.514	1.87918e-18
0.515	2.22463e-18
0.516	1.28593e-18
0.517	2.62893e-18
0.518	2.46081e-18
0.519	2.33712e-18
0.52	2.08161e-18
0.521	1.23754e-18
0.522	1.02307e-18
0.523	7.03989e-19
0.524	1.02875e-18
0.525	1.33881e-18
0.526	1.6381e-18
0.527	1.64212e-18
0.528	1.77286e-18
0.529	1.91893e-18
0.53	2.27211e-18
0.531	2.11136e-18
0.532	2.1973e-18
0.533	2.06183e-18
0.534	2.06898e-18
0.535	1.98605e-18
0.536	2.09513e-18
0.537	2.33654e-18
0.538	2.74781e-18
0.539	3.39453e-18
0.54	4.14218e-18
0.541	3.3506e-18
0.542	2.65989e-18
0.543	2.28535e-18
0.544	1.54601e-18
0.545	1.72948e-18
0.546	2.95008e-18
0.547	2.34114e-18
0.548	3.05897e-18
0.549	2.92795e-18
0.55	3.11312e-18
0.551	3.6417e-18
0.552	2.99515e-18
0.553	2.48253e-18
0.554	2.14793e-18
0.555	1.95412e-18
0.556	1.09823e-18
0.557	8.9545e-19
0.558	1.54851e-18
0.559	2.0722e-18
0.56	2.54101e-18
0.561	2.63346e-18
0.562	3.06162e-18
0.563	3.42727e-18
0.564	3.01817e-18
0.565	3.47459e-18
0.566	3.46789e-18
0.567	3.1916e-18
0.568	3.23196e-18
0.569	3.31301e-18
0.57	2.95313e-18
0.571	3.51438e-18
0.572	3.44322e-18
0.573	2.99649e-18
0.574	2.96409e-18
0.575	2.99311e-18
0.576	3.76608e-18
0.577	3.45046e-18
0.578	3.45108e-18
0.579	2.9357e-18
0.58	2.68356e-18
0.581	2.39368e-18
0.582	2.26277e-18
0.583	1.8203e-18
0.584	1.43439e-18
0.585	1.29947e-18
0.586	1.25895e-18
0.587	1.35606e-18
0.588	9.67938e-19
0.589	9.83738e-19
0.59	9.27802e-19
0.591	1.02009e-18
0.592	1.38076e-18
0.593	1.57359e-18
0.594	1.25274e-18
0.595	1.27241e-18
0.596	1.64267e-18
0.597	1.60906e-18
0.598	1.25837e-18
0.599	1.4603e-18
0.6	1.29354e-18
0.601	1.85793e-18
0.602	1.48043e-18
0.603	1.42539e-18
0.604	1.37019e-18
0.605	1.41547e-18
0.606	1.40091e-18
0.607	1.40255e-18
0.608	1.34263e-18
0.609	1.38664e-18
0.61	1.74878e-18
0.611	1.7438e-18
0.612	1.57059e-18
0.613	1.34259e-18
0.614	1.28913e-18
0.615	8.64554e-19
0.616	9.25246e-19
0.617	1.04093e-18
0.618	9.08358e-19
0.619	9.43936e-19
0.62	1.09613e-18
0.621	1.35123e-18
0.622	2.17567e-18
0.623	6.03926e-19
0.624	1.40305e-18
0.625	1.33244e-18
0.626	9.6495e-19
0.627	1.71649e-18
0.628	1.63149e-18
0.629	1.40401e-18
0.63	1.16718e-18
0.631	9.79688e-19
0.632	1.00844e-18
0.633	2.11342e-18
0.634	1.08188e-18
0.635	1.49516e-18
0.636	1.71694e-18
0.637	1.49512e-18
0.638	1.94998e-18
0.639	2.25487e-18
0.64	1.28538e-18
0.641	1.75259e-18
0.642	1.64174e-18
0.643	9.93309e-19
0.644	1.17908e-18
0.645	9.06087e-19
0.646	1.52039e-18
0.647	1.17467e-18
0.648	1.0364e-18
0.649	9.96861e-19
0.65	6.65586e-19
0.651	1.12305e-18
0.652	8.07886e-19
0.653	1.16801e-18
0.654	1.62336e-18
0.655	1.24167e-18
0.656	1.77541e-18
0.657	2.10843e-18
0.658	1.04357e-18
0.659	1.38234e-18
0.66	1.37032e-18
0.661	1.98634e-18
0.662	2.05498e-18
0.663	1.21663e-18
0.664	1.6821e-18
0.665	1.257e-18
0.666	1.58134e-18
0.667	1.56381e-18
0.668	9.37546e-19
0.669	8.09718e-19
0.67	8.78732e-19
0.671	8.55207e-19
0.672	1.0343e-18
0.673	1.23292e-18
0.674	1.2233e-18
0.675	1.51754e-18
0.676	1.13173e-18
0.677	9.45333e-19
0.678	9.50159e-19
0.679	8.15608e-19
0.68	9.98876e-19
0.681	1.22212e-18
0.682	1.16447e-18
0.683	1.28388e-18
0.684	1.05381e-18
0.685	1.47445e-18
0.686	8.83188e-19
0.687	1.08828e-18
0.688	1.24692e-18
0.689	9.86287e-19
0.69	1.10862e-18
0.691	1.07475e-18
0.692	8.1559e-19
0.693	1.01261e-18
0.694	3.85998e-19
0.695	8.39034e-19
0.696	5.13693e-19
0.697	6.34686e-19
0.698	7.68187e-19
0.699	7.70562e-19
0.7	8.15713e-19
0.701	7.62452e-19
0.702	9.75084e-19
0.703	8.44143e-19
0.704	1.2929e-18
0.705	1.35754e-18
0.706	1.14861e-18
0.707	1.37487e-18
0.708	1.34695e-18
0.709	1.15449e-18
0.71	1.36941e-18
0.711	1.32637e-18
0.712	1.39504e-18
0.713	1.01665e-18
0.714	1.08912e-18
0.715	1.46931e-18
0.716	9.18912e-19
0.717	9.46342e-19
0.718	9.28254e-19
0.719	1.03147e-18
0.72	8.95136e-19
0.721	1.05103e-18
0.722	7.6165e-19
0.723	1.17746e-18
0.724	7.53971e-19
0.725	7.28081e-19
0.726	7.48662e-19
0.727	8.74432e-19
0.728	1.10499e-18
0.729	1.06533e-18
0.73	1.02369e-18
0.731	1.0188e-18
0.732	1.00109e-18
0.733	9.88488e-19
0.734	1.1032e-18
0.735	1.14317e-18
0.736	1.32004e-18
0.737	9.34266e-19
0.738	1.0236e-18
0.739	1.17197e-18
0.74	1.33038e-18
0.741	1.02652e-18
0.742	9.53866e-19
0.743	8.6099e-19
0.744	6.41256e-19
0.745	6.27713e-19
0.746	4.76518e-19
0.747	8.27419e-19
0.748	1.45534e-18
0.749	1.20172e-18
0.75	1.3219e-18
0.751	7.29501e-19
0.752	6.69467e-19
0.753	1.20464e-18
0.754	1.4999e-18
0.755	1.50838e-18
0.756	1.0229e-18
0.757	9.4474e-19
0.758	9.44479e-19
0.759	9.4734e-19
0.76	1.01956e-18
0.761	1.21004e-18
0.762	1.65563e-18
0.763	1.32613e-18
0.764	1.50576e-18
0.765	1.50656e-18
0.766	1.51772e-18
0.767	1.26514e-18
0.768	1.37864e-18
0.769	1.28718e-18
0.77	1.24859e-18
0.771	1.21336e-18
0.772	1.01825e-18
0.773	8.97154e-19
0.774	1.16457e-18
0.775	1.12837e-18
0.776	1.03248e-18
0.777	1.51317e-18
0.778	8.25079e-19
0.779	6.6625e-19
0.78	9.45885e-19
0.781	1.36271e-18
0.782	1.78073e-18
0.783	9.47717e-19
0.784	9.25513e-19
0.785	1.06373e-18
0.786	7.42858e-19
0.787	1.52747e-18
0.788	6.71755e-19
0.789	5.79364e-19
0.79	1.00689e-18
0.791	1.10131e-18
0.792	1.27656e-18
0.793	1.10405e-18
0.794	9.68641e-19
0.795	1.09613e-18
0.796	7.17524e-19
0.797	8.65489e-19
0.798	1.3061e-18
0.799	1.35443e-18
0.8	1.01566e-18
0.801	1.21892e-18
0.802	1.58298e-18
0.803	1.66734e-18
0.804	1.11968e-18
0.805	1.15613e-18
0.806	1.49231e-18
0.807	6.55704e-19
0.808	9.43107e-19
0.809	1.04513e-18
0.81	8.49572e-19
0.811	1.51332e-18
0.812	1.48492e-18
0.813	1.41658e-18
0.814	1.27391e-18
0.815	8.75853e-19
0.816	9.60725e-19
0.817	1.06421e-18
0.818	1.36756e-18
0.819	9.68489e-19
0.82	9.97998e-19
0.821	1.12148e-18
0.822	9.80147e-19
0.823	1.01564e-18
0.824	1.98658e-18
0.825	1.15415e-18
0.826	1.07346e-18
0.827	9.28595e-19
0.828	1.01679e-18
0.829	9.66395e-19
0.83	9.8476e-19
0.831	1.85291e-18
0.832	1.51065e-18
0.833	1.16126e-18
0.834	1.10333e-18
0.835	8.07712e-19
0.836	7.71856e-19
0.837	7.05965e-19
0.838	1.40851e-18
0.839	1.29296e-18
0.84	1.33946e-18
0.841	1.57324e-18
0.842	1.24441e-18
0.843	9.39233e-19
0.844	7.52615e-19
0.845	9.43846e-19
0.846	8.54168e-19
0.847	9.08174e-19
0.848	1.06527e-18
0.849	1.30057e-18
0.85	1.76019e-18
0.851	1.36381e-18
0.852	8.80861e-19
0.853	8.75526e-19
0.854	1.16598e-18
0.855	1.5021e-18
0.856	1.04654e-18
0.857	7.90243e-19
0.858	2.11039e-18
0.859	1.19754e-18
0.86	1.33686e-18
0.861	1.51514e-18
0.862	7.72716e-19
0.863	6.34538e-19
0.864	1.13889e-18
0.865	6.57645e-19
0.866	6.89743e-19
0.867	7.88004e-19
0.868	1.00471e-18
0.869	7.16175e-19
0.87	8.20202e-19
0.871	9.08006e-19
0.872	9.51407e-19
0.873	1.19413e-18
0.874	9.18957e-19
0.875	9.6032e-19
0.876	1.53516e-18
0.877	9.42605e-19
0.878	9.47863e-19
0.879	1.41963e-18
0.88	7.49556e-19
0.881	6.54962e-19
0.882	9.47976e-19
0.883	9.75877e-19
0.884	8.36758e-19
0.885	6.1443e-19
0.886	1.24647e-18
0.887	1.20401e-18
0.888	1.49353e-18
0.889	1.247e-18
0.89	1.25011e-18
0.891	1.1349e-18
0.892	9.58048e-19
0.893	6.83687e-19
0.894	1.24243e-18
0.895	6.33921e-19
0.896	1.10688e-18
0.897	1.43322e-18
0.898	7.60423e-19
0.899	9.10171e-19
0.9	7.69568e-19
0.901	9.53379e-19
0.902	9.03204e-19
0.903	7.55204e-19
0.904	6.92668e-19
0.905	1.2256e-18
0.906	7.22854e-19
0.907	9.42168e-19
0.908	1.05065e-18
0.909	1.26605e-18
0.91	1.31866e-18
0.911	1.08676e-18
0.912	1.63938e-18
0.913	1.53971e-18
0.914	1.08994e-18
0.915	1.66807e-18
0.916	1.42728e-18
0.917	1.40604e-18
0.918	1.45396e-18
0.919	1.99633e-18
0.92	1.69646e-18
0.921	1.44106e-18
0.922	1.2958e-18
0.923	1.10982e-18
0.924	1.04503e-18
0.925	1.33626e-18
0.926	9.35365e-19
0.927	9.54556e-19
0.928	1.76372e-18
0.929	8.14308e-19
0.93	9.40327e-19
0.931	2.16549e-18
0.932	1.62195e-18
0.933	9.94487e-19
0.934	7.41145e-19
0.935	9.23683e-19
0.936	1.23664e-18
0.937	7.475e-19
0.938	1.25841e-18
0.939	1.89102e-18
0.94	1.04573e-18
0.941	6.36069e-19
0.942	1.83619e-18
0.943	1.93367e-18
0.944	1.42369e-18
0.945	1.58679e-18
0.946	2.25904e-18
0.947	2.92225e-18
0.948	1.5132e-18
0.949	1.20565e-18
0.95	1.3419e-18
0.951	2.22685e-18
0.952	8.1286e-19
0.953	9.56202e-19
0.954	2.7779e-18
0.955	1.46176e-18
0.956	1.01439e-18
0.957	2.86494e-18
0.958	1.73043e-18
0.959	2.20622e-18
0.96	2.79207e-18
0.961	1.92432e-18
0.962	2.51045e-18
0.963	3.41477e-18
0.964	3.24147e-18
0.965	2.24568e-18
0.966	3.41254e-18
0.967	3.09183e-18
0.968	2.59943e-18
0.969	2.72299e-18
0.97	4.2867e-18
0.971	3.28604e-18
0.972	2.12442e-18
0.973	6.0135e-18
0.974	3.07901e-18
0.975	2.77093e-18
0.976	9.01721e-18
0.977	3.14653e-18
0.978	2.11966e-18
0.979	9.27545e-18
0.98	3.20803e-18
0.981	2.40854e-18
0.982	9.11333e-18
0.983	3.50281e-18
0.984	2.18874e-18
0.985	7.74702e-18
0.986	3.32136e-18
0.987	1.66448e-18
0.988	6.80696e-18
0.989	1.93244e-18
0.99	1.37991e-18
0.991	4.56519e-18
0.992	1.65704e-18
0.993	1.18327e-18
0.994	2.5468e-18
0.995	1.38487e-18
0.996	1.52642e-18
0.997	1.23099e-18
0.998	6.25055e-19
0.999	5.34856e-19
1	0
