0	0
0.001	1.67195e+10
0.002	4.82829e+10
0.003	6.90287e+10
0.004	7.59375e+10
0.005	7.63729e+10
0.006	7.50114e+10
0.007	7.34265e+10
0.008	7.1779e+10
0.009	7.02038e+10
0.01	6.86569e+10
0.011	6.71275e+10
0.012	6.56701e+10
0.013	6.42088e+10
0.014	6.28079e+10
0.015	6.14341e+10
0.016	6.00779e+10
0.017	5.87802e+10
0.018	5.74859e+10
0.019	5.62375e+10
0.02	5.50193e+10
0.021	5.38134e+10
0.022	5.2658e+10
0.023	5.1511e+10
0.024	5.03967e+10
0.025	4.93162e+10
0.026	4.82433e+10
0.027	4.72127e+10
0.028	4.61967e+10
0.029	4.52008e+10
0.03	4.42409e+10
0.031	4.32874e+10
0.032	4.23655e+10
0.033	4.14656e+10
0.034	4.05757e+10
0.035	3.97201e+10
0.036	3.88744e+10
0.037	3.80479e+10
0.038	3.72493e+10
0.039	3.64564e+10
0.04	3.56898e+10
0.041	3.49409e+10
0.042	3.42004e+10
0.043	3.34878e+10
0.044	3.27844e+10
0.045	3.20952e+10
0.046	3.14302e+10
0.047	3.07701e+10
0.048	3.01296e+10
0.049	2.95067e+10
0.05	2.88889e+10
0.051	2.82932e+10
0.052	2.77086e+10
0.053	2.71317e+10
0.054	2.65764e+10
0.055	2.60274e+10
0.056	2.54897e+10
0.057	2.49708e+10
0.058	2.44556e+10
0.059	2.39547e+10
0.06	2.34687e+10
0.061	2.29858e+10
0.062	2.2519e+10
0.063	2.20631e+10
0.064	2.16111e+10
0.065	2.11757e+10
0.066	2.07477e+10
0.067	2.0325e+10
0.068	1.99183e+10
0.069	1.95165e+10
0.07	1.91214e+10
0.071	1.8741e+10
0.072	1.83638e+10
0.073	1.79944e+10
0.074	1.76383e+10
0.075	1.72843e+10
0.076	1.6939e+10
0.077	1.66054e+10
0.078	1.62732e+10
0.079	1.59502e+10
0.08	1.56375e+10
0.081	1.53259e+10
0.082	1.50236e+10
0.083	1.47303e+10
0.084	1.4438e+10
0.085	1.41548e+10
0.086	1.38799e+10
0.087	1.36056e+10
0.088	1.33402e+10
0.089	1.30824e+10
0.09	1.28251e+10
0.091	1.25761e+10
0.092	1.23343e+10
0.093	1.20929e+10
0.094	1.18592e+10
0.095	1.16325e+10
0.096	1.14059e+10
0.097	1.11864e+10
0.098	1.09737e+10
0.099	1.07612e+10
0.1	1.05547e+10
0.101	1.03553e+10
0.102	1.01559e+10
0.103	9.96158e+09
0.104	9.7745e+09
0.105	9.58754e+09
0.106	9.40451e+09
0.107	9.22886e+09
0.108	9.05369e+09
0.109	8.8812e+09
0.11	8.71606e+09
0.111	8.55209e+09
0.112	8.38951e+09
0.113	8.234e+09
0.114	8.08061e+09
0.115	7.92749e+09
0.116	7.78071e+09
0.117	7.63724e+09
0.118	7.49325e+09
0.119	7.35441e+09
0.12	7.22009e+09
0.121	7.08502e+09
0.122	6.9535e+09
0.123	6.82742e+09
0.124	6.70109e+09
0.125	6.57648e+09
0.126	6.45765e+09
0.127	6.33978e+09
0.128	6.22197e+09
0.129	6.10941e+09
0.13	5.99946e+09
0.131	5.88861e+09
0.132	5.78155e+09
0.133	5.67864e+09
0.134	5.57496e+09
0.135	5.47303e+09
0.136	5.37605e+09
0.137	5.27955e+09
0.138	5.18287e+09
0.139	5.09068e+09
0.14	5.00089e+09
0.141	4.90999e+09
0.142	4.82183e+09
0.143	4.73769e+09
0.144	4.65304e+09
0.145	4.56888e+09
0.146	4.48906e+09
0.147	4.41059e+09
0.148	4.33107e+09
0.149	4.2545e+09
0.15	4.18128e+09
0.151	4.10722e+09
0.152	4.03376e+09
0.153	3.96428e+09
0.154	3.89585e+09
0.155	3.82631e+09
0.156	3.75939e+09
0.157	3.6956e+09
0.158	3.63104e+09
0.159	3.56664e+09
0.16	3.50583e+09
0.161	3.44635e+09
0.162	3.38562e+09
0.163	3.32667e+09
0.164	3.27098e+09
0.165	3.215e+09
0.166	3.1584e+09
0.167	3.10469e+09
0.168	3.0531e+09
0.169	3.00035e+09
0.17	2.94809e+09
0.171	2.89904e+09
0.172	2.85081e+09
0.173	2.8013e+09
0.174	2.75334e+09
0.175	2.70826e+09
0.176	2.66295e+09
0.177	2.61675e+09
0.178	2.5728e+09
0.179	2.5311e+09
0.18	2.48852e+09
0.181	2.4456e+09
0.182	2.40528e+09
0.183	2.36652e+09
0.184	2.32656e+09
0.185	2.28679e+09
0.186	2.24969e+09
0.187	2.21357e+09
0.188	2.17615e+09
0.189	2.13932e+09
0.19	2.10508e+09
0.191	2.07141e+09
0.192	2.03644e+09
0.193	2.00228e+09
0.194	1.9706e+09
0.195	1.93923e+09
0.196	1.90659e+09
0.197	1.87484e+09
0.198	1.84546e+09
0.199	1.8163e+09
0.2	1.78588e+09
0.201	1.75628e+09
0.202	1.72896e+09
0.203	1.70191e+09
0.204	1.6736e+09
0.205	1.64591e+09
0.206	1.62044e+09
0.207	1.59542e+09
0.208	1.56913e+09
0.209	1.54315e+09
0.21	1.5193e+09
0.211	1.49619e+09
0.212	1.47188e+09
0.213	1.44747e+09
0.214	1.42499e+09
0.215	1.40365e+09
0.216	1.3813e+09
0.217	1.35838e+09
0.218	1.33705e+09
0.219	1.31724e+09
0.22	1.29683e+09
0.221	1.27544e+09
0.222	1.25506e+09
0.223	1.23649e+09
0.224	1.21794e+09
0.225	1.1982e+09
0.226	1.17871e+09
0.227	1.16102e+09
0.228	1.14411e+09
0.229	1.12617e+09
0.23	1.10768e+09
0.231	1.09055e+09
0.232	1.07487e+09
0.233	1.0588e+09
0.234	1.04163e+09
0.235	1.02494e+09
0.236	1.00995e+09
0.237	9.95514e+08
0.238	9.80044e+08
0.239	9.64047e+08
0.24	9.49277e+08
0.241	9.35902e+08
0.242	9.22265e+08
0.243	9.0752e+08
0.244	8.92935e+08
0.245	8.79869e+08
0.246	8.67664e+08
0.247	8.54689e+08
0.248	8.40845e+08
0.249	8.27678e+08
0.25	8.16008e+08
0.251	8.0471e+08
0.252	7.9242e+08
0.253	7.79558e+08
0.254	7.67665e+08
0.255	7.57126e+08
0.256	7.46627e+08
0.257	7.3508e+08
0.258	7.23177e+08
0.259	7.1236e+08
0.26	7.02762e+08
0.261	6.93043e+08
0.262	6.82286e+08
0.263	6.71256e+08
0.264	6.61309e+08
0.265	6.52517e+08
0.266	6.43596e+08
0.267	6.33662e+08
0.268	6.23403e+08
0.269	6.14132e+08
0.27	6.06026e+08
0.271	5.97922e+08
0.272	5.88853e+08
0.273	5.79294e+08
0.274	5.70519e+08
0.275	5.62953e+08
0.276	5.55651e+08
0.277	5.4751e+08
0.278	5.38649e+08
0.279	5.30232e+08
0.28	5.23012e+08
0.281	5.16414e+08
0.282	5.09263e+08
0.283	5.01203e+08
0.284	4.93106e+08
0.285	4.86007e+08
0.286	4.79883e+08
0.287	4.737e+08
0.288	4.66629e+08
0.289	4.58995e+08
0.29	4.51874e+08
0.291	4.45862e+08
0.292	4.40414e+08
0.293	4.34473e+08
0.294	4.27647e+08
0.295	4.20621e+08
0.296	4.14388e+08
0.297	4.09169e+08
0.298	4.04198e+08
0.299	3.98547e+08
0.3	3.92107e+08
0.301	3.8568e+08
0.302	3.80129e+08
0.303	3.7549e+08
0.304	3.70959e+08
0.305	3.65711e+08
0.306	3.59727e+08
0.307	3.53789e+08
0.308	3.48697e+08
0.309	3.4449e+08
0.31	3.40424e+08
0.311	3.35703e+08
0.312	3.30223e+08
0.313	3.24658e+08
0.314	3.19812e+08
0.315	3.15879e+08
0.316	3.1228e+08
0.317	3.08202e+08
0.318	3.03327e+08
0.319	2.981e+08
0.32	2.93321e+08
0.321	2.89441e+08
0.322	2.86185e+08
0.323	2.82803e+08
0.324	2.78709e+08
0.325	2.73964e+08
0.326	2.6921e+08
0.327	2.65128e+08
0.328	2.61892e+08
0.329	2.59041e+08
0.33	2.55858e+08
0.331	2.51935e+08
0.332	2.4748e+08
0.333	2.43139e+08
0.334	2.395e+08
0.335	2.36652e+08
0.336	2.34135e+08
0.337	2.31286e+08
0.338	2.27726e+08
0.339	2.23619e+08
0.34	2.19541e+08
0.341	2.1607e+08
0.342	2.13383e+08
0.343	2.11154e+08
0.344	2.08778e+08
0.345	2.05787e+08
0.346	2.02146e+08
0.347	1.98265e+08
0.348	1.94726e+08
0.349	1.91907e+08
0.35	1.89757e+08
0.351	1.87836e+08
0.352	1.85595e+08
0.353	1.82705e+08
0.354	1.79244e+08
0.355	1.75641e+08
0.356	1.72415e+08
0.357	1.69884e+08
0.358	1.67989e+08
0.359	1.66341e+08
0.36	1.64441e+08
0.361	1.61948e+08
0.362	1.58853e+08
0.363	1.55473e+08
0.364	1.52279e+08
0.365	1.49652e+08
0.366	1.47703e+08
0.367	1.46223e+08
0.368	1.44795e+08
0.369	1.42999e+08
0.37	1.40601e+08
0.371	1.37658e+08
0.372	1.34479e+08
0.373	1.31478e+08
0.374	1.28997e+08
0.375	1.2716e+08
0.376	1.25831e+08
0.377	1.24677e+08
0.378	1.23312e+08
0.379	1.21445e+08
0.38	1.18994e+08
0.381	1.16104e+08
0.382	1.13086e+08
0.383	1.10299e+08
0.384	1.08017e+08
0.385	1.06339e+08
0.386	1.05165e+08
0.387	1.04233e+08
0.388	1.03215e+08
0.389	1.0182e+08
0.39	9.98864e+07
0.391	9.74207e+07
0.392	9.45909e+07
0.393	9.16689e+07
0.394	8.89493e+07
0.395	8.66678e+07
0.396	8.49411e+07
0.397	8.37429e+07
0.398	8.29172e+07
0.399	8.22235e+07
0.4	8.13979e+07
0.401	8.02148e+07
0.402	7.85353e+07
0.403	7.63315e+07
0.404	7.36858e+07
0.405	7.07675e+07
0.406	6.77942e+07
0.407	6.49875e+07
0.408	6.2533e+07
0.409	6.05497e+07
0.41	5.90749e+07
0.411	5.80637e+07
0.412	5.7402e+07
0.413	5.69278e+07
0.414	5.64578e+07
0.415	5.58132e+07
0.416	5.48415e+07
0.417	5.34319e+07
0.418	5.15237e+07
0.419	4.91076e+07
0.42	4.62201e+07
0.421	4.29351e+07
0.422	3.93522e+07
0.423	3.55845e+07
0.424	3.17476e+07
0.425	2.79502e+07
0.426	2.42874e+07
0.427	2.08359e+07
0.428	1.76525e+07
0.429	1.47739e+07
0.43	1.22184e+07
0.431	9.98856e+06
0.432	8.07405e+06
0.433	6.45522e+06
0.434	5.10608e+06
0.435	3.99709e+06
0.436	3.09739e+06
0.437	2.37661e+06
0.438	1.80609e+06
0.439	1.35969e+06
0.44	1.01428e+06
0.441	749880
0.442	549579
0.443	399355
0.444	287780
0.445	205692
0.446	145848
0.447	102609
0.448	71637.8
0.449	49640.5
0.45	34145.5
0.451	23318.2
0.452	15811.7
0.453	10647.4
0.454	7121.08
0.455	4730.82
0.456	3122.24
0.457	2047.33
0.458	1333.97
0.459	863.746
0.46	555.848
0.461	355.547
0.462	226.074
0.463	142.909
0.464	89.8175
0.465	56.1298
0.466	34.8815
0.467	21.5576
0.468	13.2509
0.469	8.10143
0.47	4.92703
0.471	2.9809
0.472	1.79423
0.473	1.07451
0.474	0.640282
0.475	0.379657
0.476	0.224026
0.477	0.131559
0.478	0.0768921
0.479	0.0447314
0.48	0.0259021
0.481	0.0149306
0.482	0.00856765
0.483	0.00489455
0.484	0.00278391
0.485	0.00157655
0.486	0.000888995
0.487	0.000499168
0.488	0.000279109
0.489	0.000155418
0.49	8.61884e-05
0.491	4.76034e-05
0.492	2.61871e-05
0.493	1.43489e-05
0.494	7.83155e-06
0.495	4.2579e-06
0.496	2.30611e-06
0.497	1.24429e-06
0.498	6.68856e-07
0.499	3.58208e-07
0.5	1.91137e-07
0.501	1.0162e-07
0.502	5.38334e-08
0.503	2.84173e-08
0.504	1.49481e-08
0.505	7.8357e-09
0.506	4.0933e-09
0.507	2.13102e-09
0.508	1.1057e-09
0.509	5.71786e-10
0.51	2.94709e-10
0.511	1.51401e-10
0.512	7.7528e-11
0.513	3.95722e-11
0.514	2.01343e-11
0.515	1.0212e-11
0.516	5.16326e-12
0.517	2.60246e-12
0.518	1.30773e-12
0.519	6.55136e-13
0.52	3.27231e-13
0.521	1.62958e-13
0.522	8.09142e-14
0.523	4.00533e-14
0.524	1.97686e-14
0.525	9.72998e-15
0.526	4.77656e-15
0.527	2.34101e-15
0.528	1.14497e-15
0.529	5.59716e-16
0.53	2.73315e-16
0.531	1.33438e-16
0.532	6.5241e-17
0.533	3.20262e-17
0.534	1.58405e-17
0.535	7.89009e-18
0.536	3.99481e-18
0.537	2.03001e-18
0.538	1.04106e-18
0.539	5.55293e-19
0.54	3.34106e-19
0.541	2.27518e-19
0.542	2.2269e-19
0.543	1.69459e-19
0.544	1.53512e-19
0.545	1.68967e-19
0.546	1.57666e-19
0.547	1.5289e-19
0.548	1.65003e-19
0.549	1.99943e-19
0.55	1.88829e-19
0.551	1.60353e-19
0.552	1.62276e-19
0.553	1.50798e-19
0.554	1.45708e-19
0.555	1.16608e-19
0.556	1.18701e-19
0.557	1.2272e-19
0.558	1.4269e-19
0.559	1.44428e-19
0.56	1.6829e-19
0.561	1.16505e-19
0.562	9.39395e-20
0.563	9.77274e-20
0.564	1.28812e-19
0.565	1.50486e-19
0.566	1.95199e-19
0.567	2.53591e-19
0.568	2.91338e-19
0.569	2.65167e-19
0.57	2.79515e-19
0.571	2.56198e-19
0.572	2.66857e-19
0.573	2.59068e-19
0.574	2.247e-19
0.575	2.35373e-19
0.576	2.18552e-19
0.577	2.02966e-19
0.578	2.10743e-19
0.579	2.06752e-19
0.58	2.10196e-19
0.581	2.33659e-19
0.582	2.27735e-19
0.583	2.52677e-19
0.584	2.54047e-19
0.585	2.07284e-19
0.586	2.3819e-19
0.587	1.99243e-19
0.588	1.63501e-19
0.589	1.70207e-19
0.59	1.20861e-19
0.591	9.72863e-20
0.592	8.00825e-20
0.593	4.85697e-20
0.594	4.97232e-20
0.595	5.12377e-20
0.596	6.55181e-20
0.597	9.77805e-20
0.598	1.06539e-19
0.599	1.27403e-19
0.6	1.83126e-19
0.601	1.57595e-19
0.602	1.87409e-19
0.603	2.08762e-19
0.604	1.8002e-19
0.605	1.80098e-19
0.606	1.52399e-19
0.607	1.23973e-19
0.608	1.31754e-19
0.609	9.85784e-20
0.61	9.24918e-20
0.611	1.03705e-19
0.612	7.40785e-20
0.613	9.68926e-20
0.614	1.14401e-19
0.615	9.20046e-20
0.616	1.30014e-19
0.617	1.05268e-19
0.618	7.97266e-20
0.619	1.02084e-19
0.62	8.08172e-20
0.621	8.83954e-20
0.622	9.81456e-20
0.623	9.11267e-20
0.624	1.08179e-19
0.625	8.79253e-20
0.626	9.20614e-20
0.627	1.20748e-19
0.628	1.19765e-19
0.629	1.6052e-19
0.63	1.33819e-19
0.631	1.27382e-19
0.632	1.2845e-19
0.633	1.30821e-19
0.634	1.30073e-19
0.635	1.2299e-19
0.636	1.23556e-19
0.637	1.34903e-19
0.638	1.3257e-19
0.639	1.32291e-19
0.64	1.39701e-19
0.641	1.1392e-19
0.642	9.38478e-20
0.643	8.16221e-20
0.644	6.30674e-20
0.645	8.5767e-20
0.646	1.05033e-19
0.647	9.76718e-20
0.648	1.18133e-19
0.649	9.53019e-20
0.65	8.48595e-20
0.651	6.83482e-20
0.652	5.45855e-20
0.653	7.89663e-20
0.654	9.92283e-20
0.655	6.94036e-20
0.656	9.14067e-20
0.657	1.07508e-19
0.658	1.06303e-19
0.659	1.51166e-19
0.66	1.1428e-19
0.661	1.7486e-19
0.662	1.9603e-19
0.663	1.62088e-19
0.664	2.1268e-19
0.665	1.46681e-19
0.666	1.5405e-19
0.667	1.5957e-19
0.668	6.53118e-20
0.669	1.24429e-19
0.67	1.03066e-19
0.671	5.86532e-20
0.672	1.0234e-19
0.673	7.44412e-20
0.674	1.0385e-19
0.675	1.25401e-19
0.676	7.32527e-20
0.677	1.2095e-19
0.678	1.39635e-19
0.679	1.01644e-19
0.68	1.66697e-19
0.681	1.02143e-19
0.682	1.35002e-19
0.683	1.79173e-19
0.684	9.21359e-20
0.685	1.40488e-19
0.686	1.24539e-19
0.687	1.13297e-19
0.688	1.83021e-19
0.689	1.05668e-19
0.69	1.49563e-19
0.691	1.44645e-19
0.692	1.03902e-19
0.693	1.6427e-19
0.694	8.23896e-20
0.695	1.02962e-19
0.696	9.76575e-20
0.697	6.02036e-20
0.698	1.00856e-19
0.699	6.08113e-20
0.7	5.41925e-20
0.701	6.88414e-20
0.702	4.83194e-20
0.703	8.12434e-20
0.704	9.06743e-20
0.705	9.45221e-20
0.706	1.1573e-19
0.707	8.75788e-20
0.708	8.38676e-20
0.709	7.87128e-20
0.71	8.47808e-20
0.711	9.26871e-20
0.712	1.04167e-19
0.713	7.13425e-20
0.714	9.89103e-20
0.715	8.13467e-20
0.716	8.13004e-20
0.717	9.88677e-20
0.718	6.00005e-20
0.719	6.51679e-20
0.72	7.78662e-20
0.721	5.0265e-20
0.722	6.83934e-20
0.723	8.21402e-20
0.724	4.9412e-20
0.725	1.02602e-19
0.726	7.36171e-20
0.727	6.66742e-20
0.728	7.9779e-20
0.729	5.5193e-20
0.73	6.32807e-20
0.731	7.13178e-20
0.732	6.53398e-20
0.733	8.1532e-20
0.734	9.49464e-20
0.735	8.54206e-20
0.736	8.71628e-20
0.737	9.78314e-20
0.738	8.6748e-20
0.739	8.91457e-20
0.74	8.24069e-20
0.741	6.67733e-20
0.742	9.44429e-20
0.743	7.03411e-20
0.744	6.34363e-20
0.745	6.11381e-20
0.746	4.82724e-20
0.747	5.62045e-20
0.748	4.94113e-20
0.749	3.50498e-20
0.75	3.89387e-20
0.751	3.75357e-20
0.752	4.71362e-20
0.753	4.95327e-20
0.754	7.33396e-20
0.755	7.19707e-20
0.756	6.91409e-20
0.757	7.97869e-20
0.758	7.55625e-20
0.759	8.76822e-20
0.76	9.66606e-20
0.761	8.712e-20
0.762	7.61201e-20
0.763	8.92187e-20
0.764	7.1428e-20
0.765	5.89129e-20
0.766	6.08054e-20
0.767	5.65883e-20
0.768	6.81924e-20
0.769	7.19546e-20
0.77	5.92846e-20
0.771	6.62282e-20
0.772	6.09407e-20
0.773	6.7615e-20
0.774	6.77679e-20
0.775	7.19794e-20
0.776	7.2946e-20
0.777	6.95908e-20
0.778	6.35451e-20
0.779	5.38206e-20
0.78	4.76867e-20
0.781	5.69877e-20
0.782	3.26083e-20
0.783	4.03385e-20
0.784	4.36541e-20
0.785	4.55416e-20
0.786	5.82743e-20
0.787	5.60456e-20
0.788	4.31131e-20
0.789	3.94316e-20
0.79	3.8656e-20
0.791	6.34569e-20
0.792	5.52809e-20
0.793	6.26747e-20
0.794	7.638e-20
0.795	6.36099e-20
0.796	7.94129e-20
0.797	6.46254e-20
0.798	5.91669e-20
0.799	7.82922e-20
0.8	6.53323e-20
0.801	1.1328e-19
0.802	8.91362e-20
0.803	7.54626e-20
0.804	1.22633e-19
0.805	7.8664e-20
0.806	7.93208e-20
0.807	1.05228e-19
0.808	6.06657e-20
0.809	8.0641e-20
0.81	5.21875e-20
0.811	6.84205e-20
0.812	7.13654e-20
0.813	6.85295e-20
0.814	4.90349e-20
0.815	4.87107e-20
0.816	5.68409e-20
0.817	4.76125e-20
0.818	8.2191e-20
0.819	7.60901e-20
0.82	6.13635e-20
0.821	9.81818e-20
0.822	5.58565e-20
0.823	8.41499e-20
0.824	1.23989e-19
0.825	6.17159e-20
0.826	1.19128e-19
0.827	6.62907e-20
0.828	1.20403e-19
0.829	1.02015e-19
0.83	2.96129e-20
0.831	1.20771e-19
0.832	7.29859e-20
0.833	6.92028e-20
0.834	1.08475e-19
0.835	3.53173e-20
0.836	6.03868e-20
0.837	3.84635e-20
0.838	2.96462e-20
0.839	4.81524e-20
0.84	4.84865e-20
0.841	7.73619e-20
0.842	7.10811e-20
0.843	5.47308e-20
0.844	5.34084e-20
0.845	5.90104e-20
0.846	4.02652e-20
0.847	4.71316e-20
0.848	6.44711e-20
0.849	4.43887e-20
0.85	5.47909e-20
0.851	6.40345e-20
0.852	4.10913e-20
0.853	5.7634e-20
0.854	5.22637e-20
0.855	6.58398e-20
0.856	8.86609e-20
0.857	3.91533e-20
0.858	7.46766e-20
0.859	6.46972e-20
0.86	7.47109e-20
0.861	5.2531e-20
0.862	2.51966e-20
0.863	4.17493e-20
0.864	2.58325e-20
0.865	4.10551e-20
0.866	4.05361e-20
0.867	5.49637e-20
0.868	5.25268e-20
0.869	5.24142e-20
0.87	5.14739e-20
0.871	4.87878e-20
0.872	5.6831e-20
0.873	5.80842e-20
0.874	6.22709e-20
0.875	4.51195e-20
0.876	3.45941e-20
0.877	4.20496e-20
0.878	3.64107e-20
0.879	5.7439e-20
0.88	5.40989e-20
0.881	3.97168e-20
0.882	3.64082e-20
0.883	3.66622e-20
0.884	3.60587e-20
0.885	4.44753e-20
0.886	6.01956e-20
0.887	4.86385e-20
0.888	6.38192e-20
0.889	7.23873e-20
0.89	5.69126e-20
0.891	1.1791e-19
0.892	6.02208e-20
0.893	4.34225e-20
0.894	9.26279e-20
0.895	4.66414e-20
0.896	1.1912e-19
0.897	8.81032e-20
0.898	1.06848e-19
0.899	1.50887e-19
0.9	4.31022e-20
0.901	1.22644e-19
0.902	9.50488e-20
0.903	3.64343e-20
0.904	1.55401e-19
0.905	6.72407e-20
0.906	5.3202e-20
0.907	7.73437e-20
0.908	5.09705e-20
0.909	6.19525e-20
0.91	1.06084e-19
0.911	6.09477e-20
0.912	8.42373e-20
0.913	7.16931e-20
0.914	5.62628e-20
0.915	8.8497e-20
0.916	1.13691e-19
0.917	4.96116e-20
0.918	5.13529e-20
0.919	5.88388e-20
0.92	4.48387e-20
0.921	8.33628e-20
0.922	6.07678e-20
0.923	6.63172e-20
0.924	6.03302e-20
0.925	4.57525e-20
0.926	6.40005e-20
0.927	5.44971e-20
0.928	5.5697e-20
0.929	7.42748e-20
0.93	6.27917e-20
0.931	5.60016e-20
0.932	5.25508e-20
0.933	6.30219e-20
0.934	6.34805e-20
0.935	6.53628e-20
0.936	7.50583e-20
0.937	6.26576e-20
0.938	4.36638e-20
0.939	3.60513e-20
0.94	6.25741e-20
0.941	4.82213e-20
0.942	4.32692e-20
0.943	8.44988e-20
0.944	4.85174e-20
0.945	5.23982e-20
0.946	1.32037e-19
0.947	4.78564e-20
0.948	7.71875e-20
0.949	1.08522e-19
0.95	3.5041e-20
0.951	1.20821e-19
0.952	8.61694e-20
0.953	6.50599e-20
0.954	1.56335e-19
0.955	7.25382e-20
0.956	1.13508e-19
0.957	1.36742e-19
0.958	2.45598e-20
0.959	1.30998e-19
0.96	1.43374e-19
0.961	5.52114e-20
0.962	1.53693e-19
0.963	1.05525e-19
0.964	6.73578e-20
0.965	1.60291e-19
0.966	5.82811e-20
0.967	7.54957e-20
0.968	1.2635e-19
0.969	4.73325e-20
0.97	1.41512e-19
0.971	1.31717e-19
0.972	3.78326e-20
0.973	1.11803e-19
0.974	7.85763e-20
0.975	7.90906e-20
0.976	1.40404e-19
0.977	9.3514e-20
0.978	8.86827e-20
0.979	1.51905e-19
0.98	6.21069e-20
0.981	1.37723e-19
0.982	1.81773e-19
0.983	8.98919e-20
0.984	1.12651e-19
0.985	1.11564e-19
0.986	5.39598e-20
0.987	1.68455e-19
0.988	1.03944e-19
0.989	2.86788e-20
0.99	1.18823e-19
0.991	6.84022e-20
0.992	6.90565e-20
0.993	1.57819e-19
0.994	4.3322e-20
0.995	5.56183e-20
0.996	1.30959e-19
0.997	3.65957e-20
0.998	6.48275e-20
0.999	6.38907e-20
1	0
