0	0
0.001	4.95111e+10
0.002	1.42575e+11
0.003	2.03466e+11
0.004	2.23622e+11
0.005	2.24655e+11
0.006	2.20484e+11
0.007	2.15594e+11
0.008	2.10556e+11
0.009	2.0576e+11
0.01	2.00994e+11
0.011	1.9637e+11
0.012	1.91892e+11
0.013	1.87449e+11
0.014	1.83203e+11
0.015	1.78987e+11
0.016	1.74909e+11
0.017	1.7094e+11
0.018	1.6702e+11
0.019	1.63259e+11
0.02	1.59532e+11
0.021	1.55925e+11
0.022	1.52411e+11
0.023	1.48944e+11
0.024	1.45612e+11
0.025	1.42316e+11
0.026	1.39119e+11
0.027	1.3601e+11
0.028	1.32939e+11
0.029	1.29985e+11
0.03	1.2707e+11
0.031	1.24231e+11
0.032	1.21479e+11
0.033	1.18758e+11
0.034	1.16134e+11
0.035	1.13556e+11
0.036	1.11032e+11
0.037	1.08594e+11
0.038	1.06182e+11
0.039	1.03848e+11
0.04	1.01568e+11
0.041	9.93221e+10
0.042	9.71576e+10
0.043	9.50219e+10
0.044	9.29399e+10
0.045	9.09224e+10
0.046	8.89261e+10
0.047	8.69975e+10
0.048	8.51091e+10
0.049	8.32509e+10
0.05	8.14593e+10
0.051	7.96901e+10
0.052	7.79655e+10
0.053	7.62943e+10
0.054	7.46398e+10
0.055	7.30399e+10
0.056	7.1476e+10
0.057	6.99333e+10
0.058	6.84464e+10
0.059	6.6981e+10
0.06	6.5546e+10
0.061	6.41601e+10
0.062	6.27877e+10
0.063	6.14543e+10
0.064	6.0159e+10
0.065	5.88758e+10
0.066	5.76362e+10
0.067	5.64234e+10
0.068	5.52257e+10
0.069	5.40718e+10
0.07	5.29353e+10
0.071	5.18188e+10
0.072	5.07427e+10
0.073	4.96777e+10
0.074	4.86377e+10
0.075	4.76325e+10
0.076	4.66351e+10
0.077	4.56662e+10
0.078	4.4726e+10
0.079	4.37924e+10
0.08	4.28894e+10
0.081	4.20092e+10
0.082	4.11359e+10
0.083	4.02937e+10
0.084	3.94692e+10
0.085	3.86526e+10
0.086	3.78664e+10
0.087	3.7094e+10
0.088	3.63303e+10
0.089	3.5596e+10
0.09	3.48723e+10
0.091	3.41581e+10
0.092	3.34716e+10
0.093	3.27937e+10
0.094	3.21255e+10
0.095	3.14834e+10
0.096	3.08484e+10
0.097	3.02229e+10
0.098	2.96221e+10
0.099	2.90274e+10
0.1	2.84415e+10
0.101	2.78791e+10
0.102	2.73222e+10
0.103	2.67732e+10
0.104	2.62464e+10
0.105	2.57251e+10
0.106	2.52102e+10
0.107	2.47166e+10
0.108	2.42287e+10
0.109	2.37456e+10
0.11	2.32827e+10
0.111	2.28263e+10
0.112	2.23729e+10
0.113	2.19383e+10
0.114	2.15115e+10
0.115	2.1086e+10
0.116	2.06775e+10
0.117	2.02784e+10
0.118	1.98792e+10
0.119	1.94947e+10
0.12	1.91215e+10
0.121	1.87474e+10
0.122	1.83849e+10
0.123	1.80357e+10
0.124	1.76856e+10
0.125	1.73435e+10
0.126	1.7016e+10
0.127	1.6689e+10
0.128	1.63662e+10
0.129	1.60583e+10
0.13	1.57533e+10
0.131	1.5449e+10
0.132	1.51584e+10
0.133	1.48741e+10
0.134	1.45882e+10
0.135	1.43129e+10
0.136	1.40474e+10
0.137	1.378e+10
0.138	1.35187e+10
0.139	1.32696e+10
0.14	1.30206e+10
0.141	1.27731e+10
0.142	1.25377e+10
0.143	1.23063e+10
0.144	1.20731e+10
0.145	1.18493e+10
0.146	1.16336e+10
0.147	1.14157e+10
0.148	1.12022e+10
0.149	1.09996e+10
0.15	1.07974e+10
0.151	1.05948e+10
0.152	1.04021e+10
0.153	1.02148e+10
0.154	1.00246e+10
0.155	9.84001e+09
0.156	9.66468e+09
0.157	9.48844e+09
0.158	9.31224e+09
0.159	9.14543e+09
0.16	8.98271e+09
0.161	8.81705e+09
0.162	8.65649e+09
0.163	8.5044e+09
0.164	8.35135e+09
0.165	8.19764e+09
0.166	8.05225e+09
0.167	7.91133e+09
0.168	7.76734e+09
0.169	7.62663e+09
0.17	7.49424e+09
0.171	7.36208e+09
0.172	7.22776e+09
0.173	7.09986e+09
0.174	6.97792e+09
0.175	6.85354e+09
0.176	6.72951e+09
0.177	6.61316e+09
0.178	6.49966e+09
0.179	6.38297e+09
0.18	6.26925e+09
0.181	6.16283e+09
0.182	6.05655e+09
0.183	5.94766e+09
0.184	5.84368e+09
0.185	5.74569e+09
0.186	5.64601e+09
0.187	5.5449e+09
0.188	5.44977e+09
0.189	5.35906e+09
0.19	5.26566e+09
0.191	5.17205e+09
0.192	5.0848e+09
0.193	5.00058e+09
0.194	4.91326e+09
0.195	4.82666e+09
0.196	4.74638e+09
0.197	4.66812e+09
0.198	4.58665e+09
0.199	4.50646e+09
0.2	4.43237e+09
0.201	4.35971e+09
0.202	4.28384e+09
0.203	4.20941e+09
0.204	4.14084e+09
0.205	4.0735e+09
0.206	4.00297e+09
0.207	3.93367e+09
0.208	3.87002e+09
0.209	3.80776e+09
0.21	3.74234e+09
0.211	3.67762e+09
0.212	3.61829e+09
0.213	3.56086e+09
0.214	3.50039e+09
0.215	3.4398e+09
0.216	3.38419e+09
0.217	3.33125e+09
0.218	3.27566e+09
0.219	3.2189e+09
0.22	3.1664e+09
0.221	3.1175e+09
0.222	3.06673e+09
0.223	3.01375e+09
0.224	2.96383e+09
0.225	2.91829e+09
0.226	2.87222e+09
0.227	2.82321e+09
0.228	2.77554e+09
0.229	2.73252e+09
0.23	2.69075e+09
0.231	2.6461e+09
0.232	2.60075e+09
0.233	2.55936e+09
0.234	2.52108e+09
0.235	2.48106e+09
0.236	2.43864e+09
0.237	2.39834e+09
0.238	2.36225e+09
0.239	2.32663e+09
0.24	2.28811e+09
0.241	2.24913e+09
0.242	2.21389e+09
0.243	2.18152e+09
0.244	2.14758e+09
0.245	2.11113e+09
0.246	2.07613e+09
0.247	2.04513e+09
0.248	2.01531e+09
0.249	1.98294e+09
0.25	1.94908e+09
0.251	1.91789e+09
0.252	1.89021e+09
0.253	1.86238e+09
0.254	1.83177e+09
0.255	1.80066e+09
0.256	1.77275e+09
0.257	1.74771e+09
0.258	1.72173e+09
0.259	1.69307e+09
0.26	1.66452e+09
0.261	1.6393e+09
0.262	1.61651e+09
0.263	1.59243e+09
0.264	1.56579e+09
0.265	1.53946e+09
0.266	1.51639e+09
0.267	1.49559e+09
0.268	1.47354e+09
0.269	1.44896e+09
0.27	1.42447e+09
0.271	1.40303e+09
0.272	1.38402e+09
0.273	1.36412e+09
0.274	1.34167e+09
0.275	1.31874e+09
0.276	1.29843e+09
0.277	1.28088e+09
0.278	1.26319e+09
0.279	1.24305e+09
0.28	1.22161e+09
0.281	1.20198e+09
0.282	1.18538e+09
0.283	1.16972e+09
0.284	1.15216e+09
0.285	1.13249e+09
0.286	1.11333e+09
0.287	1.09697e+09
0.288	1.08276e+09
0.289	1.06788e+09
0.29	1.05061e+09
0.291	1.03225e+09
0.292	1.01557e+09
0.293	1.00172e+09
0.294	9.88985e+08
0.295	9.74715e+08
0.296	9.58216e+08
0.297	9.41431e+08
0.298	9.26817e+08
0.299	9.14747e+08
0.3	9.03166e+08
0.301	8.89762e+08
0.302	8.74335e+08
0.303	8.58945e+08
0.304	8.45786e+08
0.305	8.35003e+08
0.306	8.24591e+08
0.307	8.12401e+08
0.308	7.98211e+08
0.309	7.83888e+08
0.31	7.71568e+08
0.311	7.61649e+08
0.312	7.52461e+08
0.313	7.41844e+08
0.314	7.29121e+08
0.315	7.15665e+08
0.316	7.03621e+08
0.317	6.94005e+08
0.318	6.8584e+08
0.319	6.7705e+08
0.32	6.66251e+08
0.321	6.53894e+08
0.322	6.41838e+08
0.323	6.31787e+08
0.324	6.23901e+08
0.325	6.1671e+08
0.326	6.08323e+08
0.327	5.9792e+08
0.328	5.86359e+08
0.329	5.75469e+08
0.33	5.66639e+08
0.331	5.59787e+08
0.332	5.53465e+08
0.333	5.45944e+08
0.334	5.36474e+08
0.335	5.2578e+08
0.336	5.15514e+08
0.337	5.0708e+08
0.338	5.00684e+08
0.339	4.95228e+08
0.34	4.89074e+08
0.341	4.81139e+08
0.342	4.71571e+08
0.343	4.6162e+08
0.344	4.52814e+08
0.345	4.46008e+08
0.346	4.40878e+08
0.347	4.36155e+08
0.348	4.30402e+08
0.349	4.22859e+08
0.35	4.13854e+08
0.351	4.04583e+08
0.352	3.96413e+08
0.353	3.9013e+08
0.354	3.85534e+08
0.355	3.81577e+08
0.356	3.76937e+08
0.357	3.70702e+08
0.358	3.62815e+08
0.359	3.54068e+08
0.36	3.45689e+08
0.361	3.38739e+08
0.362	3.33623e+08
0.363	3.29929e+08
0.364	3.26641e+08
0.365	3.22611e+08
0.366	3.17059e+08
0.367	3.09888e+08
0.368	3.01698e+08
0.369	2.93509e+08
0.37	2.86343e+08
0.371	2.80824e+08
0.372	2.76955e+08
0.373	2.74146e+08
0.374	2.71452e+08
0.375	2.67922e+08
0.376	2.62929e+08
0.377	2.56368e+08
0.378	2.4866e+08
0.379	2.40597e+08
0.38	2.33073e+08
0.381	2.26808e+08
0.382	2.22144e+08
0.383	2.18966e+08
0.384	2.16757e+08
0.385	2.14757e+08
0.386	2.1218e+08
0.387	2.08406e+08
0.388	2.03132e+08
0.389	1.96415e+08
0.39	1.88644e+08
0.391	1.80427e+08
0.392	1.72451e+08
0.393	1.65334e+08
0.394	1.59506e+08
0.395	1.55147e+08
0.396	1.52163e+08
0.397	1.50232e+08
0.398	1.48865e+08
0.399	1.47503e+08
0.4	1.45599e+08
0.401	1.42695e+08
0.402	1.38476e+08
0.403	1.32788e+08
0.404	1.25642e+08
0.405	1.17192e+08
0.406	1.077e+08
0.407	9.7495e+07
0.408	8.69339e+07
0.409	7.63642e+07
0.41	6.6097e+07
0.411	5.63887e+07
0.412	4.74313e+07
0.413	3.93508e+07
0.414	3.22119e+07
0.415	2.60262e+07
0.416	2.07632e+07
0.417	1.63613e+07
0.418	1.27388e+07
0.419	9.80326e+06
0.42	7.45896e+06
0.421	5.61284e+06
0.422	4.17839e+06
0.423	3.07805e+06
0.424	2.24437e+06
0.425	1.62023e+06
0.426	1.15831e+06
0.427	820232
0.428	575449
0.429	400059
0.43	275662
0.431	188297
0.432	127528
0.433	85652.5
0.434	57057.9
0.435	37705.3
0.436	24721.1
0.437	16083.4
0.438	10384.6
0.439	6655.25
0.44	4234.09
0.441	2674.43
0.442	1677.38
0.443	1044.74
0.444	646.276
0.445	397.103
0.446	242.388
0.447	146.99
0.448	88.5681
0.449	53.0298
0.45	31.5542
0.451	18.6607
0.452	10.9691
0.453	6.40952
0.454	3.72328
0.455	2.15034
0.456	1.23482
0.457	0.705104
0.458	0.400389
0.459	0.226113
0.46	0.127003
0.461	0.0709542
0.462	0.0394318
0.463	0.0217996
0.464	0.0119898
0.465	0.00656088
0.466	0.00357215
0.467	0.00193525
0.468	0.00104331
0.469	0.000559736
0.47	0.000298861
0.471	0.000158816
0.472	8.40014e-05
0.473	4.42247e-05
0.474	2.31768e-05
0.475	1.20914e-05
0.476	6.27986e-06
0.477	3.24713e-06
0.478	1.67165e-06
0.479	8.56855e-07
0.48	4.37326e-07
0.481	2.22259e-07
0.482	1.12484e-07
0.483	5.66911e-08
0.484	2.84546e-08
0.485	1.4224e-08
0.486	7.08175e-09
0.487	3.51177e-09
0.488	1.73459e-09
0.489	8.53431e-10
0.49	4.18274e-10
0.491	2.04214e-10
0.492	9.93259e-11
0.493	4.81287e-11
0.494	2.32341e-11
0.495	1.11749e-11
0.496	5.35504e-12
0.497	2.55701e-12
0.498	1.21659e-12
0.499	5.76793e-13
0.5	2.72516e-13
0.501	1.28308e-13
0.502	6.01984e-14
0.503	2.81529e-14
0.504	1.31272e-14
0.505	6.10306e-15
0.506	2.83031e-15
0.507	1.31022e-15
0.508	6.0415e-16
0.509	2.7669e-16
0.51	1.26263e-16
0.511	5.74371e-17
0.512	2.63927e-17
0.513	1.2119e-17
0.514	5.70701e-18
0.515	2.63506e-18
0.516	1.31664e-18
0.517	7.08027e-19
0.518	4.18155e-19
0.519	3.34964e-19
0.52	2.59272e-19
0.521	2.20127e-19
0.522	1.94592e-19
0.523	1.65717e-19
0.524	1.92419e-19
0.525	1.96965e-19
0.526	2.31616e-19
0.527	2.48394e-19
0.528	2.43854e-19
0.529	2.5445e-19
0.53	2.63827e-19
0.531	2.69423e-19
0.532	2.60355e-19
0.533	1.91152e-19
0.534	2.64608e-19
0.535	1.66247e-19
0.536	2.72235e-19
0.537	2.43921e-19
0.538	2.43004e-19
0.539	3.28969e-19
0.54	2.47219e-19
0.541	3.69817e-19
0.542	3.23215e-19
0.543	1.73869e-19
0.544	2.02919e-19
0.545	2.22326e-19
0.546	2.09911e-19
0.547	2.47122e-19
0.548	2.66056e-19
0.549	2.77326e-19
0.55	2.91526e-19
0.551	1.90589e-19
0.552	2.17496e-19
0.553	1.84909e-19
0.554	1.95048e-19
0.555	1.95882e-19
0.556	1.33694e-19
0.557	1.37331e-19
0.558	1.54682e-19
0.559	1.77497e-19
0.56	2.44194e-19
0.561	3.03539e-19
0.562	2.42174e-19
0.563	2.40046e-19
0.564	2.15902e-19
0.565	2.47993e-19
0.566	2.27156e-19
0.567	2.11004e-19
0.568	2.59429e-19
0.569	2.32486e-19
0.57	3.59114e-19
0.571	2.86443e-19
0.572	2.56482e-19
0.573	3.95199e-19
0.574	2.23528e-19
0.575	3.48919e-19
0.576	2.32411e-19
0.577	2.08648e-19
0.578	2.94124e-19
0.579	2.0921e-19
0.58	3.79643e-19
0.581	3.34454e-19
0.582	2.92443e-19
0.583	3.49945e-19
0.584	1.97618e-19
0.585	2.18638e-19
0.586	1.6986e-19
0.587	1.7219e-19
0.588	1.87354e-19
0.589	1.47923e-19
0.59	1.35719e-19
0.591	1.40319e-19
0.592	1.08591e-19
0.593	1.14163e-19
0.594	9.18961e-20
0.595	1.03243e-19
0.596	1.64476e-19
0.597	1.87347e-19
0.598	1.70843e-19
0.599	1.33777e-19
0.6	1.74526e-19
0.601	1.80036e-19
0.602	1.62545e-19
0.603	1.81141e-19
0.604	2.03875e-19
0.605	1.51135e-19
0.606	1.62012e-19
0.607	1.38744e-19
0.608	1.83136e-19
0.609	2.93602e-19
0.61	1.5712e-19
0.611	3.13274e-19
0.612	2.24787e-19
0.613	2.41642e-19
0.614	3.52976e-19
0.615	1.84144e-19
0.616	2.82845e-19
0.617	1.87597e-19
0.618	1.20498e-19
0.619	2.10588e-19
0.62	1.25841e-19
0.621	1.94481e-19
0.622	1.93648e-19
0.623	1.05334e-19
0.624	1.56622e-19
0.625	1.33506e-19
0.626	1.19523e-19
0.627	1.57796e-19
0.628	2.03586e-19
0.629	2.07587e-19
0.63	1.91799e-19
0.631	1.83162e-19
0.632	1.85054e-19
0.633	1.89379e-19
0.634	1.92386e-19
0.635	2.04562e-19
0.636	2.35551e-19
0.637	2.99054e-19
0.638	3.3665e-19
0.639	2.28549e-19
0.64	2.24406e-19
0.641	2.54742e-19
0.642	2.28562e-19
0.643	1.64926e-19
0.644	1.41406e-19
0.645	1.35554e-19
0.646	1.37062e-19
0.647	1.80196e-19
0.648	1.36676e-19
0.649	1.56969e-19
0.65	1.40643e-19
0.651	1.33488e-19
0.652	1.46684e-19
0.653	1.62241e-19
0.654	3.24508e-19
0.655	2.23505e-19
0.656	2.55872e-19
0.657	2.08945e-19
0.658	1.76292e-19
0.659	2.28313e-19
0.66	1.76229e-19
0.661	2.98787e-19
0.662	2.98751e-19
0.663	2.37932e-19
0.664	3.26923e-19
0.665	2.58009e-19
0.666	2.1593e-19
0.667	2.42749e-19
0.668	1.05789e-19
0.669	1.96539e-19
0.67	2.31927e-19
0.671	1.23894e-19
0.672	2.32332e-19
0.673	1.55503e-19
0.674	1.96418e-19
0.675	2.32617e-19
0.676	9.94707e-20
0.677	1.64978e-19
0.678	1.3048e-19
0.679	1.06824e-19
0.68	1.95393e-19
0.681	1.71311e-19
0.682	1.92553e-19
0.683	2.23589e-19
0.684	1.72796e-19
0.685	1.57012e-19
0.686	1.35523e-19
0.687	1.63243e-19
0.688	1.49487e-19
0.689	1.52339e-19
0.69	2.08376e-19
0.691	1.76546e-19
0.692	1.71514e-19
0.693	1.71047e-19
0.694	1.69614e-19
0.695	1.2847e-19
0.696	1.24353e-19
0.697	1.28422e-19
0.698	1.41815e-19
0.699	1.22067e-19
0.7	1.48161e-19
0.701	1.35094e-19
0.702	1.20308e-19
0.703	1.52885e-19
0.704	1.20451e-19
0.705	1.56909e-19
0.706	1.40794e-19
0.707	1.30387e-19
0.708	1.44213e-19
0.709	1.53134e-19
0.71	2.00913e-19
0.711	2.27238e-19
0.712	1.65302e-19
0.713	1.77555e-19
0.714	1.21634e-19
0.715	2.13596e-19
0.716	1.47994e-19
0.717	9.2908e-20
0.718	1.20279e-19
0.719	1.1031e-19
0.72	9.45239e-20
0.721	1.03939e-19
0.722	9.75039e-20
0.723	1.10544e-19
0.724	1.00872e-19
0.725	1.04541e-19
0.726	1.13668e-19
0.727	1.40772e-19
0.728	1.20535e-19
0.729	1.61172e-19
0.73	1.52712e-19
0.731	1.9057e-19
0.732	1.72957e-19
0.733	1.44794e-19
0.734	1.94205e-19
0.735	1.52493e-19
0.736	1.62845e-19
0.737	1.76075e-19
0.738	1.53379e-19
0.739	1.641e-19
0.74	1.67366e-19
0.741	8.75043e-20
0.742	1.21046e-19
0.743	1.28386e-19
0.744	1.1301e-19
0.745	1.27054e-19
0.746	9.3948e-20
0.747	1.41962e-19
0.748	9.52033e-20
0.749	1.2036e-19
0.75	8.55382e-20
0.751	9.52355e-20
0.752	8.12766e-20
0.753	8.09552e-20
0.754	9.84468e-20
0.755	8.91413e-20
0.756	1.03062e-19
0.757	1.31056e-19
0.758	1.18611e-19
0.759	1.01143e-19
0.76	1.13014e-19
0.761	1.32477e-19
0.762	1.25469e-19
0.763	1.72766e-19
0.764	1.453e-19
0.765	1.66923e-19
0.766	1.96117e-19
0.767	1.22096e-19
0.768	1.29642e-19
0.769	1.65671e-19
0.77	1.58942e-19
0.771	1.28758e-19
0.772	1.7124e-19
0.773	1.01732e-19
0.774	1.89284e-19
0.775	2.69976e-19
0.776	1.39097e-19
0.777	1.02869e-19
0.778	1.22219e-19
0.779	9.42042e-20
0.78	1.35033e-19
0.781	1.34024e-19
0.782	8.92265e-20
0.783	1.09137e-19
0.784	1.29273e-19
0.785	9.5171e-20
0.786	1.53669e-19
0.787	1.15263e-19
0.788	1.00187e-19
0.789	8.32839e-20
0.79	8.11746e-20
0.791	1.25862e-19
0.792	1.02175e-19
0.793	1.18419e-19
0.794	1.18913e-19
0.795	1.60345e-19
0.796	1.39054e-19
0.797	1.7691e-19
0.798	1.6729e-19
0.799	1.92758e-19
0.8	1.78118e-19
0.801	1.43619e-19
0.802	1.87276e-19
0.803	2.00308e-19
0.804	2.01342e-19
0.805	1.39974e-19
0.806	1.28998e-19
0.807	1.55922e-19
0.808	1.85165e-19
0.809	1.79923e-19
0.81	1.60374e-19
0.811	1.57063e-19
0.812	2.12516e-19
0.813	2.19023e-19
0.814	1.50476e-19
0.815	1.3369e-19
0.816	1.33372e-19
0.817	1.09874e-19
0.818	1.86775e-19
0.819	1.19039e-19
0.82	1.44763e-19
0.821	1.32753e-19
0.822	1.15326e-19
0.823	1.5138e-19
0.824	1.3276e-19
0.825	9.23762e-20
0.826	1.22808e-19
0.827	1.01651e-19
0.828	1.06534e-19
0.829	1.28811e-19
0.83	1.25579e-19
0.831	1.37374e-19
0.832	1.13846e-19
0.833	1.22337e-19
0.834	8.83003e-20
0.835	8.25533e-20
0.836	5.42514e-20
0.837	7.12104e-20
0.838	6.96195e-20
0.839	1.05702e-19
0.84	1.32893e-19
0.841	1.43507e-19
0.842	1.59459e-19
0.843	1.18367e-19
0.844	1.76004e-19
0.845	1.47625e-19
0.846	1.19423e-19
0.847	1.51031e-19
0.848	1.19838e-19
0.849	9.91183e-20
0.85	1.2024e-19
0.851	9.53076e-20
0.852	1.06233e-19
0.853	1.11424e-19
0.854	9.84255e-20
0.855	1.12223e-19
0.856	1.11681e-19
0.857	1.00505e-19
0.858	1.1315e-19
0.859	1.08478e-19
0.86	1.80296e-19
0.861	1.25969e-19
0.862	1.19178e-19
0.863	1.38657e-19
0.864	7.43763e-20
0.865	1.28233e-19
0.866	1.03044e-19
0.867	1.03749e-19
0.868	1.91896e-19
0.869	1.97907e-19
0.87	1.24061e-19
0.871	1.70245e-19
0.872	9.20696e-20
0.873	1.25585e-19
0.874	1.61292e-19
0.875	1.00014e-19
0.876	1.38836e-19
0.877	9.55324e-20
0.878	1.0122e-19
0.879	1.21935e-19
0.88	7.51368e-20
0.881	1.19837e-19
0.882	8.77956e-20
0.883	1.13702e-19
0.884	6.90091e-20
0.885	9.05617e-20
0.886	1.02344e-19
0.887	9.68642e-20
0.888	1.19168e-19
0.889	1.25166e-19
0.89	1.22641e-19
0.891	1.33896e-19
0.892	1.0425e-19
0.893	8.56519e-20
0.894	1.1925e-19
0.895	6.36529e-20
0.896	1.39252e-19
0.897	1.41199e-19
0.898	1.04897e-19
0.899	1.75255e-19
0.9	8.60034e-20
0.901	1.21798e-19
0.902	1.91285e-19
0.903	7.47822e-20
0.904	1.74514e-19
0.905	2.49625e-19
0.906	8.47673e-20
0.907	3.02262e-19
0.908	1.79539e-19
0.909	2.62973e-19
0.91	3.61448e-19
0.911	1.81901e-19
0.912	2.14434e-19
0.913	2.2704e-19
0.914	1.36954e-19
0.915	3.32031e-19
0.916	2.22658e-19
0.917	1.97957e-19
0.918	2.26236e-19
0.919	1.6196e-19
0.92	1.97355e-19
0.921	2.1716e-19
0.922	1.66576e-19
0.923	1.73423e-19
0.924	1.85132e-19
0.925	1.41457e-19
0.926	1.62323e-19
0.927	1.17568e-19
0.928	1.26929e-19
0.929	1.11057e-19
0.93	1.06631e-19
0.931	1.70706e-19
0.932	8.50842e-20
0.933	1.27194e-19
0.934	1.06897e-19
0.935	1.18378e-19
0.936	1.28274e-19
0.937	1.04675e-19
0.938	8.43881e-20
0.939	1.14699e-19
0.94	1.22116e-19
0.941	1.1474e-19
0.942	1.13428e-19
0.943	1.38715e-19
0.944	6.39612e-20
0.945	1.56766e-19
0.946	2.19331e-19
0.947	1.21767e-19
0.948	1.9724e-19
0.949	1.6566e-19
0.95	8.49652e-20
0.951	2.1248e-19
0.952	1.35038e-19
0.953	1.28468e-19
0.954	1.95113e-19
0.955	1.07636e-19
0.956	1.8813e-19
0.957	1.68871e-19
0.958	1.11199e-19
0.959	2.04638e-19
0.96	2.38577e-19
0.961	9.65908e-20
0.962	1.87974e-19
0.963	1.19183e-19
0.964	1.53979e-19
0.965	1.7158e-19
0.966	1.52499e-19
0.967	1.41479e-19
0.968	9.90544e-20
0.969	1.42382e-19
0.97	2.01665e-19
0.971	1.26203e-19
0.972	1.79971e-19
0.973	2.09535e-19
0.974	1.44231e-19
0.975	2.75968e-19
0.976	1.92974e-19
0.977	1.15831e-19
0.978	1.87867e-19
0.979	1.58071e-19
0.98	1.69368e-19
0.981	2.18398e-19
0.982	1.96537e-19
0.983	1.5427e-19
0.984	1.41497e-19
0.985	1.51131e-19
0.986	1.8418e-19
0.987	1.43222e-19
0.988	2.25833e-19
0.989	2.24189e-19
0.99	1.54804e-19
0.991	1.61764e-19
0.992	1.41605e-19
0.993	1.36144e-19
0.994	1.35896e-19
0.995	1.31632e-19
0.996	1.03159e-19
0.997	8.77706e-20
0.998	1.10155e-19
0.999	7.50444e-20
1	0
