0	0
0.001	2.72251e+11
0.002	7.81195e+11
0.003	1.11222e+12
0.004	1.22063e+12
0.005	1.22437e+12
0.006	1.20021e+12
0.007	1.17167e+12
0.008	1.14281e+12
0.009	1.11513e+12
0.01	1.08763e+12
0.011	1.06129e+12
0.012	1.03535e+12
0.013	1.01015e+12
0.014	9.85724e+11
0.015	9.61657e+11
0.016	9.38541e+11
0.017	9.15705e+11
0.018	8.93668e+11
0.019	8.72126e+11
0.02	8.51051e+11
0.021	8.30711e+11
0.022	8.10643e+11
0.023	7.91304e+11
0.024	7.72327e+11
0.025	7.53839e+11
0.026	7.35928e+11
0.027	7.18288e+11
0.028	7.01285e+11
0.029	6.84574e+11
0.03	6.68324e+11
0.031	6.52548e+11
0.032	6.37029e+11
0.033	6.2206e+11
0.034	6.07344e+11
0.035	5.93036e+11
0.036	5.79139e+11
0.037	5.65469e+11
0.038	5.52277e+11
0.039	5.39314e+11
0.04	5.26697e+11
0.041	5.14452e+11
0.042	5.02398e+11
0.043	4.90759e+11
0.044	4.79338e+11
0.045	4.68193e+11
0.046	4.574e+11
0.047	4.46764e+11
0.048	4.36479e+11
0.049	4.26417e+11
0.05	4.1656e+11
0.051	4.07036e+11
0.052	3.97651e+11
0.053	3.88545e+11
0.054	3.7968e+11
0.055	3.70956e+11
0.056	3.62535e+11
0.057	3.5426e+11
0.058	3.46182e+11
0.059	3.38362e+11
0.06	3.30647e+11
0.061	3.23178e+11
0.062	3.15888e+11
0.063	3.08718e+11
0.064	3.01799e+11
0.065	2.94992e+11
0.066	2.88347e+11
0.067	2.81917e+11
0.068	2.75566e+11
0.069	2.69415e+11
0.07	2.63419e+11
0.071	2.57508e+11
0.072	2.51806e+11
0.073	2.46206e+11
0.074	2.40718e+11
0.075	2.35421e+11
0.076	2.3019e+11
0.077	2.251e+11
0.078	2.20166e+11
0.079	2.15286e+11
0.08	2.10565e+11
0.081	2.05961e+11
0.082	2.01415e+11
0.083	1.97031e+11
0.084	1.9273e+11
0.085	1.885e+11
0.086	1.84425e+11
0.087	1.80406e+11
0.088	1.76472e+11
0.089	1.72678e+11
0.09	1.68923e+11
0.091	1.65266e+11
0.092	1.61729e+11
0.093	1.58222e+11
0.094	1.54821e+11
0.095	1.51521e+11
0.096	1.48247e+11
0.097	1.45083e+11
0.098	1.42001e+11
0.099	1.38945e+11
0.1	1.35999e+11
0.101	1.33121e+11
0.102	1.30269e+11
0.103	1.27524e+11
0.104	1.24835e+11
0.105	1.22173e+11
0.106	1.19614e+11
0.107	1.17103e+11
0.108	1.14617e+11
0.109	1.1223e+11
0.11	1.09884e+11
0.111	1.07562e+11
0.112	1.05334e+11
0.113	1.03143e+11
0.114	1.00973e+11
0.115	9.88914e+10
0.116	9.68464e+10
0.117	9.48177e+10
0.118	9.28716e+10
0.119	9.0963e+10
0.12	8.90656e+10
0.121	8.72448e+10
0.122	8.54639e+10
0.123	8.3689e+10
0.124	8.19835e+10
0.125	8.03222e+10
0.126	7.86623e+10
0.127	7.70628e+10
0.128	7.55129e+10
0.129	7.39615e+10
0.13	7.24593e+10
0.131	7.10126e+10
0.132	6.95643e+10
0.133	6.8152e+10
0.134	6.67997e+10
0.135	6.54497e+10
0.136	6.41212e+10
0.137	6.28543e+10
0.138	6.15979e+10
0.139	6.0349e+10
0.14	5.91582e+10
0.141	5.79899e+10
0.142	5.68185e+10
0.143	5.56953e+10
0.144	5.46082e+10
0.145	5.35134e+10
0.146	5.24512e+10
0.147	5.14362e+10
0.148	5.04179e+10
0.149	4.94132e+10
0.15	4.84596e+10
0.151	4.75157e+10
0.152	4.65691e+10
0.153	4.56667e+10
0.154	4.47914e+10
0.155	4.39061e+10
0.156	4.30479e+10
0.157	4.22312e+10
0.158	4.14103e+10
0.159	4.05953e+10
0.16	3.98243e+10
0.161	3.90666e+10
0.162	3.82996e+10
0.163	3.75641e+10
0.164	3.68611e+10
0.165	3.61491e+10
0.166	3.54462e+10
0.167	3.47837e+10
0.168	3.4129e+10
0.169	3.34648e+10
0.17	3.28302e+10
0.171	3.22246e+10
0.172	3.16093e+10
0.173	3.09998e+10
0.174	3.04273e+10
0.175	2.9864e+10
0.176	2.9289e+10
0.177	2.87365e+10
0.178	2.82145e+10
0.179	2.76859e+10
0.18	2.71548e+10
0.181	2.66556e+10
0.182	2.61731e+10
0.183	2.56775e+10
0.184	2.5192e+10
0.185	2.47387e+10
0.186	2.42886e+10
0.187	2.38269e+10
0.188	2.33853e+10
0.189	2.29705e+10
0.19	2.25492e+10
0.191	2.21218e+10
0.192	2.17204e+10
0.193	2.13379e+10
0.194	2.09439e+10
0.195	2.055e+10
0.196	2.01842e+10
0.197	1.983e+10
0.198	1.94624e+10
0.199	1.91001e+10
0.2	1.87654e+10
0.201	1.84369e+10
0.202	1.80948e+10
0.203	1.77613e+10
0.204	1.74541e+10
0.205	1.71497e+10
0.206	1.68319e+10
0.207	1.65242e+10
0.208	1.62414e+10
0.209	1.59599e+10
0.21	1.56651e+10
0.211	1.53802e+10
0.212	1.51192e+10
0.213	1.48596e+10
0.214	1.45867e+10
0.215	1.43217e+10
0.216	1.40801e+10
0.217	1.38416e+10
0.218	1.35895e+10
0.219	1.3342e+10
0.22	1.31172e+10
0.221	1.28988e+10
0.222	1.2667e+10
0.223	1.24353e+10
0.224	1.22245e+10
0.225	1.20245e+10
0.226	1.18131e+10
0.227	1.15962e+10
0.228	1.13966e+10
0.229	1.12127e+10
0.23	1.10217e+10
0.231	1.08201e+10
0.232	1.06294e+10
0.233	1.04579e+10
0.234	1.02865e+10
0.235	1.0102e+10
0.236	9.91946e+09
0.237	9.75603e+09
0.238	9.60159e+09
0.239	9.43633e+09
0.24	9.26383e+09
0.241	9.1046e+09
0.242	8.96185e+09
0.243	8.81646e+09
0.244	8.65844e+09
0.245	8.50276e+09
0.246	8.36479e+09
0.247	8.23569e+09
0.248	8.09682e+09
0.249	7.94911e+09
0.25	7.81117e+09
0.251	7.68999e+09
0.252	7.57039e+09
0.253	7.43855e+09
0.254	7.30287e+09
0.255	7.18082e+09
0.256	7.07256e+09
0.257	6.96102e+09
0.258	6.83729e+09
0.259	6.71344e+09
0.26	6.60451e+09
0.261	6.50673e+09
0.262	6.40327e+09
0.263	6.28828e+09
0.264	6.17485e+09
0.265	6.07631e+09
0.266	5.98768e+09
0.267	5.89289e+09
0.268	5.78683e+09
0.269	5.68202e+09
0.27	5.59135e+09
0.271	5.51094e+09
0.272	5.42552e+09
0.273	5.32867e+09
0.274	5.23086e+09
0.275	5.14562e+09
0.276	5.07215e+09
0.277	4.99663e+09
0.278	4.90978e+09
0.279	4.81827e+09
0.28	4.7361e+09
0.281	4.66733e+09
0.282	4.60136e+09
0.283	4.52591e+09
0.284	4.44166e+09
0.285	4.3611e+09
0.286	4.29366e+09
0.287	4.23487e+09
0.288	4.17178e+09
0.289	4.09779e+09
0.29	4.01989e+09
0.291	3.95057e+09
0.292	3.89388e+09
0.293	3.84122e+09
0.294	3.78089e+09
0.295	3.71064e+09
0.296	3.63981e+09
0.297	3.57924e+09
0.298	3.53e+09
0.299	3.4825e+09
0.3	3.42646e+09
0.301	3.36125e+09
0.302	3.29622e+09
0.303	3.24128e+09
0.304	3.19724e+09
0.305	3.15523e+09
0.306	3.10538e+09
0.307	3.04608e+09
0.308	2.98526e+09
0.309	2.93283e+09
0.31	2.89165e+09
0.311	2.85513e+09
0.312	2.81332e+09
0.313	2.76165e+09
0.314	2.70477e+09
0.315	2.65228e+09
0.316	2.6105e+09
0.317	2.57733e+09
0.318	2.54415e+09
0.319	2.50302e+09
0.32	2.45295e+09
0.321	2.40054e+09
0.322	2.35455e+09
0.323	2.31913e+09
0.324	2.29082e+09
0.325	2.26131e+09
0.326	2.22373e+09
0.327	2.17756e+09
0.328	2.12881e+09
0.329	2.08556e+09
0.33	2.05232e+09
0.331	2.02701e+09
0.332	2.0026e+09
0.333	1.97188e+09
0.334	1.9322e+09
0.335	1.88696e+09
0.336	1.8433e+09
0.337	1.80754e+09
0.338	1.78131e+09
0.339	1.76077e+09
0.34	1.73904e+09
0.341	1.71028e+09
0.342	1.67294e+09
0.343	1.63051e+09
0.344	1.5894e+09
0.345	1.55537e+09
0.346	1.53054e+09
0.347	1.51241e+09
0.348	1.49533e+09
0.349	1.47336e+09
0.35	1.44323e+09
0.351	1.40571e+09
0.352	1.36515e+09
0.353	1.32729e+09
0.354	1.29669e+09
0.355	1.27478e+09
0.356	1.25939e+09
0.357	1.2458e+09
0.358	1.22875e+09
0.359	1.20455e+09
0.36	1.1724e+09
0.361	1.13454e+09
0.362	1.09531e+09
0.363	1.05947e+09
0.364	1.0306e+09
0.365	1.00991e+09
0.366	9.96008e+08
0.367	9.8546e+08
0.368	9.73947e+08
0.369	9.57573e+08
0.37	9.33936e+08
0.371	9.02693e+08
0.372	8.65513e+08
0.373	8.25526e+08
0.374	7.86453e+08
0.375	7.517e+08
0.376	7.23608e+08
0.377	7.03031e+08
0.378	6.8927e+08
0.379	6.80326e+08
0.38	6.73375e+08
0.381	6.65329e+08
0.382	6.53364e+08
0.383	6.35329e+08
0.384	6.09988e+08
0.385	5.77083e+08
0.386	5.37242e+08
0.387	4.91791e+08
0.388	4.425e+08
0.389	3.91324e+08
0.39	3.40181e+08
0.391	2.90769e+08
0.392	2.44458e+08
0.393	2.02233e+08
0.394	1.64694e+08
0.395	1.32091e+08
0.396	1.04382e+08
0.397	8.13053e+07
0.398	6.24508e+07
0.399	4.73211e+07
0.4	3.53864e+07
0.401	2.61242e+07
0.402	1.9047e+07
0.403	1.37192e+07
0.404	9.76539e+06
0.405	6.87131e+06
0.406	4.78082e+06
0.407	3.29e+06
0.408	2.23993e+06
0.409	1.50912e+06
0.41	1.00639e+06
0.411	664444
0.412	434404
0.413	281295
0.414	180446
0.415	114691
0.416	72242.1
0.417	45102.6
0.418	27914.8
0.419	17130.1
0.42	10424.2
0.421	6291.36
0.422	3766.43
0.423	2236.96
0.424	1318.21
0.425	770.838
0.426	447.352
0.427	257.687
0.428	147.348
0.429	83.6475
0.43	47.148
0.431	26.3888
0.432	14.6679
0.433	8.09751
0.434	4.44027
0.435	2.4187
0.436	1.30891
0.437	0.703764
0.438	0.375988
0.439	0.199612
0.44	0.105317
0.441	0.0552258
0.442	0.0287842
0.443	0.014913
0.444	0.00768079
0.445	0.00393286
0.446	0.00200218
0.447	0.00101349
0.448	0.000510134
0.449	0.000255345
0.45	0.000127109
0.451	6.29299e-05
0.452	3.09882e-05
0.453	1.51782e-05
0.454	7.39525e-06
0.455	3.58443e-06
0.456	1.7284e-06
0.457	8.29188e-07
0.458	3.95791e-07
0.459	1.87978e-07
0.46	8.88377e-08
0.461	4.17793e-08
0.462	1.95532e-08
0.463	9.10731e-09
0.464	4.22179e-09
0.465	1.94786e-09
0.466	8.94527e-10
0.467	4.08905e-10
0.468	1.86067e-10
0.469	8.4283e-11
0.47	3.80067e-11
0.471	1.70625e-11
0.472	7.62622e-12
0.473	3.39354e-12
0.474	1.50347e-12
0.475	6.6307e-13
0.476	2.91084e-13
0.477	1.27189e-13
0.478	5.53446e-14
0.479	2.39888e-14
0.48	1.03594e-14
0.481	4.45717e-15
0.482	1.9067e-15
0.483	8.14961e-16
0.484	3.47147e-16
0.485	1.46998e-16
0.486	6.19623e-17
0.487	2.5899e-17
0.488	1.04601e-17
0.489	4.53424e-18
0.49	2.20242e-18
0.491	1.60226e-18
0.492	1.13422e-18
0.493	1.10784e-18
0.494	9.23183e-19
0.495	9.14707e-19
0.496	1.01742e-18
0.497	8.00117e-19
0.498	7.46708e-19
0.499	1.09856e-18
0.5	1.02923e-18
0.501	1.32097e-18
0.502	1.27295e-18
0.503	1.4565e-18
0.504	1.37052e-18
0.505	1.30558e-18
0.506	1.36919e-18
0.507	1.16876e-18
0.508	1.18592e-18
0.509	1.12535e-18
0.51	1.12228e-18
0.511	8.97133e-19
0.512	7.86572e-19
0.513	7.02942e-19
0.514	7.90685e-19
0.515	8.44242e-19
0.516	7.46091e-19
0.517	7.10576e-19
0.518	7.66189e-19
0.519	6.87727e-19
0.52	6.60296e-19
0.521	5.63291e-19
0.522	4.80701e-19
0.523	5.49857e-19
0.524	7.0622e-19
0.525	4.37284e-19
0.526	6.82982e-19
0.527	6.53365e-19
0.528	8.51776e-19
0.529	7.35594e-19
0.53	7.22799e-19
0.531	9.92895e-19
0.532	7.91978e-19
0.533	6.71506e-19
0.534	8.01857e-19
0.535	6.85147e-19
0.536	7.66627e-19
0.537	9.66573e-19
0.538	1.15184e-18
0.539	1.13636e-18
0.54	8.63404e-19
0.541	9.2286e-19
0.542	6.90211e-19
0.543	7.16074e-19
0.544	5.89499e-19
0.545	5.96648e-19
0.546	7.22757e-19
0.547	8.91397e-19
0.548	1.11395e-18
0.549	9.12455e-19
0.55	9.96403e-19
0.551	8.72449e-19
0.552	1.0184e-18
0.553	8.69058e-19
0.554	9.21873e-19
0.555	8.16062e-19
0.556	6.31407e-19
0.557	4.77871e-19
0.558	5.29504e-19
0.559	6.97345e-19
0.56	6.19284e-19
0.561	6.76455e-19
0.562	6.77647e-19
0.563	5.74081e-19
0.564	6.68028e-19
0.565	7.89501e-19
0.566	8.63001e-19
0.567	8.93646e-19
0.568	1.17516e-18
0.569	9.9568e-19
0.57	1.28176e-18
0.571	8.47359e-19
0.572	6.9854e-19
0.573	9.28962e-19
0.574	7.41157e-19
0.575	7.9785e-19
0.576	7.80153e-19
0.577	7.83381e-19
0.578	1.09198e-18
0.579	6.33101e-19
0.58	7.08259e-19
0.581	7.29578e-19
0.582	9.16603e-19
0.583	8.40888e-19
0.584	5.63208e-19
0.585	4.04546e-19
0.586	4.5627e-19
0.587	5.37834e-19
0.588	7.41975e-19
0.589	5.29159e-19
0.59	3.48683e-19
0.591	5.10782e-19
0.592	7.6538e-19
0.593	6.50107e-19
0.594	3.8137e-19
0.595	3.66531e-19
0.596	5.52589e-19
0.597	7.25535e-19
0.598	5.1535e-19
0.599	4.47237e-19
0.6	5.34467e-19
0.601	5.63065e-19
0.602	7.32113e-19
0.603	6.60791e-19
0.604	5.2127e-19
0.605	5.67902e-19
0.606	6.81403e-19
0.607	4.60238e-19
0.608	5.67377e-19
0.609	4.49487e-19
0.61	5.30788e-19
0.611	6.9555e-19
0.612	5.13369e-19
0.613	7.83952e-19
0.614	6.25311e-19
0.615	3.28002e-19
0.616	7.71408e-19
0.617	8.91045e-19
0.618	3.37791e-19
0.619	3.71361e-19
0.62	5.48883e-19
0.621	2.82211e-19
0.622	3.39097e-19
0.623	3.75926e-19
0.624	4.55325e-19
0.625	4.48877e-19
0.626	3.00897e-19
0.627	4.30494e-19
0.628	6.66254e-19
0.629	7.61545e-19
0.63	5.99703e-19
0.631	6.64125e-19
0.632	6.93101e-19
0.633	6.82461e-19
0.634	5.8013e-19
0.635	7.61769e-19
0.636	8.13644e-19
0.637	6.58415e-19
0.638	5.43161e-19
0.639	6.11765e-19
0.64	6.60156e-19
0.641	6.96716e-19
0.642	7.11786e-19
0.643	6.42461e-19
0.644	7.94536e-19
0.645	5.99891e-19
0.646	3.49419e-19
0.647	5.09891e-19
0.648	4.84714e-19
0.649	3.07305e-19
0.65	3.18852e-19
0.651	3.68243e-19
0.652	3.99744e-19
0.653	5.17047e-19
0.654	6.36494e-19
0.655	7.19447e-19
0.656	7.12548e-19
0.657	5.89e-19
0.658	3.27812e-19
0.659	4.4408e-19
0.66	7.59035e-19
0.661	7.44662e-19
0.662	9.4619e-19
0.663	5.18234e-19
0.664	6.12582e-19
0.665	4.54854e-19
0.666	7.09271e-19
0.667	6.77011e-19
0.668	5.56185e-19
0.669	5.41908e-19
0.67	5.12039e-19
0.671	5.1201e-19
0.672	5.56189e-19
0.673	5.57989e-19
0.674	4.47272e-19
0.675	4.78274e-19
0.676	3.50241e-19
0.677	4.36483e-19
0.678	3.77418e-19
0.679	3.84365e-19
0.68	6.45124e-19
0.681	4.43973e-19
0.682	5.52338e-19
0.683	7.05639e-19
0.684	6.11003e-19
0.685	6.78948e-19
0.686	5.29609e-19
0.687	4.14761e-19
0.688	4.70958e-19
0.689	3.99812e-19
0.69	5.69115e-19
0.691	5.30306e-19
0.692	3.91566e-19
0.693	4.50617e-19
0.694	3.42889e-19
0.695	3.94418e-19
0.696	3.6098e-19
0.697	1.88404e-19
0.698	2.83276e-19
0.699	2.50066e-19
0.7	2.20867e-19
0.701	3.3922e-19
0.702	4.28116e-19
0.703	3.23952e-19
0.704	2.99122e-19
0.705	3.75104e-19
0.706	4.59232e-19
0.707	5.69012e-19
0.708	8.17021e-19
0.709	5.15795e-19
0.71	5.66006e-19
0.711	6.90951e-19
0.712	6.11526e-19
0.713	5.61487e-19
0.714	6.22623e-19
0.715	5.13587e-19
0.716	3.27286e-19
0.717	4.32158e-19
0.718	4.24159e-19
0.719	3.86188e-19
0.72	3.34717e-19
0.721	2.97469e-19
0.722	3.91579e-19
0.723	4.69431e-19
0.724	3.6591e-19
0.725	5.01254e-19
0.726	3.99664e-19
0.727	6.2335e-19
0.728	5.9531e-19
0.729	4.48098e-19
0.73	5.42067e-19
0.731	5.79993e-19
0.732	4.13467e-19
0.733	4.73644e-19
0.734	4.32483e-19
0.735	4.05544e-19
0.736	4.97129e-19
0.737	4.55294e-19
0.738	2.99866e-19
0.739	4.01323e-19
0.74	5.38646e-19
0.741	3.45091e-19
0.742	4.32201e-19
0.743	5.66997e-19
0.744	2.64722e-19
0.745	2.70974e-19
0.746	3.92579e-19
0.747	2.74795e-19
0.748	4.59349e-19
0.749	4.91831e-19
0.75	3.70462e-19
0.751	4.14625e-19
0.752	2.88467e-19
0.753	3.98638e-19
0.754	3.95355e-19
0.755	4.90255e-19
0.756	4.13898e-19
0.757	4.2183e-19
0.758	6.46264e-19
0.759	4.13129e-19
0.76	3.7162e-19
0.761	4.00515e-19
0.762	3.7987e-19
0.763	4.26005e-19
0.764	4.40469e-19
0.765	6.69659e-19
0.766	4.65396e-19
0.767	3.92073e-19
0.768	4.24393e-19
0.769	4.62234e-19
0.77	5.12435e-19
0.771	4.48269e-19
0.772	4.47313e-19
0.773	5.44925e-19
0.774	4.80631e-19
0.775	5.15711e-19
0.776	4.46711e-19
0.777	4.30047e-19
0.778	3.57672e-19
0.779	3.97244e-19
0.78	3.37458e-19
0.781	4.28272e-19
0.782	5.40226e-19
0.783	5.56847e-19
0.784	4.48425e-19
0.785	4.93131e-19
0.786	4.26327e-19
0.787	4.94259e-19
0.788	3.4335e-19
0.789	2.83636e-19
0.79	4.13724e-19
0.791	4.40086e-19
0.792	3.9231e-19
0.793	4.12086e-19
0.794	4.85613e-19
0.795	4.43605e-19
0.796	4.68526e-19
0.797	4.44703e-19
0.798	4.44759e-19
0.799	6.20414e-19
0.8	4.30635e-19
0.801	6.56447e-19
0.802	5.35847e-19
0.803	6.37504e-19
0.804	5.99723e-19
0.805	5.15002e-19
0.806	5.86314e-19
0.807	5.23167e-19
0.808	6.56527e-19
0.809	4.48073e-19
0.81	4.86448e-19
0.811	6.30307e-19
0.812	4.14874e-19
0.813	4.79613e-19
0.814	4.16922e-19
0.815	4.04039e-19
0.816	3.5988e-19
0.817	5.16942e-19
0.818	4.2667e-19
0.819	3.14342e-19
0.82	5.72409e-19
0.821	5.03927e-19
0.822	4.08066e-19
0.823	5.21329e-19
0.824	3.98216e-19
0.825	6.15624e-19
0.826	2.49759e-19
0.827	3.34073e-19
0.828	4.20197e-19
0.829	2.41318e-19
0.83	3.20109e-19
0.831	5.33893e-19
0.832	5.05189e-19
0.833	4.91904e-19
0.834	5.2208e-19
0.835	3.68624e-19
0.836	4.32249e-19
0.837	3.02395e-19
0.838	2.11643e-19
0.839	4.44955e-19
0.84	4.6399e-19
0.841	5.49987e-19
0.842	4.95284e-19
0.843	5.39985e-19
0.844	3.42443e-19
0.845	3.1677e-19
0.846	3.31033e-19
0.847	3.23609e-19
0.848	2.93808e-19
0.849	4.15169e-19
0.85	4.02727e-19
0.851	3.79084e-19
0.852	5.68048e-19
0.853	4.73103e-19
0.854	3.89777e-19
0.855	3.12374e-19
0.856	2.51627e-19
0.857	2.33584e-19
0.858	3.62045e-19
0.859	4.14604e-19
0.86	4.48409e-19
0.861	4.49868e-19
0.862	2.68122e-19
0.863	3.15812e-19
0.864	3.28174e-19
0.865	5.85561e-19
0.866	6.54839e-19
0.867	3.19678e-19
0.868	5.78808e-19
0.869	4.54435e-19
0.87	4.04424e-19
0.871	3.79791e-19
0.872	2.60714e-19
0.873	3.63381e-19
0.874	3.86133e-19
0.875	5.55254e-19
0.876	4.06655e-19
0.877	3.14663e-19
0.878	6.6644e-19
0.879	4.02106e-19
0.88	2.87386e-19
0.881	4.16168e-19
0.882	3.33586e-19
0.883	3.81189e-19
0.884	3.15144e-19
0.885	3.06737e-19
0.886	3.86489e-19
0.887	4.74483e-19
0.888	4.79197e-19
0.889	4.12394e-19
0.89	4.5265e-19
0.891	5.86324e-19
0.892	5.15102e-19
0.893	3.19776e-19
0.894	2.92372e-19
0.895	3.03125e-19
0.896	4.87305e-19
0.897	2.16384e-19
0.898	3.58936e-19
0.899	3.04564e-19
0.9	3.1485e-19
0.901	3.61709e-19
0.902	6.12677e-19
0.903	3.44196e-19
0.904	5.07193e-19
0.905	4.96733e-19
0.906	2.85772e-19
0.907	4.36305e-19
0.908	4.28265e-19
0.909	4.96931e-19
0.91	4.18918e-19
0.911	3.64344e-19
0.912	5.30713e-19
0.913	4.49864e-19
0.914	2.88701e-19
0.915	5.89732e-19
0.916	4.54495e-19
0.917	4.62986e-19
0.918	4.14758e-19
0.919	5.08825e-19
0.92	3.81998e-19
0.921	3.88396e-19
0.922	4.74221e-19
0.923	5.25523e-19
0.924	4.05083e-19
0.925	5.57266e-19
0.926	4.54848e-19
0.927	4.89561e-19
0.928	5.03376e-19
0.929	4.11141e-19
0.93	3.88975e-19
0.931	4.03958e-19
0.932	3.47417e-19
0.933	5.16668e-19
0.934	3.0446e-19
0.935	3.81895e-19
0.936	3.9977e-19
0.937	3.22701e-19
0.938	3.56052e-19
0.939	6.07466e-19
0.94	3.06437e-19
0.941	2.86453e-19
0.942	2.69733e-19
0.943	2.93074e-19
0.944	3.03286e-19
0.945	3.91098e-19
0.946	2.80791e-19
0.947	3.52627e-19
0.948	3.56994e-19
0.949	4.28474e-19
0.95	2.66515e-19
0.951	2.66721e-19
0.952	6.71429e-19
0.953	3.12733e-19
0.954	3.19151e-19
0.955	4.77169e-19
0.956	3.1557e-19
0.957	4.03973e-19
0.958	2.50087e-19
0.959	4.91888e-19
0.96	3.50418e-19
0.961	3.89017e-19
0.962	4.70339e-19
0.963	4.04336e-19
0.964	3.54287e-19
0.965	4.42121e-19
0.966	4.90839e-19
0.967	4.45599e-19
0.968	5.89848e-19
0.969	7.17247e-19
0.97	4.13435e-19
0.971	5.78636e-19
0.972	4.20958e-19
0.973	3.73868e-19
0.974	3.53361e-19
0.975	5.12048e-19
0.976	6.02733e-19
0.977	5.77458e-19
0.978	3.48683e-19
0.979	4.95075e-19
0.98	4.50762e-19
0.981	6.22585e-19
0.982	4.79963e-19
0.983	5.84551e-19
0.984	3.48728e-19
0.985	5.24274e-19
0.986	4.79266e-19
0.987	5.09174e-19
0.988	4.9091e-19
0.989	4.07978e-19
0.99	4.19348e-19
0.991	3.86468e-19
0.992	4.76768e-19
0.993	4.84627e-19
0.994	3.77569e-19
0.995	6.31056e-19
0.996	4.45344e-19
0.997	3.65991e-19
0.998	3.03475e-19
0.999	3.04235e-19
1	0
