0	3.40399
0.001	3.36377
0.002	3.32361
0.003	3.28351
0.004	3.24347
0.005	3.20349
0.006	3.16357
0.007	3.12371
0.008	3.08391
0.009	3.04417
0.01	3.00449
0.011	2.96487
0.012	2.92531
0.013	2.88581
0.014	2.84636
0.015	2.80698
0.016	2.76766
0.017	2.7284
0.018	2.6892
0.019	2.65006
0.02	2.61098
0.021	2.57196
0.022	2.53299
0.023	2.49409
0.024	2.45525
0.025	2.41647
0.026	2.37775
0.027	2.33909
0.028	2.30048
0.029	2.26194
0.03	2.22346
0.031	2.18504
0.032	2.14668
0.033	2.10837
0.034	2.07013
0.035	2.03195
0.036	1.99383
0.037	1.95576
0.038	1.91776
0.039	1.87982
0.04	1.84194
0.041	1.80411
0.042	1.76635
0.043	1.72865
0.044	1.69101
0.045	1.65342
0.046	1.6159
0.047	1.57844
0.048	1.54103
0.049	1.50369
0.05	1.46641
0.051	1.42918
0.052	1.39202
0.053	1.35492
0.054	1.31787
0.055	1.28089
0.056	1.24397
0.057	1.2071
0.058	1.1703
0.059	1.13355
0.06	1.09687
0.061	1.06025
0.062	1.02368
0.063	0.987178
0.064	0.950733
0.065	0.914349
0.066	0.878025
0.067	0.84176
0.068	0.805556
0.069	0.769411
0.07	0.733327
0.071	0.697302
0.072	0.661337
0.073	0.625432
0.074	0.589587
0.075	0.553802
0.076	0.518077
0.077	0.482412
0.078	0.446807
0.079	0.411262
0.08	0.375776
0.081	0.340351
0.082	0.304985
0.083	0.26968
0.084	0.234434
0.085	0.199249
0.086	0.164123
0.087	0.129057
0.088	0.0940511
0.089	0.0591052
0.09	0.0242191
0.091	-0.010607
0.092	-0.0453732
0.093	-0.0800794
0.094	-0.114726
0.095	-0.149312
0.096	-0.183839
0.097	-0.218305
0.098	-0.252712
0.099	-0.287058
0.1	-0.321345
0.101	-0.355572
0.102	-0.389739
0.103	-0.423846
0.104	-0.457893
0.105	-0.49188
0.106	-0.525807
0.107	-0.559674
0.108	-0.593482
0.109	-0.627229
0.11	-0.660917
0.111	-0.694544
0.112	-0.728112
0.113	-0.761619
0.114	-0.795067
0.115	-0.828455
0.116	-0.861783
0.117	-0.895051
0.118	-0.928259
0.119	-0.961407
0.12	-0.994495
0.121	-1.02752
0.122	-1.06049
0.123	-1.0934
0.124	-1.12625
0.125	-1.15904
0.126	-1.19177
0.127	-1.22443
0.128	-1.25704
0.129	-1.28959
0.13	-1.32208
0.131	-1.35451
0.132	-1.38688
0.133	-1.41919
0.134	-1.45144
0.135	-1.48363
0.136	-1.51576
0.137	-1.54783
0.138	-1.57984
0.139	-1.61179
0.14	-1.64368
0.141	-1.6755
0.142	-1.70727
0.143	-1.73898
0.144	-1.77063
0.145	-1.80222
0.146	-1.83375
0.147	-1.86523
0.148	-1.89664
0.149	-1.92799
0.15	-1.95928
0.151	-1.99051
0.152	-2.02168
0.153	-2.05279
0.154	-2.08384
0.155	-2.11483
0.156	-2.14576
0.157	-2.17663
0.158	-2.20744
0.159	-2.23819
0.16	-2.26889
0.161	-2.29952
0.162	-2.33009
0.163	-2.3606
0.164	-2.39105
0.165	-2.42144
0.166	-2.45177
0.167	-2.48205
0.168	-2.51226
0.169	-2.54241
0.17	-2.5725
0.171	-2.60253
0.172	-2.63251
0.173	-2.66242
0.174	-2.69227
0.175	-2.72206
0.176	-2.7518
0.177	-2.78147
0.178	-2.81108
0.179	-2.84063
0.18	-2.87013
0.181	-2.89956
0.182	-2.92893
0.183	-2.95825
0.184	-2.9875
0.185	-3.01669
0.186	-3.04583
0.187	-3.0749
0.188	-3.10391
0.189	-3.13287
0.19	-3.16176
0.191	-3.1906
0.192	-3.21937
0.193	-3.24808
0.194	-3.27674
0.195	-3.30533
0.196	-3.33387
0.197	-3.36234
0.198	-3.39076
0.199	-3.41911
0.2	-3.44741
0.201	-3.47564
0.202	-3.50382
0.203	-3.53193
0.204	-3.55999
0.205	-3.58798
0.206	-3.61592
0.207	-3.64379
0.208	-3.67161
0.209	-3.69936
0.21	-3.72706
0.211	-3.7547
0.212	-3.78227
0.213	-3.80979
0.214	-3.83724
0.215	-3.86464
0.216	-3.89198
0.217	-3.91925
0.218	-3.94647
0.219	-3.97363
0.22	-4.00072
0.221	-4.02776
0.222	-4.05474
0.223	-4.08166
0.224	-4.10851
0.225	-4.13531
0.226	-4.16205
0.227	-4.18873
0.228	-4.21534
0.229	-4.2419
0.23	-4.2684
0.231	-4.29484
0.232	-4.32122
0.233	-4.34754
0.234	-4.3738
0.235	-4.39999
0.236	-4.42613
0.237	-4.45221
0.238	-4.47823
0.239	-4.50419
0.24	-4.53009
0.241	-4.55593
0.242	-4.58171
0.243	-4.60743
0.244	-4.63309
0.245	-4.65869
0.246	-4.68423
0.247	-4.70971
0.248	-4.73514
0.249	-4.7605
0.25	-4.7858
0.251	-4.81104
0.252	-4.83622
0.253	-4.86134
0.254	-4.88641
0.255	-4.91141
0.256	-4.93635
0.257	-4.96123
0.258	-4.98606
0.259	-5.01082
0.26	-5.03552
0.261	-5.06017
0.262	-5.08475
0.263	-5.10927
0.264	-5.13374
0.265	-5.15814
0.266	-5.18249
0.267	-5.20677
0.268	-5.231
0.269	-5.25516
0.27	-5.27927
0.271	-5.30331
0.272	-5.3273
0.273	-5.35123
0.274	-5.37509
0.275	-5.3989
0.276	-5.42265
0.277	-5.44633
0.278	-5.46996
0.279	-5.49353
0.28	-5.51704
0.281	-5.54049
0.282	-5.56388
0.283	-5.58721
0.284	-5.61047
0.285	-5.63368
0.286	-5.65683
0.287	-5.67993
0.288	-5.70296
0.289	-5.72593
0.29	-5.74884
0.291	-5.77169
0.292	-5.79448
0.293	-5.81722
0.294	-5.83989
0.295	-5.8625
0.296	-5.88506
0.297	-5.90755
0.298	-5.92998
0.299	-5.95236
0.3	-5.97467
0.301	-5.99693
0.302	-6.01913
0.303	-6.04126
0.304	-6.06334
0.305	-6.08536
0.306	-6.10732
0.307	-6.12921
0.308	-6.15105
0.309	-6.17283
0.31	-6.19455
0.311	-6.21621
0.312	-6.23781
0.313	-6.25936
0.314	-6.28084
0.315	-6.30226
0.316	-6.32362
0.317	-6.34493
0.318	-6.36617
0.319	-6.38736
0.32	-6.40848
0.321	-6.42955
0.322	-6.45056
0.323	-6.4715
0.324	-6.49239
0.325	-6.51322
0.326	-6.53399
0.327	-6.5547
0.328	-6.57535
0.329	-6.59594
0.33	-6.61648
0.331	-6.63695
0.332	-6.65736
0.333	-6.67772
0.334	-6.69801
0.335	-6.71825
0.336	-6.73843
0.337	-6.75854
0.338	-6.7786
0.339	-6.7986
0.34	-6.81854
0.341	-6.83842
0.342	-6.85825
0.343	-6.87801
0.344	-6.89771
0.345	-6.91736
0.346	-6.93694
0.347	-6.95647
0.348	-6.97594
0.349	-6.99535
0.35	-7.0147
0.351	-7.03399
0.352	-7.05322
0.353	-7.07239
0.354	-7.09151
0.355	-7.11057
0.356	-7.12956
0.357	-7.1485
0.358	-7.16738
0.359	-7.1862
0.36	-7.20496
0.361	-7.22366
0.362	-7.24231
0.363	-7.2609
0.364	-7.27942
0.365	-7.29789
0.366	-7.3163
0.367	-7.33465
0.368	-7.35294
0.369	-7.37118
0.37	-7.38935
0.371	-7.40747
0.372	-7.42553
0.373	-7.44353
0.374	-7.46147
0.375	-7.47936
0.376	-7.49718
0.377	-7.51495
0.378	-7.53266
0.379	-7.55031
0.38	-7.5679
0.381	-7.58543
0.382	-7.60291
0.383	-7.62033
0.384	-7.63769
0.385	-7.65499
0.386	-7.67223
0.387	-7.68942
0.388	-7.70655
0.389	-7.72362
0.39	-7.74063
0.391	-7.75758
0.392	-7.77448
0.393	-7.79132
0.394	-7.8081
0.395	-7.82482
0.396	-7.84148
0.397	-7.85809
0.398	-7.87464
0.399	-7.89113
0.4	-7.90757
0.401	-7.92395
0.402	-7.94027
0.403	-7.95653
0.404	-7.97273
0.405	-7.98888
0.406	-8.00497
0.407	-8.02101
0.408	-8.03698
0.409	-8.0529
0.41	-8.06876
0.411	-8.08457
0.412	-8.10031
0.413	-8.11601
0.414	-8.13164
0.415	-8.14722
0.416	-8.16274
0.417	-8.1782
0.418	-8.19361
0.419	-8.20896
0.42	-8.22425
0.421	-8.23949
0.422	-8.25467
0.423	-8.26979
0.424	-8.28486
0.425	-8.29987
0.426	-8.31482
0.427	-8.32972
0.428	-8.34457
0.429	-8.35935
0.43	-8.37408
0.431	-8.38876
0.432	-8.40337
0.433	-8.41794
0.434	-8.43244
0.435	-8.44689
0.436	-8.46129
0.437	-8.47563
0.438	-8.48991
0.439	-8.50414
0.44	-8.51831
0.441	-8.53243
0.442	-8.54649
0.443	-8.5605
0.444	-8.57445
0.445	-8.58834
0.446	-8.60218
0.447	-8.61597
0.448	-8.6297
0.449	-8.64338
0.45	-8.657
0.451	-8.67056
0.452	-8.68407
0.453	-8.69753
0.454	-8.71093
0.455	-8.72428
0.456	-8.73758
0.457	-8.75082
0.458	-8.764
0.459	-8.77713
0.46	-8.79021
0.461	-8.80323
0.462	-8.8162
0.463	-8.82911
0.464	-8.84198
0.465	-8.85478
0.466	-8.86754
0.467	-8.88024
0.468	-8.89288
0.469	-8.90548
0.47	-8.91802
0.471	-8.9305
0.472	-8.94294
0.473	-8.95532
0.474	-8.96765
0.475	-8.97992
0.476	-8.99214
0.477	-9.00431
0.478	-9.01643
0.479	-9.02849
0.48	-9.04051
0.481	-9.05247
0.482	-9.06437
0.483	-9.07623
0.484	-9.08803
0.485	-9.09978
0.486	-9.11148
0.487	-9.12313
0.488	-9.13472
0.489	-9.14627
0.49	-9.15776
0.491	-9.1692
0.492	-9.18059
0.493	-9.19193
0.494	-9.20322
0.495	-9.21445
0.496	-9.22564
0.497	-9.23678
0.498	-9.24786
0.499	-9.25889
0.5	-9.26988
0.501	-9.28081
0.502	-9.29169
0.503	-9.30252
0.504	-9.31331
0.505	-9.32404
0.506	-9.33472
0.507	-9.34535
0.508	-9.35594
0.509	-9.36647
0.51	-9.37695
0.511	-9.38739
0.512	-9.39777
0.513	-9.40811
0.514	-9.4184
0.515	-9.42864
0.516	-9.43883
0.517	-9.44897
0.518	-9.45906
0.519	-9.4691
0.52	-9.4791
0.521	-9.48905
0.522	-9.49895
0.523	-9.5088
0.524	-9.5186
0.525	-9.52836
0.526	-9.53807
0.527	-9.54773
0.528	-9.55735
0.529	-9.56691
0.53	-9.57643
0.531	-9.5859
0.532	-9.59533
0.533	-9.60471
0.534	-9.61404
0.535	-9.62333
0.536	-9.63257
0.537	-9.64176
0.538	-9.65091
0.539	-9.66001
0.54	-9.66907
0.541	-9.67808
0.542	-9.68704
0.543	-9.69596
0.544	-9.70483
0.545	-9.71366
0.546	-9.72245
0.547	-9.73118
0.548	-9.73988
0.549	-9.74853
0.55	-9.75713
0.551	-9.76569
0.552	-9.77421
0.553	-9.78268
0.554	-9.79111
0.555	-9.79949
0.556	-9.80783
0.557	-9.81613
0.558	-9.82438
0.559	-9.83259
0.56	-9.84076
0.561	-9.84888
0.562	-9.85696
0.563	-9.865
0.564	-9.87299
0.565	-9.88095
0.566	-9.88886
0.567	-9.89673
0.568	-9.90455
0.569	-9.91234
0.57	-9.92008
0.571	-9.92778
0.572	-9.93544
0.573	-9.94306
0.574	-9.95063
0.575	-9.95817
0.576	-9.96566
0.577	-9.97312
0.578	-9.98053
0.579	-9.9879
0.58	-9.99524
0.581	-10.0025
0.582	-10.0098
0.583	-10.017
0.584	-10.0242
0.585	-10.0313
0.586	-10.0384
0.587	-10.0454
0.588	-10.0525
0.589	-10.0594
0.59	-10.0664
0.591	-10.0733
0.592	-10.0801
0.593	-10.0869
0.594	-10.0937
0.595	-10.1005
0.596	-10.1072
0.597	-10.1138
0.598	-10.1205
0.599	-10.1271
0.6	-10.1336
0.601	-10.1401
0.602	-10.1466
0.603	-10.1531
0.604	-10.1595
0.605	-10.1658
0.606	-10.1722
0.607	-10.1785
0.608	-10.1847
0.609	-10.191
0.61	-10.1972
0.611	-10.2033
0.612	-10.2094
0.613	-10.2155
0.614	-10.2216
0.615	-10.2276
0.616	-10.2335
0.617	-10.2395
0.618	-10.2454
0.619	-10.2513
0.62	-10.2571
0.621	-10.2629
0.622	-10.2687
0.623	-10.2744
0.624	-10.2801
0.625	-10.2858
0.626	-10.2914
0.627	-10.297
0.628	-10.3026
0.629	-10.3081
0.63	-10.3136
0.631	-10.3191
0.632	-10.3245
0.633	-10.3299
0.634	-10.3353
0.635	-10.3406
0.636	-10.3459
0.637	-10.3512
0.638	-10.3565
0.639	-10.3617
0.64	-10.3669
0.641	-10.372
0.642	-10.3771
0.643	-10.3822
0.644	-10.3873
0.645	-10.3923
0.646	-10.3973
0.647	-10.4022
0.648	-10.4072
0.649	-10.4121
0.65	-10.4169
0.651	-10.4218
0.652	-10.4266
0.653	-10.4314
0.654	-10.4361
0.655	-10.4409
0.656	-10.4456
0.657	-10.4502
0.658	-10.4549
0.659	-10.4595
0.66	-10.4641
0.661	-10.4686
0.662	-10.4731
0.663	-10.4776
0.664	-10.4821
0.665	-10.4865
0.666	-10.4909
0.667	-10.4953
0.668	-10.4997
0.669	-10.504
0.67	-10.5083
0.671	-10.5126
0.672	-10.5168
0.673	-10.5211
0.674	-10.5253
0.675	-10.5294
0.676	-10.5336
0.677	-10.5377
0.678	-10.5418
0.679	-10.5458
0.68	-10.5499
0.681	-10.5539
0.682	-10.5579
0.683	-10.5618
0.684	-10.5658
0.685	-10.5697
0.686	-10.5736
0.687	-10.5774
0.688	-10.5813
0.689	-10.5851
0.69	-10.5889
0.691	-10.5926
0.692	-10.5964
0.693	-10.6001
0.694	-10.6038
0.695	-10.6075
0.696	-10.6111
0.697	-10.6147
0.698	-10.6183
0.699	-10.6219
0.7	-10.6255
0.701	-10.629
0.702	-10.6325
0.703	-10.636
0.704	-10.6394
0.705	-10.6429
0.706	-10.6463
0.707	-10.6497
0.708	-10.6531
0.709	-10.6564
0.71	-10.6597
0.711	-10.6631
0.712	-10.6663
0.713	-10.6696
0.714	-10.6728
0.715	-10.6761
0.716	-10.6793
0.717	-10.6824
0.718	-10.6856
0.719	-10.6887
0.72	-10.6919
0.721	-10.695
0.722	-10.698
0.723	-10.7011
0.724	-10.7041
0.725	-10.7072
0.726	-10.7102
0.727	-10.7131
0.728	-10.7161
0.729	-10.719
0.73	-10.7219
0.731	-10.7248
0.732	-10.7277
0.733	-10.7306
0.734	-10.7334
0.735	-10.7363
0.736	-10.7391
0.737	-10.7419
0.738	-10.7446
0.739	-10.7474
0.74	-10.7501
0.741	-10.7528
0.742	-10.7555
0.743	-10.7582
0.744	-10.7609
0.745	-10.7635
0.746	-10.7661
0.747	-10.7687
0.748	-10.7713
0.749	-10.7739
0.75	-10.7765
0.751	-10.779
0.752	-10.7815
0.753	-10.7841
0.754	-10.7865
0.755	-10.789
0.756	-10.7915
0.757	-10.7939
0.758	-10.7963
0.759	-10.7988
0.76	-10.8012
0.761	-10.8035
0.762	-10.8059
0.763	-10.8082
0.764	-10.8106
0.765	-10.8129
0.766	-10.8152
0.767	-10.8175
0.768	-10.8197
0.769	-10.822
0.77	-10.8242
0.771	-10.8265
0.772	-10.8287
0.773	-10.8309
0.774	-10.8331
0.775	-10.8352
0.776	-10.8374
0.777	-10.8395
0.778	-10.8417
0.779	-10.8438
0.78	-10.8459
0.781	-10.8479
0.782	-10.85
0.783	-10.8521
0.784	-10.8541
0.785	-10.8561
0.786	-10.8582
0.787	-10.8602
0.788	-10.8622
0.789	-10.8641
0.79	-10.8661
0.791	-10.868
0.792	-10.87
0.793	-10.8719
0.794	-10.8738
0.795	-10.8757
0.796	-10.8776
0.797	-10.8795
0.798	-10.8814
0.799	-10.8832
0.8	-10.885
0.801	-10.8869
0.802	-10.8887
0.803	-10.8905
0.804	-10.8923
0.805	-10.8941
0.806	-10.8958
0.807	-10.8976
0.808	-10.8993
0.809	-10.9011
0.81	-10.9028
0.811	-10.9045
0.812	-10.9062
0.813	-10.9079
0.814	-10.9096
0.815	-10.9113
0.816	-10.9129
0.817	-10.9146
0.818	-10.9162
0.819	-10.9178
0.82	-10.9194
0.821	-10.9211
0.822	-10.9226
0.823	-10.9242
0.824	-10.9258
0.825	-10.9274
0.826	-10.9289
0.827	-10.9305
0.828	-10.932
0.829	-10.9335
0.83	-10.9351
0.831	-10.9366
0.832	-10.9381
0.833	-10.9396
0.834	-10.941
0.835	-10.9425
0.836	-10.944
0.837	-10.9454
0.838	-10.9469
0.839	-10.9483
0.84	-10.9497
0.841	-10.9511
0.842	-10.9526
0.843	-10.954
0.844	-10.9553
0.845	-10.9567
0.846	-10.9581
0.847	-10.9595
0.848	-10.9608
0.849	-10.9622
0.85	-10.9635
0.851	-10.9649
0.852	-10.9662
0.853	-10.9675
0.854	-10.9688
0.855	-10.9701
0.856	-10.9714
0.857	-10.9727
0.858	-10.974
0.859	-10.9752
0.86	-10.9765
0.861	-10.9778
0.862	-10.979
0.863	-10.9803
0.864	-10.9815
0.865	-10.9827
0.866	-10.984
0.867	-10.9852
0.868	-10.9864
0.869	-10.9876
0.87	-10.9888
0.871	-10.99
0.872	-10.9911
0.873	-10.9923
0.874	-10.9935
0.875	-10.9946
0.876	-10.9958
0.877	-10.9969
0.878	-10.9981
0.879	-10.9992
0.88	-11.0004
0.881	-11.0015
0.882	-11.0026
0.883	-11.0037
0.884	-11.0048
0.885	-11.0059
0.886	-11.007
0.887	-11.0081
0.888	-11.0092
0.889	-11.0103
0.89	-11.0113
0.891	-11.0124
0.892	-11.0135
0.893	-11.0145
0.894	-11.0156
0.895	-11.0166
0.896	-11.0176
0.897	-11.0187
0.898	-11.0197
0.899	-11.0207
0.9	-11.0218
0.901	-11.0228
0.902	-11.0238
0.903	-11.0248
0.904	-11.0258
0.905	-11.0268
0.906	-11.0278
0.907	-11.0288
0.908	-11.0297
0.909	-11.0307
0.91	-11.0317
0.911	-11.0327
0.912	-11.0336
0.913	-11.0346
0.914	-11.0355
0.915	-11.0365
0.916	-11.0374
0.917	-11.0384
0.918	-11.0393
0.919	-11.0402
0.92	-11.0412
0.921	-11.0421
0.922	-11.043
0.923	-11.0439
0.924	-11.0449
0.925	-11.0458
0.926	-11.0467
0.927	-11.0476
0.928	-11.0485
0.929	-11.0494
0.93	-11.0503
0.931	-11.0512
0.932	-11.0521
0.933	-11.053
0.934	-11.0538
0.935	-11.0547
0.936	-11.0556
0.937	-11.0565
0.938	-11.0573
0.939	-11.0582
0.94	-11.0591
0.941	-11.0599
0.942	-11.0608
0.943	-11.0616
0.944	-11.0625
0.945	-11.0633
0.946	-11.0642
0.947	-11.065
0.948	-11.0659
0.949	-11.0667
0.95	-11.0676
0.951	-11.0684
0.952	-11.0692
0.953	-11.0701
0.954	-11.0709
0.955	-11.0717
0.956	-11.0725
0.957	-11.0734
0.958	-11.0742
0.959	-11.075
0.96	-11.0758
0.961	-11.0766
0.962	-11.0774
0.963	-11.0783
0.964	-11.0791
0.965	-11.0799
0.966	-11.0807
0.967	-11.0815
0.968	-11.0823
0.969	-11.0831
0.97	-11.0839
0.971	-11.0847
0.972	-11.0855
0.973	-11.0863
0.974	-11.0871
0.975	-11.0879
0.976	-11.0887
0.977	-11.0895
0.978	-11.0902
0.979	-11.091
0.98	-11.0918
0.981	-11.0926
0.982	-11.0934
0.983	-11.0942
0.984	-11.095
0.985	-11.0958
0.986	-11.0965
0.987	-11.0973
0.988	-11.0981
0.989	-11.0989
0.99	-11.0997
0.991	-11.1004
0.992	-11.1012
0.993	-11.102
0.994	-11.1028
0.995	-11.1036
0.996	-11.1043
0.997	-11.1051
0.998	-11.1059
0.999	-11.1067
1	-11.1075
