0	2.01145
0.001	1.97336
0.002	1.93534
0.003	1.89737
0.004	1.85946
0.005	1.82162
0.006	1.78383
0.007	1.7461
0.008	1.70844
0.009	1.67083
0.01	1.63328
0.011	1.59579
0.012	1.55837
0.013	1.521
0.014	1.48369
0.015	1.44644
0.016	1.40926
0.017	1.37213
0.018	1.33506
0.019	1.29805
0.02	1.2611
0.021	1.22422
0.022	1.18739
0.023	1.15062
0.024	1.11391
0.025	1.07726
0.026	1.04067
0.027	1.00415
0.028	0.967677
0.029	0.931269
0.03	0.89492
0.031	0.858631
0.032	0.822402
0.033	0.786233
0.034	0.750124
0.035	0.714075
0.036	0.678086
0.037	0.642157
0.038	0.606288
0.039	0.570478
0.04	0.534729
0.041	0.499039
0.042	0.46341
0.043	0.42784
0.044	0.392331
0.045	0.356881
0.046	0.321491
0.047	0.286161
0.048	0.250891
0.049	0.215681
0.05	0.180531
0.051	0.145441
0.052	0.11041
0.053	0.07544
0.054	0.0405295
0.055	0.00567904
0.056	-0.0291115
0.057	-0.0638422
0.058	-0.0985129
0.059	-0.133124
0.06	-0.167675
0.061	-0.202165
0.062	-0.236596
0.063	-0.270967
0.064	-0.305279
0.065	-0.33953
0.066	-0.373721
0.067	-0.407853
0.068	-0.441924
0.069	-0.475935
0.07	-0.509887
0.071	-0.543779
0.072	-0.57761
0.073	-0.611382
0.074	-0.645094
0.075	-0.678746
0.076	-0.712338
0.077	-0.74587
0.078	-0.779342
0.079	-0.812755
0.08	-0.846107
0.081	-0.879399
0.082	-0.912632
0.083	-0.945804
0.084	-0.978917
0.085	-1.01197
0.086	-1.04496
0.087	-1.0779
0.088	-1.11077
0.089	-1.14358
0.09	-1.17633
0.091	-1.20903
0.092	-1.24166
0.093	-1.27423
0.094	-1.30675
0.095	-1.3392
0.096	-1.37159
0.097	-1.40393
0.098	-1.4362
0.099	-1.46841
0.1	-1.50057
0.101	-1.53266
0.102	-1.5647
0.103	-1.59667
0.104	-1.62858
0.105	-1.66044
0.106	-1.69223
0.107	-1.72397
0.108	-1.75564
0.109	-1.78726
0.11	-1.81881
0.111	-1.85031
0.112	-1.88174
0.113	-1.91312
0.114	-1.94443
0.115	-1.97569
0.116	-2.00688
0.117	-2.03802
0.118	-2.06909
0.119	-2.10011
0.12	-2.13106
0.121	-2.16196
0.122	-2.19279
0.123	-2.22357
0.124	-2.25428
0.125	-2.28494
0.126	-2.31554
0.127	-2.34607
0.128	-2.37655
0.129	-2.40696
0.13	-2.43732
0.131	-2.46762
0.132	-2.49785
0.133	-2.52803
0.134	-2.55814
0.135	-2.5882
0.136	-2.6182
0.137	-2.64813
0.138	-2.67801
0.139	-2.70783
0.14	-2.73759
0.141	-2.76728
0.142	-2.79692
0.143	-2.8265
0.144	-2.85601
0.145	-2.88547
0.146	-2.91487
0.147	-2.94421
0.148	-2.97348
0.149	-3.0027
0.15	-3.03186
0.151	-3.06096
0.152	-3.09
0.153	-3.11897
0.154	-3.14789
0.155	-3.17675
0.156	-3.20555
0.157	-3.23429
0.158	-3.26297
0.159	-3.29159
0.16	-3.32014
0.161	-3.34864
0.162	-3.37708
0.163	-3.40546
0.164	-3.43378
0.165	-3.46204
0.166	-3.49024
0.167	-3.51838
0.168	-3.54646
0.169	-3.57448
0.17	-3.60244
0.171	-3.63034
0.172	-3.65818
0.173	-3.68596
0.174	-3.71368
0.175	-3.74134
0.176	-3.76894
0.177	-3.79648
0.178	-3.82396
0.179	-3.85138
0.18	-3.87874
0.181	-3.90604
0.182	-3.93329
0.183	-3.96047
0.184	-3.98759
0.185	-4.01465
0.186	-4.04165
0.187	-4.06859
0.188	-4.09547
0.189	-4.1223
0.19	-4.14906
0.191	-4.17576
0.192	-4.2024
0.193	-4.22899
0.194	-4.25551
0.195	-4.28197
0.196	-4.30837
0.197	-4.33472
0.198	-4.361
0.199	-4.38722
0.2	-4.41339
0.201	-4.43949
0.202	-4.46554
0.203	-4.49152
0.204	-4.51744
0.205	-4.54331
0.206	-4.56911
0.207	-4.59486
0.208	-4.62054
0.209	-4.64617
0.21	-4.67173
0.211	-4.69724
0.212	-4.72268
0.213	-4.74807
0.214	-4.77339
0.215	-4.79866
0.216	-4.82387
0.217	-4.84901
0.218	-4.8741
0.219	-4.89913
0.22	-4.92409
0.221	-4.949
0.222	-4.97385
0.223	-4.99863
0.224	-5.02336
0.225	-5.04803
0.226	-5.07264
0.227	-5.09719
0.228	-5.12168
0.229	-5.1461
0.23	-5.17047
0.231	-5.19478
0.232	-5.21903
0.233	-5.24322
0.234	-5.26735
0.235	-5.29142
0.236	-5.31543
0.237	-5.33938
0.238	-5.36327
0.239	-5.3871
0.24	-5.41088
0.241	-5.43459
0.242	-5.45824
0.243	-5.48183
0.244	-5.50537
0.245	-5.52884
0.246	-5.55225
0.247	-5.5756
0.248	-5.5989
0.249	-5.62213
0.25	-5.64531
0.251	-5.66842
0.252	-5.69148
0.253	-5.71447
0.254	-5.73741
0.255	-5.76028
0.256	-5.7831
0.257	-5.80586
0.258	-5.82856
0.259	-5.85119
0.26	-5.87377
0.261	-5.89629
0.262	-5.91875
0.263	-5.94115
0.264	-5.96349
0.265	-5.98577
0.266	-6.00799
0.267	-6.03015
0.268	-6.05225
0.269	-6.07429
0.27	-6.09627
0.271	-6.1182
0.272	-6.14006
0.273	-6.16186
0.274	-6.18361
0.275	-6.20529
0.276	-6.22692
0.277	-6.24848
0.278	-6.26999
0.279	-6.29144
0.28	-6.31282
0.281	-6.33415
0.282	-6.35542
0.283	-6.37663
0.284	-6.39778
0.285	-6.41887
0.286	-6.4399
0.287	-6.46087
0.288	-6.48179
0.289	-6.50264
0.29	-6.52343
0.291	-6.54417
0.292	-6.56484
0.293	-6.58546
0.294	-6.60601
0.295	-6.62651
0.296	-6.64695
0.297	-6.66733
0.298	-6.68765
0.299	-6.70791
0.3	-6.72811
0.301	-6.74825
0.302	-6.76833
0.303	-6.78836
0.304	-6.80832
0.305	-6.82823
0.306	-6.84807
0.307	-6.86786
0.308	-6.88759
0.309	-6.90726
0.31	-6.92687
0.311	-6.94642
0.312	-6.96591
0.313	-6.98534
0.314	-7.00472
0.315	-7.02403
0.316	-7.04329
0.317	-7.06249
0.318	-7.08162
0.319	-7.1007
0.32	-7.11972
0.321	-7.13869
0.322	-7.15759
0.323	-7.17643
0.324	-7.19522
0.325	-7.21395
0.326	-7.23262
0.327	-7.25122
0.328	-7.26978
0.329	-7.28827
0.33	-7.3067
0.331	-7.32508
0.332	-7.34339
0.333	-7.36165
0.334	-7.37985
0.335	-7.39799
0.336	-7.41607
0.337	-7.4341
0.338	-7.45206
0.339	-7.46997
0.34	-7.48782
0.341	-7.50561
0.342	-7.52334
0.343	-7.54102
0.344	-7.55863
0.345	-7.57619
0.346	-7.59369
0.347	-7.61113
0.348	-7.62851
0.349	-7.64584
0.35	-7.66311
0.351	-7.68031
0.352	-7.69747
0.353	-7.71456
0.354	-7.73159
0.355	-7.74857
0.356	-7.76549
0.357	-7.78235
0.358	-7.79916
0.359	-7.8159
0.36	-7.83259
0.361	-7.84922
0.362	-7.86579
0.363	-7.88231
0.364	-7.89877
0.365	-7.91517
0.366	-7.93151
0.367	-7.9478
0.368	-7.96403
0.369	-7.9802
0.37	-7.99631
0.371	-8.01237
0.372	-8.02837
0.373	-8.04431
0.374	-8.06019
0.375	-8.07602
0.376	-8.09179
0.377	-8.1075
0.378	-8.12316
0.379	-8.13876
0.38	-8.1543
0.381	-8.16979
0.382	-8.18522
0.383	-8.20059
0.384	-8.21591
0.385	-8.23117
0.386	-8.24637
0.387	-8.26152
0.388	-8.27661
0.389	-8.29164
0.39	-8.30662
0.391	-8.32154
0.392	-8.33641
0.393	-8.35121
0.394	-8.36597
0.395	-8.38066
0.396	-8.3953
0.397	-8.40989
0.398	-8.42442
0.399	-8.43889
0.4	-8.45331
0.401	-8.46767
0.402	-8.48197
0.403	-8.49622
0.404	-8.51042
0.405	-8.52456
0.406	-8.53864
0.407	-8.55267
0.408	-8.56664
0.409	-8.58056
0.41	-8.59442
0.411	-8.60823
0.412	-8.62198
0.413	-8.63568
0.414	-8.64932
0.415	-8.66291
0.416	-8.67644
0.417	-8.68992
0.418	-8.70335
0.419	-8.71672
0.42	-8.73003
0.421	-8.74329
0.422	-8.7565
0.423	-8.76965
0.424	-8.78275
0.425	-8.79579
0.426	-8.80878
0.427	-8.82172
0.428	-8.8346
0.429	-8.84743
0.43	-8.8602
0.431	-8.87293
0.432	-8.88559
0.433	-8.89821
0.434	-8.91077
0.435	-8.92328
0.436	-8.93573
0.437	-8.94813
0.438	-8.96048
0.439	-8.97278
0.44	-8.98502
0.441	-8.99721
0.442	-9.00935
0.443	-9.02143
0.444	-9.03346
0.445	-9.04544
0.446	-9.05737
0.447	-9.06925
0.448	-9.08107
0.449	-9.09284
0.45	-9.10456
0.451	-9.11623
0.452	-9.12784
0.453	-9.13941
0.454	-9.15092
0.455	-9.16238
0.456	-9.17379
0.457	-9.18515
0.458	-9.19645
0.459	-9.20771
0.46	-9.21891
0.461	-9.23007
0.462	-9.24117
0.463	-9.25223
0.464	-9.26323
0.465	-9.27418
0.466	-9.28508
0.467	-9.29593
0.468	-9.30673
0.469	-9.31748
0.47	-9.32819
0.471	-9.33884
0.472	-9.34944
0.473	-9.35999
0.474	-9.37049
0.475	-9.38095
0.476	-9.39135
0.477	-9.40171
0.478	-9.41201
0.479	-9.42227
0.48	-9.43248
0.481	-9.44263
0.482	-9.45275
0.483	-9.46281
0.484	-9.47282
0.485	-9.48279
0.486	-9.4927
0.487	-9.50257
0.488	-9.5124
0.489	-9.52217
0.49	-9.5319
0.491	-9.54157
0.492	-9.55121
0.493	-9.56079
0.494	-9.57033
0.495	-9.57982
0.496	-9.58926
0.497	-9.59866
0.498	-9.608
0.499	-9.61731
0.5	-9.62656
0.501	-9.63577
0.502	-9.64494
0.503	-9.65406
0.504	-9.66313
0.505	-9.67215
0.506	-9.68113
0.507	-9.69007
0.508	-9.69896
0.509	-9.7078
0.51	-9.7166
0.511	-9.72536
0.512	-9.73407
0.513	-9.74273
0.514	-9.75135
0.515	-9.75993
0.516	-9.76846
0.517	-9.77694
0.518	-9.78539
0.519	-9.79378
0.52	-9.80214
0.521	-9.81045
0.522	-9.81872
0.523	-9.82694
0.524	-9.83512
0.525	-9.84326
0.526	-9.85136
0.527	-9.85941
0.528	-9.86742
0.529	-9.87538
0.53	-9.88331
0.531	-9.89119
0.532	-9.89903
0.533	-9.90683
0.534	-9.91458
0.535	-9.9223
0.536	-9.92997
0.537	-9.9376
0.538	-9.94519
0.539	-9.95274
0.54	-9.96025
0.541	-9.96771
0.542	-9.97514
0.543	-9.98253
0.544	-9.98987
0.545	-9.99718
0.546	-10.0044
0.547	-10.0117
0.548	-10.0188
0.549	-10.026
0.55	-10.0331
0.551	-10.0402
0.552	-10.0472
0.553	-10.0542
0.554	-10.0611
0.555	-10.068
0.556	-10.0749
0.557	-10.0817
0.558	-10.0885
0.559	-10.0953
0.56	-10.102
0.561	-10.1087
0.562	-10.1153
0.563	-10.1219
0.564	-10.1285
0.565	-10.135
0.566	-10.1415
0.567	-10.148
0.568	-10.1544
0.569	-10.1608
0.57	-10.1671
0.571	-10.1734
0.572	-10.1797
0.573	-10.1859
0.574	-10.1921
0.575	-10.1983
0.576	-10.2044
0.577	-10.2105
0.578	-10.2166
0.579	-10.2226
0.58	-10.2286
0.581	-10.2345
0.582	-10.2404
0.583	-10.2463
0.584	-10.2521
0.585	-10.258
0.586	-10.2637
0.587	-10.2695
0.588	-10.2752
0.589	-10.2809
0.59	-10.2865
0.591	-10.2921
0.592	-10.2977
0.593	-10.3032
0.594	-10.3087
0.595	-10.3142
0.596	-10.3196
0.597	-10.3251
0.598	-10.3304
0.599	-10.3358
0.6	-10.3411
0.601	-10.3464
0.602	-10.3516
0.603	-10.3568
0.604	-10.362
0.605	-10.3672
0.606	-10.3723
0.607	-10.3774
0.608	-10.3824
0.609	-10.3875
0.61	-10.3925
0.611	-10.3974
0.612	-10.4024
0.613	-10.4073
0.614	-10.4122
0.615	-10.417
0.616	-10.4218
0.617	-10.4266
0.618	-10.4314
0.619	-10.4361
0.62	-10.4408
0.621	-10.4455
0.622	-10.4501
0.623	-10.4547
0.624	-10.4593
0.625	-10.4639
0.626	-10.4684
0.627	-10.4729
0.628	-10.4773
0.629	-10.4818
0.63	-10.4862
0.631	-10.4906
0.632	-10.4949
0.633	-10.4993
0.634	-10.5036
0.635	-10.5079
0.636	-10.5121
0.637	-10.5163
0.638	-10.5205
0.639	-10.5247
0.64	-10.5288
0.641	-10.533
0.642	-10.537
0.643	-10.5411
0.644	-10.5451
0.645	-10.5492
0.646	-10.5531
0.647	-10.5571
0.648	-10.561
0.649	-10.5649
0.65	-10.5688
0.651	-10.5727
0.652	-10.5765
0.653	-10.5803
0.654	-10.5841
0.655	-10.5879
0.656	-10.5916
0.657	-10.5953
0.658	-10.599
0.659	-10.6027
0.66	-10.6063
0.661	-10.61
0.662	-10.6135
0.663	-10.6171
0.664	-10.6207
0.665	-10.6242
0.666	-10.6277
0.667	-10.6312
0.668	-10.6346
0.669	-10.6381
0.67	-10.6415
0.671	-10.6449
0.672	-10.6482
0.673	-10.6516
0.674	-10.6549
0.675	-10.6582
0.676	-10.6615
0.677	-10.6647
0.678	-10.668
0.679	-10.6712
0.68	-10.6744
0.681	-10.6776
0.682	-10.6807
0.683	-10.6838
0.684	-10.687
0.685	-10.69
0.686	-10.6931
0.687	-10.6962
0.688	-10.6992
0.689	-10.7022
0.69	-10.7052
0.691	-10.7082
0.692	-10.7111
0.693	-10.714
0.694	-10.7169
0.695	-10.7198
0.696	-10.7227
0.697	-10.7256
0.698	-10.7284
0.699	-10.7312
0.7	-10.734
0.701	-10.7368
0.702	-10.7395
0.703	-10.7423
0.704	-10.745
0.705	-10.7477
0.706	-10.7504
0.707	-10.7531
0.708	-10.7557
0.709	-10.7583
0.71	-10.761
0.711	-10.7635
0.712	-10.7661
0.713	-10.7687
0.714	-10.7712
0.715	-10.7738
0.716	-10.7763
0.717	-10.7788
0.718	-10.7812
0.719	-10.7837
0.72	-10.7861
0.721	-10.7886
0.722	-10.791
0.723	-10.7934
0.724	-10.7958
0.725	-10.7981
0.726	-10.8005
0.727	-10.8028
0.728	-10.8051
0.729	-10.8074
0.73	-10.8097
0.731	-10.812
0.732	-10.8142
0.733	-10.8164
0.734	-10.8187
0.735	-10.8209
0.736	-10.8231
0.737	-10.8252
0.738	-10.8274
0.739	-10.8296
0.74	-10.8317
0.741	-10.8338
0.742	-10.8359
0.743	-10.838
0.744	-10.8401
0.745	-10.8421
0.746	-10.8442
0.747	-10.8462
0.748	-10.8482
0.749	-10.8503
0.75	-10.8522
0.751	-10.8542
0.752	-10.8562
0.753	-10.8581
0.754	-10.8601
0.755	-10.862
0.756	-10.8639
0.757	-10.8658
0.758	-10.8677
0.759	-10.8696
0.76	-10.8715
0.761	-10.8733
0.762	-10.8751
0.763	-10.877
0.764	-10.8788
0.765	-10.8806
0.766	-10.8824
0.767	-10.8841
0.768	-10.8859
0.769	-10.8877
0.77	-10.8894
0.771	-10.8911
0.772	-10.8928
0.773	-10.8946
0.774	-10.8962
0.775	-10.8979
0.776	-10.8996
0.777	-10.9013
0.778	-10.9029
0.779	-10.9045
0.78	-10.9062
0.781	-10.9078
0.782	-10.9094
0.783	-10.911
0.784	-10.9126
0.785	-10.9141
0.786	-10.9157
0.787	-10.9173
0.788	-10.9188
0.789	-10.9203
0.79	-10.9219
0.791	-10.9234
0.792	-10.9249
0.793	-10.9264
0.794	-10.9278
0.795	-10.9293
0.796	-10.9308
0.797	-10.9322
0.798	-10.9337
0.799	-10.9351
0.8	-10.9365
0.801	-10.9379
0.802	-10.9393
0.803	-10.9407
0.804	-10.9421
0.805	-10.9435
0.806	-10.9449
0.807	-10.9462
0.808	-10.9476
0.809	-10.9489
0.81	-10.9502
0.811	-10.9516
0.812	-10.9529
0.813	-10.9542
0.814	-10.9555
0.815	-10.9568
0.816	-10.9581
0.817	-10.9593
0.818	-10.9606
0.819	-10.9618
0.82	-10.9631
0.821	-10.9643
0.822	-10.9656
0.823	-10.9668
0.824	-10.968
0.825	-10.9692
0.826	-10.9704
0.827	-10.9716
0.828	-10.9728
0.829	-10.974
0.83	-10.9751
0.831	-10.9763
0.832	-10.9775
0.833	-10.9786
0.834	-10.9797
0.835	-10.9809
0.836	-10.982
0.837	-10.9831
0.838	-10.9842
0.839	-10.9853
0.84	-10.9864
0.841	-10.9875
0.842	-10.9886
0.843	-10.9897
0.844	-10.9908
0.845	-10.9918
0.846	-10.9929
0.847	-10.9939
0.848	-10.995
0.849	-10.996
0.85	-10.9971
0.851	-10.9981
0.852	-10.9991
0.853	-11.0001
0.854	-11.0011
0.855	-11.0021
0.856	-11.0031
0.857	-11.0041
0.858	-11.0051
0.859	-11.0061
0.86	-11.007
0.861	-11.008
0.862	-11.009
0.863	-11.0099
0.864	-11.0109
0.865	-11.0118
0.866	-11.0128
0.867	-11.0137
0.868	-11.0146
0.869	-11.0155
0.87	-11.0165
0.871	-11.0174
0.872	-11.0183
0.873	-11.0192
0.874	-11.0201
0.875	-11.021
0.876	-11.0219
0.877	-11.0227
0.878	-11.0236
0.879	-11.0245
0.88	-11.0254
0.881	-11.0262
0.882	-11.0271
0.883	-11.0279
0.884	-11.0288
0.885	-11.0296
0.886	-11.0305
0.887	-11.0313
0.888	-11.0321
0.889	-11.033
0.89	-11.0338
0.891	-11.0346
0.892	-11.0354
0.893	-11.0362
0.894	-11.037
0.895	-11.0378
0.896	-11.0386
0.897	-11.0394
0.898	-11.0402
0.899	-11.041
0.9	-11.0418
0.901	-11.0426
0.902	-11.0433
0.903	-11.0441
0.904	-11.0449
0.905	-11.0456
0.906	-11.0464
0.907	-11.0472
0.908	-11.0479
0.909	-11.0487
0.91	-11.0494
0.911	-11.0501
0.912	-11.0509
0.913	-11.0516
0.914	-11.0524
0.915	-11.0531
0.916	-11.0538
0.917	-11.0545
0.918	-11.0553
0.919	-11.056
0.92	-11.0567
0.921	-11.0574
0.922	-11.0581
0.923	-11.0588
0.924	-11.0595
0.925	-11.0602
0.926	-11.0609
0.927	-11.0616
0.928	-11.0623
0.929	-11.063
0.93	-11.0637
0.931	-11.0643
0.932	-11.065
0.933	-11.0657
0.934	-11.0664
0.935	-11.0671
0.936	-11.0677
0.937	-11.0684
0.938	-11.0691
0.939	-11.0697
0.94	-11.0704
0.941	-11.0711
0.942	-11.0717
0.943	-11.0724
0.944	-11.073
0.945	-11.0737
0.946	-11.0743
0.947	-11.075
0.948	-11.0756
0.949	-11.0763
0.95	-11.0769
0.951	-11.0775
0.952	-11.0782
0.953	-11.0788
0.954	-11.0794
0.955	-11.0801
0.956	-11.0807
0.957	-11.0813
0.958	-11.082
0.959	-11.0826
0.96	-11.0832
0.961	-11.0839
0.962	-11.0845
0.963	-11.0851
0.964	-11.0857
0.965	-11.0863
0.966	-11.087
0.967	-11.0876
0.968	-11.0882
0.969	-11.0888
0.97	-11.0894
0.971	-11.09
0.972	-11.0906
0.973	-11.0912
0.974	-11.0919
0.975	-11.0925
0.976	-11.0931
0.977	-11.0937
0.978	-11.0943
0.979	-11.0949
0.98	-11.0955
0.981	-11.0961
0.982	-11.0967
0.983	-11.0973
0.984	-11.0979
0.985	-11.0985
0.986	-11.0991
0.987	-11.0997
0.988	-11.1003
0.989	-11.1009
0.99	-11.1015
0.991	-11.1021
0.992	-11.1027
0.993	-11.1033
0.994	-11.1039
0.995	-11.1045
0.996	-11.1051
0.997	-11.1057
0.998	-11.1063
0.999	-11.1069
1	-11.1075
