0	-1.85672
0.001	-1.88814
0.002	-1.9195
0.003	-1.9508
0.004	-1.98204
0.005	-2.01321
0.006	-2.04433
0.007	-2.07539
0.008	-2.10639
0.009	-2.13733
0.01	-2.16821
0.011	-2.19902
0.012	-2.22978
0.013	-2.26048
0.014	-2.29112
0.015	-2.3217
0.016	-2.35222
0.017	-2.38268
0.018	-2.41308
0.019	-2.44342
0.02	-2.4737
0.021	-2.50392
0.022	-2.53408
0.023	-2.56418
0.024	-2.59422
0.025	-2.62419
0.026	-2.65411
0.027	-2.68397
0.028	-2.71377
0.029	-2.74352
0.03	-2.7732
0.031	-2.80282
0.032	-2.83238
0.033	-2.86188
0.034	-2.89132
0.035	-2.9207
0.036	-2.95002
0.037	-2.97928
0.038	-3.00848
0.039	-3.03762
0.04	-3.0667
0.041	-3.09572
0.042	-3.12469
0.043	-3.15359
0.044	-3.18243
0.045	-3.21121
0.046	-3.23993
0.047	-3.26859
0.048	-3.2972
0.049	-3.32574
0.05	-3.35422
0.051	-3.38264
0.052	-3.411
0.053	-3.43931
0.054	-3.46755
0.055	-3.49573
0.056	-3.52385
0.057	-3.55192
0.058	-3.57992
0.059	-3.60786
0.06	-3.63575
0.061	-3.66357
0.062	-3.69133
0.063	-3.71904
0.064	-3.74668
0.065	-3.77426
0.066	-3.80179
0.067	-3.82925
0.068	-3.85665
0.069	-3.884
0.07	-3.91128
0.071	-3.93851
0.072	-3.96567
0.073	-3.99278
0.074	-4.01982
0.075	-4.04681
0.076	-4.07373
0.077	-4.1006
0.078	-4.1274
0.079	-4.15415
0.08	-4.18083
0.081	-4.20746
0.082	-4.23402
0.083	-4.26053
0.084	-4.28698
0.085	-4.31336
0.086	-4.33969
0.087	-4.36595
0.088	-4.39216
0.089	-4.41831
0.09	-4.44439
0.091	-4.47042
0.092	-4.49639
0.093	-4.5223
0.094	-4.54814
0.095	-4.57393
0.096	-4.59966
0.097	-4.62533
0.098	-4.65093
0.099	-4.67648
0.1	-4.70197
0.101	-4.7274
0.102	-4.75277
0.103	-4.77808
0.104	-4.80333
0.105	-4.82852
0.106	-4.85365
0.107	-4.87872
0.108	-4.90373
0.109	-4.92868
0.11	-4.95357
0.111	-4.9784
0.112	-5.00317
0.113	-5.02788
0.114	-5.05253
0.115	-5.07712
0.116	-5.10165
0.117	-5.12612
0.118	-5.15054
0.119	-5.17489
0.12	-5.19918
0.121	-5.22341
0.122	-5.24759
0.123	-5.2717
0.124	-5.29575
0.125	-5.31975
0.126	-5.34368
0.127	-5.36755
0.128	-5.39137
0.129	-5.41512
0.13	-5.43882
0.131	-5.46245
0.132	-5.48603
0.133	-5.50954
0.134	-5.533
0.135	-5.5564
0.136	-5.57973
0.137	-5.60301
0.138	-5.62623
0.139	-5.64939
0.14	-5.67248
0.141	-5.69552
0.142	-5.7185
0.143	-5.74142
0.144	-5.76428
0.145	-5.78708
0.146	-5.80982
0.147	-5.8325
0.148	-5.85512
0.149	-5.87768
0.15	-5.90018
0.151	-5.92263
0.152	-5.94501
0.153	-5.96733
0.154	-5.98959
0.155	-6.0118
0.156	-6.03394
0.157	-6.05603
0.158	-6.07805
0.159	-6.10002
0.16	-6.12192
0.161	-6.14377
0.162	-6.16556
0.163	-6.18728
0.164	-6.20895
0.165	-6.23056
0.166	-6.25211
0.167	-6.2736
0.168	-6.29503
0.169	-6.3164
0.17	-6.33771
0.171	-6.35896
0.172	-6.38016
0.173	-6.40129
0.174	-6.42236
0.175	-6.44338
0.176	-6.46433
0.177	-6.48523
0.178	-6.50606
0.179	-6.52684
0.18	-6.54756
0.181	-6.56822
0.182	-6.58882
0.183	-6.60935
0.184	-6.62984
0.185	-6.65026
0.186	-6.67062
0.187	-6.69092
0.188	-6.71116
0.189	-6.73135
0.19	-6.75147
0.191	-6.77154
0.192	-6.79155
0.193	-6.8115
0.194	-6.83138
0.195	-6.85121
0.196	-6.87098
0.197	-6.8907
0.198	-6.91035
0.199	-6.92994
0.2	-6.94948
0.201	-6.96895
0.202	-6.98837
0.203	-7.00772
0.204	-7.02702
0.205	-7.04626
0.206	-7.06544
0.207	-7.08457
0.208	-7.10363
0.209	-7.12263
0.21	-7.14158
0.211	-7.16046
0.212	-7.17929
0.213	-7.19806
0.214	-7.21677
0.215	-7.23542
0.216	-7.25402
0.217	-7.27255
0.218	-7.29103
0.219	-7.30944
0.22	-7.3278
0.221	-7.3461
0.222	-7.36434
0.223	-7.38252
0.224	-7.40065
0.225	-7.41872
0.226	-7.43672
0.227	-7.45467
0.228	-7.47256
0.229	-7.49039
0.23	-7.50817
0.231	-7.52588
0.232	-7.54354
0.233	-7.56114
0.234	-7.57868
0.235	-7.59616
0.236	-7.61359
0.237	-7.63096
0.238	-7.64826
0.239	-7.66552
0.24	-7.68271
0.241	-7.69984
0.242	-7.71692
0.243	-7.73394
0.244	-7.7509
0.245	-7.7678
0.246	-7.78465
0.247	-7.80143
0.248	-7.81816
0.249	-7.83484
0.25	-7.85145
0.251	-7.86801
0.252	-7.88451
0.253	-7.90095
0.254	-7.91733
0.255	-7.93366
0.256	-7.94993
0.257	-7.96614
0.258	-7.98229
0.259	-7.99839
0.26	-8.01443
0.261	-8.03041
0.262	-8.04634
0.263	-8.06221
0.264	-8.07802
0.265	-8.09377
0.266	-8.10947
0.267	-8.12511
0.268	-8.14069
0.269	-8.15622
0.27	-8.17169
0.271	-8.1871
0.272	-8.20246
0.273	-8.21776
0.274	-8.233
0.275	-8.24819
0.276	-8.26332
0.277	-8.27839
0.278	-8.29341
0.279	-8.30837
0.28	-8.32328
0.281	-8.33813
0.282	-8.35292
0.283	-8.36765
0.284	-8.38233
0.285	-8.39696
0.286	-8.41153
0.287	-8.42604
0.288	-8.44049
0.289	-8.4549
0.29	-8.46924
0.291	-8.48353
0.292	-8.49776
0.293	-8.51194
0.294	-8.52606
0.295	-8.54013
0.296	-8.55414
0.297	-8.5681
0.298	-8.582
0.299	-8.59585
0.3	-8.60964
0.301	-8.62338
0.302	-8.63706
0.303	-8.65069
0.304	-8.66426
0.305	-8.67777
0.306	-8.69124
0.307	-8.70464
0.308	-8.718
0.309	-8.7313
0.31	-8.74454
0.311	-8.75773
0.312	-8.77087
0.313	-8.78395
0.314	-8.79698
0.315	-8.80995
0.316	-8.82287
0.317	-8.83574
0.318	-8.84855
0.319	-8.86131
0.32	-8.87402
0.321	-8.88667
0.322	-8.89927
0.323	-8.91181
0.324	-8.9243
0.325	-8.93674
0.326	-8.94913
0.327	-8.96146
0.328	-8.97374
0.329	-8.98596
0.33	-8.99814
0.331	-9.01026
0.332	-9.02233
0.333	-9.03434
0.334	-9.04631
0.335	-9.05822
0.336	-9.07008
0.337	-9.08189
0.338	-9.09364
0.339	-9.10534
0.34	-9.117
0.341	-9.1286
0.342	-9.14014
0.343	-9.15164
0.344	-9.16309
0.345	-9.17448
0.346	-9.18582
0.347	-9.19711
0.348	-9.20835
0.349	-9.21954
0.35	-9.23068
0.351	-9.24177
0.352	-9.25281
0.353	-9.26379
0.354	-9.27473
0.355	-9.28561
0.356	-9.29645
0.357	-9.30723
0.358	-9.31797
0.359	-9.32866
0.36	-9.33929
0.361	-9.34988
0.362	-9.36041
0.363	-9.3709
0.364	-9.38134
0.365	-9.39173
0.366	-9.40206
0.367	-9.41235
0.368	-9.4226
0.369	-9.43279
0.37	-9.44293
0.371	-9.45303
0.372	-9.46307
0.373	-9.47307
0.374	-9.48302
0.375	-9.49292
0.376	-9.50278
0.377	-9.51258
0.378	-9.52234
0.379	-9.53205
0.38	-9.54171
0.381	-9.55133
0.382	-9.5609
0.383	-9.57042
0.384	-9.57989
0.385	-9.58932
0.386	-9.5987
0.387	-9.60803
0.388	-9.61732
0.389	-9.62656
0.39	-9.63576
0.391	-9.6449
0.392	-9.65401
0.393	-9.66306
0.394	-9.67207
0.395	-9.68104
0.396	-9.68996
0.397	-9.69883
0.398	-9.70766
0.399	-9.71644
0.4	-9.72518
0.401	-9.73387
0.402	-9.74252
0.403	-9.75113
0.404	-9.75969
0.405	-9.7682
0.406	-9.77667
0.407	-9.7851
0.408	-9.79348
0.409	-9.80182
0.41	-9.81012
0.411	-9.81837
0.412	-9.82658
0.413	-9.83474
0.414	-9.84287
0.415	-9.85094
0.416	-9.85898
0.417	-9.86697
0.418	-9.87493
0.419	-9.88283
0.42	-9.8907
0.421	-9.89852
0.422	-9.90631
0.423	-9.91405
0.424	-9.92174
0.425	-9.9294
0.426	-9.93702
0.427	-9.94459
0.428	-9.95212
0.429	-9.95961
0.43	-9.96707
0.431	-9.97448
0.432	-9.98184
0.433	-9.98917
0.434	-9.99646
0.435	-10.0037
0.436	-10.0109
0.437	-10.0181
0.438	-10.0252
0.439	-10.0323
0.44	-10.0394
0.441	-10.0464
0.442	-10.0533
0.443	-10.0603
0.444	-10.0672
0.445	-10.074
0.446	-10.0808
0.447	-10.0876
0.448	-10.0943
0.449	-10.101
0.45	-10.1077
0.451	-10.1143
0.452	-10.1209
0.453	-10.1275
0.454	-10.134
0.455	-10.1405
0.456	-10.1469
0.457	-10.1533
0.458	-10.1597
0.459	-10.166
0.46	-10.1723
0.461	-10.1785
0.462	-10.1847
0.463	-10.1909
0.464	-10.1971
0.465	-10.2032
0.466	-10.2093
0.467	-10.2153
0.468	-10.2213
0.469	-10.2273
0.47	-10.2332
0.471	-10.2391
0.472	-10.245
0.473	-10.2508
0.474	-10.2566
0.475	-10.2623
0.476	-10.2681
0.477	-10.2738
0.478	-10.2794
0.479	-10.285
0.48	-10.2906
0.481	-10.2962
0.482	-10.3017
0.483	-10.3072
0.484	-10.3127
0.485	-10.3181
0.486	-10.3235
0.487	-10.3288
0.488	-10.3342
0.489	-10.3395
0.49	-10.3447
0.491	-10.35
0.492	-10.3552
0.493	-10.3603
0.494	-10.3655
0.495	-10.3706
0.496	-10.3756
0.497	-10.3807
0.498	-10.3857
0.499	-10.3907
0.5	-10.3956
0.501	-10.4005
0.502	-10.4054
0.503	-10.4103
0.504	-10.4151
0.505	-10.4199
0.506	-10.4247
0.507	-10.4294
0.508	-10.4341
0.509	-10.4388
0.51	-10.4435
0.511	-10.4481
0.512	-10.4527
0.513	-10.4572
0.514	-10.4618
0.515	-10.4663
0.516	-10.4708
0.517	-10.4752
0.518	-10.4796
0.519	-10.484
0.52	-10.4884
0.521	-10.4927
0.522	-10.497
0.523	-10.5013
0.524	-10.5056
0.525	-10.5098
0.526	-10.514
0.527	-10.5182
0.528	-10.5223
0.529	-10.5265
0.53	-10.5306
0.531	-10.5346
0.532	-10.5387
0.533	-10.5427
0.534	-10.5467
0.535	-10.5506
0.536	-10.5546
0.537	-10.5585
0.538	-10.5624
0.539	-10.5663
0.54	-10.5701
0.541	-10.5739
0.542	-10.5777
0.543	-10.5815
0.544	-10.5852
0.545	-10.5889
0.546	-10.5926
0.547	-10.5963
0.548	-10.5999
0.549	-10.6035
0.55	-10.6071
0.551	-10.6107
0.552	-10.6143
0.553	-10.6178
0.554	-10.6213
0.555	-10.6248
0.556	-10.6282
0.557	-10.6317
0.558	-10.6351
0.559	-10.6385
0.56	-10.6418
0.561	-10.6452
0.562	-10.6485
0.563	-10.6518
0.564	-10.6551
0.565	-10.6583
0.566	-10.6616
0.567	-10.6648
0.568	-10.668
0.569	-10.6711
0.57	-10.6743
0.571	-10.6774
0.572	-10.6805
0.573	-10.6836
0.574	-10.6867
0.575	-10.6897
0.576	-10.6927
0.577	-10.6957
0.578	-10.6987
0.579	-10.7017
0.58	-10.7046
0.581	-10.7076
0.582	-10.7105
0.583	-10.7133
0.584	-10.7162
0.585	-10.7191
0.586	-10.7219
0.587	-10.7247
0.588	-10.7275
0.589	-10.7302
0.59	-10.733
0.591	-10.7357
0.592	-10.7384
0.593	-10.7411
0.594	-10.7438
0.595	-10.7465
0.596	-10.7491
0.597	-10.7517
0.598	-10.7543
0.599	-10.7569
0.6	-10.7595
0.601	-10.762
0.602	-10.7646
0.603	-10.7671
0.604	-10.7696
0.605	-10.7721
0.606	-10.7745
0.607	-10.777
0.608	-10.7794
0.609	-10.7818
0.61	-10.7842
0.611	-10.7866
0.612	-10.789
0.613	-10.7913
0.614	-10.7936
0.615	-10.7959
0.616	-10.7982
0.617	-10.8005
0.618	-10.8028
0.619	-10.805
0.62	-10.8073
0.621	-10.8095
0.622	-10.8117
0.623	-10.8139
0.624	-10.8161
0.625	-10.8182
0.626	-10.8204
0.627	-10.8225
0.628	-10.8246
0.629	-10.8267
0.63	-10.8288
0.631	-10.8309
0.632	-10.8329
0.633	-10.835
0.634	-10.837
0.635	-10.839
0.636	-10.841
0.637	-10.843
0.638	-10.845
0.639	-10.8469
0.64	-10.8489
0.641	-10.8508
0.642	-10.8527
0.643	-10.8546
0.644	-10.8565
0.645	-10.8584
0.646	-10.8602
0.647	-10.8621
0.648	-10.8639
0.649	-10.8657
0.65	-10.8676
0.651	-10.8694
0.652	-10.8711
0.653	-10.8729
0.654	-10.8747
0.655	-10.8764
0.656	-10.8782
0.657	-10.8799
0.658	-10.8816
0.659	-10.8833
0.66	-10.885
0.661	-10.8866
0.662	-10.8883
0.663	-10.89
0.664	-10.8916
0.665	-10.8932
0.666	-10.8948
0.667	-10.8964
0.668	-10.898
0.669	-10.8996
0.67	-10.9012
0.671	-10.9027
0.672	-10.9043
0.673	-10.9058
0.674	-10.9074
0.675	-10.9089
0.676	-10.9104
0.677	-10.9119
0.678	-10.9134
0.679	-10.9148
0.68	-10.9163
0.681	-10.9177
0.682	-10.9192
0.683	-10.9206
0.684	-10.922
0.685	-10.9234
0.686	-10.9248
0.687	-10.9262
0.688	-10.9276
0.689	-10.929
0.69	-10.9304
0.691	-10.9317
0.692	-10.933
0.693	-10.9344
0.694	-10.9357
0.695	-10.937
0.696	-10.9383
0.697	-10.9396
0.698	-10.9409
0.699	-10.9422
0.7	-10.9434
0.701	-10.9447
0.702	-10.9459
0.703	-10.9472
0.704	-10.9484
0.705	-10.9496
0.706	-10.9508
0.707	-10.9521
0.708	-10.9533
0.709	-10.9544
0.71	-10.9556
0.711	-10.9568
0.712	-10.9579
0.713	-10.9591
0.714	-10.9602
0.715	-10.9614
0.716	-10.9625
0.717	-10.9636
0.718	-10.9647
0.719	-10.9659
0.72	-10.967
0.721	-10.968
0.722	-10.9691
0.723	-10.9702
0.724	-10.9713
0.725	-10.9723
0.726	-10.9734
0.727	-10.9744
0.728	-10.9755
0.729	-10.9765
0.73	-10.9775
0.731	-10.9785
0.732	-10.9795
0.733	-10.9805
0.734	-10.9815
0.735	-10.9825
0.736	-10.9835
0.737	-10.9844
0.738	-10.9854
0.739	-10.9864
0.74	-10.9873
0.741	-10.9883
0.742	-10.9892
0.743	-10.9901
0.744	-10.9911
0.745	-10.992
0.746	-10.9929
0.747	-10.9938
0.748	-10.9947
0.749	-10.9956
0.75	-10.9965
0.751	-10.9973
0.752	-10.9982
0.753	-10.9991
0.754	-10.9999
0.755	-11.0008
0.756	-11.0016
0.757	-11.0025
0.758	-11.0033
0.759	-11.0041
0.76	-11.005
0.761	-11.0058
0.762	-11.0066
0.763	-11.0074
0.764	-11.0082
0.765	-11.009
0.766	-11.0098
0.767	-11.0106
0.768	-11.0114
0.769	-11.0121
0.77	-11.0129
0.771	-11.0137
0.772	-11.0144
0.773	-11.0152
0.774	-11.0159
0.775	-11.0167
0.776	-11.0174
0.777	-11.0181
0.778	-11.0188
0.779	-11.0196
0.78	-11.0203
0.781	-11.021
0.782	-11.0217
0.783	-11.0224
0.784	-11.0231
0.785	-11.0238
0.786	-11.0245
0.787	-11.0251
0.788	-11.0258
0.789	-11.0265
0.79	-11.0272
0.791	-11.0278
0.792	-11.0285
0.793	-11.0291
0.794	-11.0298
0.795	-11.0304
0.796	-11.0311
0.797	-11.0317
0.798	-11.0323
0.799	-11.033
0.8	-11.0336
0.801	-11.0342
0.802	-11.0348
0.803	-11.0354
0.804	-11.036
0.805	-11.0366
0.806	-11.0372
0.807	-11.0378
0.808	-11.0384
0.809	-11.039
0.81	-11.0396
0.811	-11.0402
0.812	-11.0407
0.813	-11.0413
0.814	-11.0419
0.815	-11.0424
0.816	-11.043
0.817	-11.0435
0.818	-11.0441
0.819	-11.0446
0.82	-11.0452
0.821	-11.0457
0.822	-11.0463
0.823	-11.0468
0.824	-11.0473
0.825	-11.0478
0.826	-11.0484
0.827	-11.0489
0.828	-11.0494
0.829	-11.0499
0.83	-11.0504
0.831	-11.0509
0.832	-11.0514
0.833	-11.0519
0.834	-11.0524
0.835	-11.0529
0.836	-11.0534
0.837	-11.0539
0.838	-11.0544
0.839	-11.0548
0.84	-11.0553
0.841	-11.0558
0.842	-11.0563
0.843	-11.0567
0.844	-11.0572
0.845	-11.0577
0.846	-11.0581
0.847	-11.0586
0.848	-11.059
0.849	-11.0595
0.85	-11.0599
0.851	-11.0604
0.852	-11.0608
0.853	-11.0613
0.854	-11.0617
0.855	-11.0621
0.856	-11.0626
0.857	-11.063
0.858	-11.0634
0.859	-11.0638
0.86	-11.0643
0.861	-11.0647
0.862	-11.0651
0.863	-11.0655
0.864	-11.0659
0.865	-11.0663
0.866	-11.0667
0.867	-11.0671
0.868	-11.0675
0.869	-11.0679
0.87	-11.0683
0.871	-11.0687
0.872	-11.0691
0.873	-11.0695
0.874	-11.0699
0.875	-11.0703
0.876	-11.0707
0.877	-11.071
0.878	-11.0714
0.879	-11.0718
0.88	-11.0722
0.881	-11.0725
0.882	-11.0729
0.883	-11.0733
0.884	-11.0736
0.885	-11.074
0.886	-11.0744
0.887	-11.0747
0.888	-11.0751
0.889	-11.0754
0.89	-11.0758
0.891	-11.0761
0.892	-11.0765
0.893	-11.0768
0.894	-11.0772
0.895	-11.0775
0.896	-11.0779
0.897	-11.0782
0.898	-11.0786
0.899	-11.0789
0.9	-11.0792
0.901	-11.0796
0.902	-11.0799
0.903	-11.0802
0.904	-11.0806
0.905	-11.0809
0.906	-11.0812
0.907	-11.0816
0.908	-11.0819
0.909	-11.0822
0.91	-11.0825
0.911	-11.0828
0.912	-11.0832
0.913	-11.0835
0.914	-11.0838
0.915	-11.0841
0.916	-11.0844
0.917	-11.0847
0.918	-11.085
0.919	-11.0853
0.92	-11.0857
0.921	-11.086
0.922	-11.0863
0.923	-11.0866
0.924	-11.0869
0.925	-11.0872
0.926	-11.0875
0.927	-11.0878
0.928	-11.0881
0.929	-11.0884
0.93	-11.0887
0.931	-11.0889
0.932	-11.0892
0.933	-11.0895
0.934	-11.0898
0.935	-11.0901
0.936	-11.0904
0.937	-11.0907
0.938	-11.091
0.939	-11.0913
0.94	-11.0915
0.941	-11.0918
0.942	-11.0921
0.943	-11.0924
0.944	-11.0927
0.945	-11.093
0.946	-11.0932
0.947	-11.0935
0.948	-11.0938
0.949	-11.0941
0.95	-11.0943
0.951	-11.0946
0.952	-11.0949
0.953	-11.0952
0.954	-11.0954
0.955	-11.0957
0.956	-11.096
0.957	-11.0962
0.958	-11.0965
0.959	-11.0968
0.96	-11.0971
0.961	-11.0973
0.962	-11.0976
0.963	-11.0979
0.964	-11.0981
0.965	-11.0984
0.966	-11.0987
0.967	-11.0989
0.968	-11.0992
0.969	-11.0994
0.97	-11.0997
0.971	-11.1
0.972	-11.1002
0.973	-11.1005
0.974	-11.1008
0.975	-11.101
0.976	-11.1013
0.977	-11.1015
0.978	-11.1018
0.979	-11.1021
0.98	-11.1023
0.981	-11.1026
0.982	-11.1028
0.983	-11.1031
0.984	-11.1034
0.985	-11.1036
0.986	-11.1039
0.987	-11.1041
0.988	-11.1044
0.989	-11.1046
0.99	-11.1049
0.991	-11.1052
0.992	-11.1054
0.993	-11.1057
0.994	-11.1059
0.995	-11.1062
0.996	-11.1064
0.997	-11.1067
0.998	-11.1069
0.999	-11.1072
1	-11.1075
