0	-2.93981
0.001	-2.96909
0.002	-2.99832
0.003	-3.02748
0.004	-3.05658
0.005	-3.08562
0.006	-3.1146
0.007	-3.14352
0.008	-3.17239
0.009	-3.20119
0.01	-3.22993
0.011	-3.25861
0.012	-3.28723
0.013	-3.3158
0.014	-3.3443
0.015	-3.37274
0.016	-3.40112
0.017	-3.42945
0.018	-3.45771
0.019	-3.48591
0.02	-3.51406
0.021	-3.54214
0.022	-3.57016
0.023	-3.59813
0.024	-3.62603
0.025	-3.65387
0.026	-3.68166
0.027	-3.70938
0.028	-3.73704
0.029	-3.76465
0.03	-3.79219
0.031	-3.81968
0.032	-3.8471
0.033	-3.87447
0.034	-3.90177
0.035	-3.92902
0.036	-3.9562
0.037	-3.98333
0.038	-4.01039
0.039	-4.0374
0.04	-4.06434
0.041	-4.09123
0.042	-4.11805
0.043	-4.14482
0.044	-4.17152
0.045	-4.19817
0.046	-4.22476
0.047	-4.25128
0.048	-4.27775
0.049	-4.30415
0.05	-4.3305
0.051	-4.35679
0.052	-4.38302
0.053	-4.40918
0.054	-4.43529
0.055	-4.46134
0.056	-4.48732
0.057	-4.51325
0.058	-4.53912
0.059	-4.56493
0.06	-4.59068
0.061	-4.61636
0.062	-4.64199
0.063	-4.66756
0.064	-4.69307
0.065	-4.71852
0.066	-4.74391
0.067	-4.76924
0.068	-4.79451
0.069	-4.81972
0.07	-4.84487
0.071	-4.86996
0.072	-4.89499
0.073	-4.91996
0.074	-4.94487
0.075	-4.96972
0.076	-4.99451
0.077	-5.01924
0.078	-5.04391
0.079	-5.06852
0.08	-5.09308
0.081	-5.11757
0.082	-5.142
0.083	-5.16637
0.084	-5.19069
0.085	-5.21494
0.086	-5.23913
0.087	-5.26327
0.088	-5.28734
0.089	-5.31135
0.09	-5.33531
0.091	-5.3592
0.092	-5.38304
0.093	-5.40681
0.094	-5.43053
0.095	-5.45418
0.096	-5.47778
0.097	-5.50132
0.098	-5.52479
0.099	-5.54821
0.1	-5.57157
0.101	-5.59486
0.102	-5.6181
0.103	-5.64128
0.104	-5.6644
0.105	-5.68746
0.106	-5.71045
0.107	-5.73339
0.108	-5.75627
0.109	-5.77909
0.11	-5.80185
0.111	-5.82455
0.112	-5.8472
0.113	-5.86978
0.114	-5.8923
0.115	-5.91476
0.116	-5.93716
0.117	-5.95951
0.118	-5.98179
0.119	-6.00402
0.12	-6.02618
0.121	-6.04828
0.122	-6.07033
0.123	-6.09232
0.124	-6.11424
0.125	-6.13611
0.126	-6.15792
0.127	-6.17966
0.128	-6.20135
0.129	-6.22298
0.13	-6.24455
0.131	-6.26606
0.132	-6.28751
0.133	-6.3089
0.134	-6.33023
0.135	-6.3515
0.136	-6.37272
0.137	-6.39387
0.138	-6.41496
0.139	-6.436
0.14	-6.45697
0.141	-6.47789
0.142	-6.49875
0.143	-6.51954
0.144	-6.54028
0.145	-6.56096
0.146	-6.58158
0.147	-6.60214
0.148	-6.62264
0.149	-6.64308
0.15	-6.66346
0.151	-6.68379
0.152	-6.70405
0.153	-6.72425
0.154	-6.7444
0.155	-6.76449
0.156	-6.78451
0.157	-6.80448
0.158	-6.82439
0.159	-6.84424
0.16	-6.86403
0.161	-6.88376
0.162	-6.90343
0.163	-6.92305
0.164	-6.9426
0.165	-6.9621
0.166	-6.98153
0.167	-7.00091
0.168	-7.02023
0.169	-7.03949
0.17	-7.05869
0.171	-7.07783
0.172	-7.09691
0.173	-7.11594
0.174	-7.1349
0.175	-7.15381
0.176	-7.17266
0.177	-7.19145
0.178	-7.21018
0.179	-7.22885
0.18	-7.24746
0.181	-7.26602
0.182	-7.28451
0.183	-7.30295
0.184	-7.32133
0.185	-7.33965
0.186	-7.35791
0.187	-7.37611
0.188	-7.39425
0.189	-7.41234
0.19	-7.43037
0.191	-7.44834
0.192	-7.46625
0.193	-7.4841
0.194	-7.50189
0.195	-7.51963
0.196	-7.53731
0.197	-7.55492
0.198	-7.57249
0.199	-7.58999
0.2	-7.60743
0.201	-7.62482
0.202	-7.64215
0.203	-7.65942
0.204	-7.67663
0.205	-7.69378
0.206	-7.71088
0.207	-7.72792
0.208	-7.7449
0.209	-7.76182
0.21	-7.77869
0.211	-7.79549
0.212	-7.81224
0.213	-7.82893
0.214	-7.84557
0.215	-7.86214
0.216	-7.87866
0.217	-7.89512
0.218	-7.91153
0.219	-7.92787
0.22	-7.94416
0.221	-7.96039
0.222	-7.97657
0.223	-7.99268
0.224	-8.00874
0.225	-8.02475
0.226	-8.04069
0.227	-8.05658
0.228	-8.07241
0.229	-8.08818
0.23	-8.1039
0.231	-8.11956
0.232	-8.13516
0.233	-8.15071
0.234	-8.1662
0.235	-8.18163
0.236	-8.19701
0.237	-8.21233
0.238	-8.22759
0.239	-8.24279
0.24	-8.25794
0.241	-8.27304
0.242	-8.28807
0.243	-8.30305
0.244	-8.31798
0.245	-8.33284
0.246	-8.34765
0.247	-8.36241
0.248	-8.37711
0.249	-8.39175
0.25	-8.40634
0.251	-8.42087
0.252	-8.43535
0.253	-8.44977
0.254	-8.46413
0.255	-8.47844
0.256	-8.49269
0.257	-8.50689
0.258	-8.52103
0.259	-8.53512
0.26	-8.54915
0.261	-8.56312
0.262	-8.57704
0.263	-8.59091
0.264	-8.60472
0.265	-8.61847
0.266	-8.63217
0.267	-8.64582
0.268	-8.65941
0.269	-8.67294
0.27	-8.68643
0.271	-8.69985
0.272	-8.71322
0.273	-8.72654
0.274	-8.7398
0.275	-8.75301
0.276	-8.76617
0.277	-8.77927
0.278	-8.79231
0.279	-8.80531
0.28	-8.81824
0.281	-8.83113
0.282	-8.84396
0.283	-8.85674
0.284	-8.86946
0.285	-8.88213
0.286	-8.89475
0.287	-8.90731
0.288	-8.91982
0.289	-8.93228
0.29	-8.94468
0.291	-8.95703
0.292	-8.96933
0.293	-8.98157
0.294	-8.99376
0.295	-9.0059
0.296	-9.01799
0.297	-9.03002
0.298	-9.042
0.299	-9.05393
0.3	-9.06581
0.301	-9.07764
0.302	-9.08941
0.303	-9.10113
0.304	-9.1128
0.305	-9.12441
0.306	-9.13598
0.307	-9.14749
0.308	-9.15896
0.309	-9.17037
0.31	-9.18173
0.311	-9.19304
0.312	-9.20429
0.313	-9.2155
0.314	-9.22666
0.315	-9.23776
0.316	-9.24881
0.317	-9.25982
0.318	-9.27077
0.319	-9.28167
0.32	-9.29253
0.321	-9.30333
0.322	-9.31408
0.323	-9.32478
0.324	-9.33543
0.325	-9.34604
0.326	-9.35659
0.327	-9.36709
0.328	-9.37755
0.329	-9.38795
0.33	-9.39831
0.331	-9.40861
0.332	-9.41887
0.333	-9.42908
0.334	-9.43924
0.335	-9.44935
0.336	-9.45941
0.337	-9.46943
0.338	-9.47939
0.339	-9.48931
0.34	-9.49918
0.341	-9.509
0.342	-9.51878
0.343	-9.52851
0.344	-9.53818
0.345	-9.54782
0.346	-9.5574
0.347	-9.56694
0.348	-9.57643
0.349	-9.58587
0.35	-9.59527
0.351	-9.60461
0.352	-9.61392
0.353	-9.62317
0.354	-9.63238
0.355	-9.64155
0.356	-9.65066
0.357	-9.65974
0.358	-9.66876
0.359	-9.67774
0.36	-9.68668
0.361	-9.69557
0.362	-9.70441
0.363	-9.71321
0.364	-9.72196
0.365	-9.73067
0.366	-9.73933
0.367	-9.74795
0.368	-9.75653
0.369	-9.76506
0.37	-9.77354
0.371	-9.78198
0.372	-9.79038
0.373	-9.79874
0.374	-9.80705
0.375	-9.81531
0.376	-9.82354
0.377	-9.83171
0.378	-9.83985
0.379	-9.84794
0.38	-9.856
0.381	-9.864
0.382	-9.87197
0.383	-9.87989
0.384	-9.88777
0.385	-9.89561
0.386	-9.9034
0.387	-9.91116
0.388	-9.91887
0.389	-9.92654
0.39	-9.93417
0.391	-9.94176
0.392	-9.9493
0.393	-9.95681
0.394	-9.96427
0.395	-9.9717
0.396	-9.97908
0.397	-9.98642
0.398	-9.99372
0.399	-10.001
0.4	-10.0082
0.401	-10.0154
0.402	-10.0225
0.403	-10.0296
0.404	-10.0367
0.405	-10.0437
0.406	-10.0507
0.407	-10.0576
0.408	-10.0646
0.409	-10.0714
0.41	-10.0782
0.411	-10.085
0.412	-10.0918
0.413	-10.0985
0.414	-10.1052
0.415	-10.1118
0.416	-10.1184
0.417	-10.125
0.418	-10.1315
0.419	-10.138
0.42	-10.1444
0.421	-10.1508
0.422	-10.1572
0.423	-10.1636
0.424	-10.1699
0.425	-10.1761
0.426	-10.1824
0.427	-10.1886
0.428	-10.1947
0.429	-10.2008
0.43	-10.2069
0.431	-10.213
0.432	-10.219
0.433	-10.225
0.434	-10.2309
0.435	-10.2368
0.436	-10.2427
0.437	-10.2485
0.438	-10.2543
0.439	-10.2601
0.44	-10.2658
0.441	-10.2715
0.442	-10.2772
0.443	-10.2828
0.444	-10.2884
0.445	-10.294
0.446	-10.2996
0.447	-10.3051
0.448	-10.3105
0.449	-10.316
0.45	-10.3214
0.451	-10.3267
0.452	-10.3321
0.453	-10.3374
0.454	-10.3426
0.455	-10.3479
0.456	-10.3531
0.457	-10.3583
0.458	-10.3634
0.459	-10.3685
0.46	-10.3736
0.461	-10.3787
0.462	-10.3837
0.463	-10.3887
0.464	-10.3936
0.465	-10.3986
0.466	-10.4035
0.467	-10.4083
0.468	-10.4132
0.469	-10.418
0.47	-10.4227
0.471	-10.4275
0.472	-10.4322
0.473	-10.4369
0.474	-10.4416
0.475	-10.4462
0.476	-10.4508
0.477	-10.4554
0.478	-10.4599
0.479	-10.4644
0.48	-10.4689
0.481	-10.4734
0.482	-10.4778
0.483	-10.4822
0.484	-10.4866
0.485	-10.4909
0.486	-10.4952
0.487	-10.4995
0.488	-10.5038
0.489	-10.508
0.49	-10.5123
0.491	-10.5164
0.492	-10.5206
0.493	-10.5247
0.494	-10.5288
0.495	-10.5329
0.496	-10.537
0.497	-10.541
0.498	-10.545
0.499	-10.549
0.5	-10.5529
0.501	-10.5568
0.502	-10.5607
0.503	-10.5646
0.504	-10.5684
0.505	-10.5723
0.506	-10.5761
0.507	-10.5798
0.508	-10.5836
0.509	-10.5873
0.51	-10.591
0.511	-10.5947
0.512	-10.5983
0.513	-10.602
0.514	-10.6056
0.515	-10.6091
0.516	-10.6127
0.517	-10.6162
0.518	-10.6197
0.519	-10.6232
0.52	-10.6267
0.521	-10.6301
0.522	-10.6335
0.523	-10.6369
0.524	-10.6403
0.525	-10.6437
0.526	-10.647
0.527	-10.6503
0.528	-10.6536
0.529	-10.6568
0.53	-10.6601
0.531	-10.6633
0.532	-10.6665
0.533	-10.6697
0.534	-10.6728
0.535	-10.676
0.536	-10.6791
0.537	-10.6822
0.538	-10.6852
0.539	-10.6883
0.54	-10.6913
0.541	-10.6943
0.542	-10.6973
0.543	-10.7003
0.544	-10.7032
0.545	-10.7061
0.546	-10.7091
0.547	-10.7119
0.548	-10.7148
0.549	-10.7177
0.55	-10.7205
0.551	-10.7233
0.552	-10.7261
0.553	-10.7289
0.554	-10.7316
0.555	-10.7344
0.556	-10.7371
0.557	-10.7398
0.558	-10.7425
0.559	-10.7451
0.56	-10.7478
0.561	-10.7504
0.562	-10.753
0.563	-10.7556
0.564	-10.7582
0.565	-10.7607
0.566	-10.7632
0.567	-10.7658
0.568	-10.7683
0.569	-10.7708
0.57	-10.7732
0.571	-10.7757
0.572	-10.7781
0.573	-10.7805
0.574	-10.7829
0.575	-10.7853
0.576	-10.7877
0.577	-10.79
0.578	-10.7924
0.579	-10.7947
0.58	-10.797
0.581	-10.7993
0.582	-10.8015
0.583	-10.8038
0.584	-10.806
0.585	-10.8082
0.586	-10.8105
0.587	-10.8126
0.588	-10.8148
0.589	-10.817
0.59	-10.8191
0.591	-10.8213
0.592	-10.8234
0.593	-10.8255
0.594	-10.8276
0.595	-10.8296
0.596	-10.8317
0.597	-10.8337
0.598	-10.8358
0.599	-10.8378
0.6	-10.8398
0.601	-10.8418
0.602	-10.8437
0.603	-10.8457
0.604	-10.8476
0.605	-10.8496
0.606	-10.8515
0.607	-10.8534
0.608	-10.8553
0.609	-10.8572
0.61	-10.859
0.611	-10.8609
0.612	-10.8627
0.613	-10.8645
0.614	-10.8663
0.615	-10.8681
0.616	-10.8699
0.617	-10.8717
0.618	-10.8735
0.619	-10.8752
0.62	-10.8769
0.621	-10.8787
0.622	-10.8804
0.623	-10.8821
0.624	-10.8838
0.625	-10.8854
0.626	-10.8871
0.627	-10.8888
0.628	-10.8904
0.629	-10.892
0.63	-10.8936
0.631	-10.8952
0.632	-10.8968
0.633	-10.8984
0.634	-10.9
0.635	-10.9015
0.636	-10.9031
0.637	-10.9046
0.638	-10.9062
0.639	-10.9077
0.64	-10.9092
0.641	-10.9107
0.642	-10.9122
0.643	-10.9136
0.644	-10.9151
0.645	-10.9165
0.646	-10.918
0.647	-10.9194
0.648	-10.9208
0.649	-10.9222
0.65	-10.9236
0.651	-10.925
0.652	-10.9264
0.653	-10.9278
0.654	-10.9291
0.655	-10.9305
0.656	-10.9318
0.657	-10.9332
0.658	-10.9345
0.659	-10.9358
0.66	-10.9371
0.661	-10.9384
0.662	-10.9397
0.663	-10.9409
0.664	-10.9422
0.665	-10.9435
0.666	-10.9447
0.667	-10.9459
0.668	-10.9472
0.669	-10.9484
0.67	-10.9496
0.671	-10.9508
0.672	-10.952
0.673	-10.9532
0.674	-10.9544
0.675	-10.9555
0.676	-10.9567
0.677	-10.9578
0.678	-10.959
0.679	-10.9601
0.68	-10.9612
0.681	-10.9624
0.682	-10.9635
0.683	-10.9646
0.684	-10.9657
0.685	-10.9667
0.686	-10.9678
0.687	-10.9689
0.688	-10.97
0.689	-10.971
0.69	-10.9721
0.691	-10.9731
0.692	-10.9741
0.693	-10.9752
0.694	-10.9762
0.695	-10.9772
0.696	-10.9782
0.697	-10.9792
0.698	-10.9802
0.699	-10.9812
0.7	-10.9821
0.701	-10.9831
0.702	-10.9841
0.703	-10.985
0.704	-10.9859
0.705	-10.9869
0.706	-10.9878
0.707	-10.9887
0.708	-10.9897
0.709	-10.9906
0.71	-10.9915
0.711	-10.9924
0.712	-10.9933
0.713	-10.9942
0.714	-10.995
0.715	-10.9959
0.716	-10.9968
0.717	-10.9976
0.718	-10.9985
0.719	-10.9993
0.72	-11.0002
0.721	-11.001
0.722	-11.0018
0.723	-11.0027
0.724	-11.0035
0.725	-11.0043
0.726	-11.0051
0.727	-11.0059
0.728	-11.0067
0.729	-11.0075
0.73	-11.0083
0.731	-11.0091
0.732	-11.0098
0.733	-11.0106
0.734	-11.0113
0.735	-11.0121
0.736	-11.0129
0.737	-11.0136
0.738	-11.0143
0.739	-11.0151
0.74	-11.0158
0.741	-11.0165
0.742	-11.0172
0.743	-11.018
0.744	-11.0187
0.745	-11.0194
0.746	-11.0201
0.747	-11.0208
0.748	-11.0214
0.749	-11.0221
0.75	-11.0228
0.751	-11.0235
0.752	-11.0241
0.753	-11.0248
0.754	-11.0255
0.755	-11.0261
0.756	-11.0268
0.757	-11.0274
0.758	-11.028
0.759	-11.0287
0.76	-11.0293
0.761	-11.0299
0.762	-11.0306
0.763	-11.0312
0.764	-11.0318
0.765	-11.0324
0.766	-11.033
0.767	-11.0336
0.768	-11.0342
0.769	-11.0348
0.77	-11.0354
0.771	-11.036
0.772	-11.0365
0.773	-11.0371
0.774	-11.0377
0.775	-11.0382
0.776	-11.0388
0.777	-11.0394
0.778	-11.0399
0.779	-11.0405
0.78	-11.041
0.781	-11.0416
0.782	-11.0421
0.783	-11.0426
0.784	-11.0432
0.785	-11.0437
0.786	-11.0442
0.787	-11.0447
0.788	-11.0453
0.789	-11.0458
0.79	-11.0463
0.791	-11.0468
0.792	-11.0473
0.793	-11.0478
0.794	-11.0483
0.795	-11.0488
0.796	-11.0493
0.797	-11.0497
0.798	-11.0502
0.799	-11.0507
0.8	-11.0512
0.801	-11.0517
0.802	-11.0521
0.803	-11.0526
0.804	-11.053
0.805	-11.0535
0.806	-11.054
0.807	-11.0544
0.808	-11.0549
0.809	-11.0553
0.81	-11.0558
0.811	-11.0562
0.812	-11.0566
0.813	-11.0571
0.814	-11.0575
0.815	-11.0579
0.816	-11.0584
0.817	-11.0588
0.818	-11.0592
0.819	-11.0596
0.82	-11.06
0.821	-11.0604
0.822	-11.0609
0.823	-11.0613
0.824	-11.0617
0.825	-11.0621
0.826	-11.0625
0.827	-11.0629
0.828	-11.0632
0.829	-11.0636
0.83	-11.064
0.831	-11.0644
0.832	-11.0648
0.833	-11.0652
0.834	-11.0656
0.835	-11.0659
0.836	-11.0663
0.837	-11.0667
0.838	-11.067
0.839	-11.0674
0.84	-11.0678
0.841	-11.0681
0.842	-11.0685
0.843	-11.0688
0.844	-11.0692
0.845	-11.0695
0.846	-11.0699
0.847	-11.0702
0.848	-11.0706
0.849	-11.0709
0.85	-11.0713
0.851	-11.0716
0.852	-11.072
0.853	-11.0723
0.854	-11.0726
0.855	-11.0729
0.856	-11.0733
0.857	-11.0736
0.858	-11.0739
0.859	-11.0743
0.86	-11.0746
0.861	-11.0749
0.862	-11.0752
0.863	-11.0755
0.864	-11.0758
0.865	-11.0761
0.866	-11.0765
0.867	-11.0768
0.868	-11.0771
0.869	-11.0774
0.87	-11.0777
0.871	-11.078
0.872	-11.0783
0.873	-11.0786
0.874	-11.0789
0.875	-11.0792
0.876	-11.0794
0.877	-11.0797
0.878	-11.08
0.879	-11.0803
0.88	-11.0806
0.881	-11.0809
0.882	-11.0812
0.883	-11.0814
0.884	-11.0817
0.885	-11.082
0.886	-11.0823
0.887	-11.0825
0.888	-11.0828
0.889	-11.0831
0.89	-11.0834
0.891	-11.0836
0.892	-11.0839
0.893	-11.0842
0.894	-11.0844
0.895	-11.0847
0.896	-11.085
0.897	-11.0852
0.898	-11.0855
0.899	-11.0857
0.9	-11.086
0.901	-11.0862
0.902	-11.0865
0.903	-11.0867
0.904	-11.087
0.905	-11.0872
0.906	-11.0875
0.907	-11.0877
0.908	-11.088
0.909	-11.0882
0.91	-11.0885
0.911	-11.0887
0.912	-11.089
0.913	-11.0892
0.914	-11.0894
0.915	-11.0897
0.916	-11.0899
0.917	-11.0902
0.918	-11.0904
0.919	-11.0906
0.92	-11.0909
0.921	-11.0911
0.922	-11.0913
0.923	-11.0916
0.924	-11.0918
0.925	-11.092
0.926	-11.0922
0.927	-11.0925
0.928	-11.0927
0.929	-11.0929
0.93	-11.0931
0.931	-11.0934
0.932	-11.0936
0.933	-11.0938
0.934	-11.094
0.935	-11.0943
0.936	-11.0945
0.937	-11.0947
0.938	-11.0949
0.939	-11.0951
0.94	-11.0953
0.941	-11.0956
0.942	-11.0958
0.943	-11.096
0.944	-11.0962
0.945	-11.0964
0.946	-11.0966
0.947	-11.0968
0.948	-11.0971
0.949	-11.0973
0.95	-11.0975
0.951	-11.0977
0.952	-11.0979
0.953	-11.0981
0.954	-11.0983
0.955	-11.0985
0.956	-11.0987
0.957	-11.0989
0.958	-11.0991
0.959	-11.0993
0.96	-11.0995
0.961	-11.0997
0.962	-11.1
0.963	-11.1002
0.964	-11.1004
0.965	-11.1006
0.966	-11.1008
0.967	-11.101
0.968	-11.1012
0.969	-11.1014
0.97	-11.1016
0.971	-11.1018
0.972	-11.102
0.973	-11.1022
0.974	-11.1024
0.975	-11.1026
0.976	-11.1028
0.977	-11.103
0.978	-11.1032
0.979	-11.1034
0.98	-11.1035
0.981	-11.1037
0.982	-11.1039
0.983	-11.1041
0.984	-11.1043
0.985	-11.1045
0.986	-11.1047
0.987	-11.1049
0.988	-11.1051
0.989	-11.1053
0.99	-11.1055
0.991	-11.1057
0.992	-11.1059
0.993	-11.1061
0.994	-11.1063
0.995	-11.1065
0.996	-11.1067
0.997	-11.1069
0.998	-11.1071
0.999	-11.1073
1	-11.1075
