0	2.47563
0.001	2.43682
0.002	2.39807
0.003	2.35938
0.004	2.32075
0.005	2.28218
0.006	2.24367
0.007	2.20522
0.008	2.16682
0.009	2.12849
0.01	2.09022
0.011	2.05201
0.012	2.01386
0.013	1.97577
0.014	1.93774
0.015	1.89976
0.016	1.86185
0.017	1.824
0.018	1.78621
0.019	1.74848
0.02	1.71081
0.021	1.67319
0.022	1.63564
0.023	1.59815
0.024	1.56072
0.025	1.52335
0.026	1.48603
0.027	1.44878
0.028	1.41159
0.029	1.37446
0.03	1.33738
0.031	1.30037
0.032	1.26342
0.033	1.22652
0.034	1.18969
0.035	1.15292
0.036	1.11621
0.037	1.07955
0.038	1.04296
0.039	1.00643
0.04	0.969953
0.041	0.933539
0.042	0.897186
0.043	0.860892
0.044	0.824659
0.045	0.788485
0.046	0.752371
0.047	0.716318
0.048	0.680324
0.049	0.64439
0.05	0.608516
0.051	0.572702
0.052	0.536948
0.053	0.501253
0.054	0.465619
0.055	0.430045
0.056	0.39453
0.057	0.359076
0.058	0.323681
0.059	0.288347
0.06	0.253072
0.061	0.217857
0.062	0.182702
0.063	0.147607
0.064	0.112572
0.065	0.0775971
0.066	0.042682
0.067	0.00782677
0.068	-0.0269685
0.069	-0.0617039
0.07	-0.0963793
0.071	-0.130995
0.072	-0.16555
0.073	-0.200046
0.074	-0.234482
0.075	-0.268858
0.076	-0.303173
0.077	-0.337429
0.078	-0.371625
0.079	-0.405761
0.08	-0.439838
0.081	-0.473854
0.082	-0.50781
0.083	-0.541707
0.084	-0.575543
0.085	-0.60932
0.086	-0.643036
0.087	-0.676693
0.088	-0.71029
0.089	-0.743826
0.09	-0.777303
0.091	-0.81072
0.092	-0.844077
0.093	-0.877374
0.094	-0.910612
0.095	-0.943789
0.096	-0.976906
0.097	-1.00996
0.098	-1.04296
0.099	-1.0759
0.1	-1.10878
0.101	-1.14159
0.102	-1.17435
0.103	-1.20705
0.104	-1.23969
0.105	-1.27227
0.106	-1.30478
0.107	-1.33724
0.108	-1.36964
0.109	-1.40198
0.11	-1.43426
0.111	-1.46648
0.112	-1.49863
0.113	-1.53073
0.114	-1.56277
0.115	-1.59475
0.116	-1.62667
0.117	-1.65853
0.118	-1.69033
0.119	-1.72207
0.12	-1.75374
0.121	-1.78536
0.122	-1.81692
0.123	-1.84842
0.124	-1.87986
0.125	-1.91124
0.126	-1.94256
0.127	-1.97382
0.128	-2.00502
0.129	-2.03616
0.13	-2.06724
0.131	-2.09826
0.132	-2.12922
0.133	-2.16012
0.134	-2.19096
0.135	-2.22174
0.136	-2.25246
0.137	-2.28312
0.138	-2.31372
0.139	-2.34426
0.14	-2.37474
0.141	-2.40516
0.142	-2.43553
0.143	-2.46583
0.144	-2.49607
0.145	-2.52625
0.146	-2.55637
0.147	-2.58643
0.148	-2.61643
0.149	-2.64637
0.15	-2.67626
0.151	-2.70608
0.152	-2.73584
0.153	-2.76554
0.154	-2.79518
0.155	-2.82476
0.156	-2.85429
0.157	-2.88375
0.158	-2.91315
0.159	-2.94249
0.16	-2.97178
0.161	-3.001
0.162	-3.03016
0.163	-3.05926
0.164	-3.08831
0.165	-3.11729
0.166	-3.14621
0.167	-3.17508
0.168	-3.20388
0.169	-3.23262
0.17	-3.26131
0.171	-3.28993
0.172	-3.31849
0.173	-3.347
0.174	-3.37544
0.175	-3.40382
0.176	-3.43215
0.177	-3.46041
0.178	-3.48862
0.179	-3.51676
0.18	-3.54484
0.181	-3.57287
0.182	-3.60083
0.183	-3.62874
0.184	-3.65658
0.185	-3.68437
0.186	-3.71209
0.187	-3.73976
0.188	-3.76736
0.189	-3.79491
0.19	-3.82239
0.191	-3.84982
0.192	-3.87718
0.193	-3.90449
0.194	-3.93174
0.195	-3.95892
0.196	-3.98605
0.197	-4.01311
0.198	-4.04012
0.199	-4.06707
0.2	-4.09395
0.201	-4.12078
0.202	-4.14755
0.203	-4.17426
0.204	-4.2009
0.205	-4.22749
0.206	-4.25402
0.207	-4.28048
0.208	-4.30689
0.209	-4.33324
0.21	-4.35953
0.211	-4.38576
0.212	-4.41192
0.213	-4.43803
0.214	-4.46408
0.215	-4.49007
0.216	-4.516
0.217	-4.54187
0.218	-4.56768
0.219	-4.59343
0.22	-4.61912
0.221	-4.64475
0.222	-4.67031
0.223	-4.69582
0.224	-4.72128
0.225	-4.74667
0.226	-4.772
0.227	-4.79727
0.228	-4.82248
0.229	-4.84763
0.23	-4.87272
0.231	-4.89775
0.232	-4.92272
0.233	-4.94763
0.234	-4.97249
0.235	-4.99728
0.236	-5.02201
0.237	-5.04668
0.238	-5.0713
0.239	-5.09585
0.24	-5.12034
0.241	-5.14478
0.242	-5.16915
0.243	-5.19346
0.244	-5.21772
0.245	-5.24191
0.246	-5.26605
0.247	-5.29012
0.248	-5.31414
0.249	-5.33809
0.25	-5.36199
0.251	-5.38582
0.252	-5.4096
0.253	-5.43332
0.254	-5.45697
0.255	-5.48057
0.256	-5.50411
0.257	-5.52759
0.258	-5.551
0.259	-5.57436
0.26	-5.59766
0.261	-5.6209
0.262	-5.64408
0.263	-5.6672
0.264	-5.69026
0.265	-5.71326
0.266	-5.7362
0.267	-5.75908
0.268	-5.7819
0.269	-5.80466
0.27	-5.82736
0.271	-5.85001
0.272	-5.87259
0.273	-5.89511
0.274	-5.91758
0.275	-5.93998
0.276	-5.96232
0.277	-5.98461
0.278	-6.00683
0.279	-6.029
0.28	-6.05111
0.281	-6.07315
0.282	-6.09514
0.283	-6.11707
0.284	-6.13893
0.285	-6.16074
0.286	-6.18249
0.287	-6.20418
0.288	-6.22581
0.289	-6.24738
0.29	-6.26889
0.291	-6.29034
0.292	-6.31174
0.293	-6.33307
0.294	-6.35434
0.295	-6.37556
0.296	-6.39671
0.297	-6.41781
0.298	-6.43884
0.299	-6.45982
0.3	-6.48074
0.301	-6.50159
0.302	-6.52239
0.303	-6.54313
0.304	-6.56381
0.305	-6.58443
0.306	-6.60499
0.307	-6.62549
0.308	-6.64594
0.309	-6.66632
0.31	-6.68664
0.311	-6.70691
0.312	-6.72711
0.313	-6.74726
0.314	-6.76735
0.315	-6.78738
0.316	-6.80735
0.317	-6.82726
0.318	-6.84711
0.319	-6.8669
0.32	-6.88663
0.321	-6.9063
0.322	-6.92592
0.323	-6.94547
0.324	-6.96497
0.325	-6.98441
0.326	-7.00379
0.327	-7.02311
0.328	-7.04237
0.329	-7.06157
0.33	-7.08071
0.331	-7.0998
0.332	-7.11882
0.333	-7.13779
0.334	-7.1567
0.335	-7.17555
0.336	-7.19434
0.337	-7.21307
0.338	-7.23174
0.339	-7.25036
0.34	-7.26891
0.341	-7.28741
0.342	-7.30585
0.343	-7.32423
0.344	-7.34255
0.345	-7.36081
0.346	-7.37901
0.347	-7.39716
0.348	-7.41525
0.349	-7.43328
0.35	-7.45125
0.351	-7.46916
0.352	-7.48701
0.353	-7.50481
0.354	-7.52254
0.355	-7.54022
0.356	-7.55784
0.357	-7.5754
0.358	-7.59291
0.359	-7.61035
0.36	-7.62774
0.361	-7.64507
0.362	-7.66234
0.363	-7.67956
0.364	-7.69671
0.365	-7.71381
0.366	-7.73085
0.367	-7.74783
0.368	-7.76476
0.369	-7.78162
0.37	-7.79843
0.371	-7.81518
0.372	-7.83187
0.373	-7.84851
0.374	-7.86509
0.375	-7.88161
0.376	-7.89807
0.377	-7.91448
0.378	-7.93082
0.379	-7.94711
0.38	-7.96335
0.381	-7.97952
0.382	-7.99564
0.383	-8.0117
0.384	-8.02771
0.385	-8.04365
0.386	-8.05954
0.387	-8.07537
0.388	-8.09115
0.389	-8.10687
0.39	-8.12253
0.391	-8.13813
0.392	-8.15368
0.393	-8.16917
0.394	-8.18461
0.395	-8.19998
0.396	-8.2153
0.397	-8.23057
0.398	-8.24577
0.399	-8.26093
0.4	-8.27602
0.401	-8.29106
0.402	-8.30604
0.403	-8.32097
0.404	-8.33584
0.405	-8.35065
0.406	-8.36541
0.407	-8.38011
0.408	-8.39475
0.409	-8.40934
0.41	-8.42387
0.411	-8.43835
0.412	-8.45277
0.413	-8.46714
0.414	-8.48145
0.415	-8.4957
0.416	-8.5099
0.417	-8.52405
0.418	-8.53813
0.419	-8.55217
0.42	-8.56614
0.421	-8.58007
0.422	-8.59393
0.423	-8.60775
0.424	-8.6215
0.425	-8.6352
0.426	-8.64885
0.427	-8.66244
0.428	-8.67598
0.429	-8.68947
0.43	-8.70289
0.431	-8.71627
0.432	-8.72959
0.433	-8.74285
0.434	-8.75606
0.435	-8.76922
0.436	-8.78232
0.437	-8.79537
0.438	-8.80837
0.439	-8.82131
0.44	-8.83419
0.441	-8.84703
0.442	-8.85981
0.443	-8.87253
0.444	-8.8852
0.445	-8.89782
0.446	-8.91039
0.447	-8.9229
0.448	-8.93536
0.449	-8.94776
0.45	-8.96012
0.451	-8.97242
0.452	-8.98466
0.453	-8.99686
0.454	-9.009
0.455	-9.02109
0.456	-9.03313
0.457	-9.04511
0.458	-9.05704
0.459	-9.06892
0.46	-9.08075
0.461	-9.09252
0.462	-9.10425
0.463	-9.11592
0.464	-9.12754
0.465	-9.13911
0.466	-9.15063
0.467	-9.16209
0.468	-9.1735
0.469	-9.18487
0.47	-9.19618
0.471	-9.20744
0.472	-9.21865
0.473	-9.22981
0.474	-9.24092
0.475	-9.25197
0.476	-9.26298
0.477	-9.27394
0.478	-9.28484
0.479	-9.2957
0.48	-9.3065
0.481	-9.31726
0.482	-9.32796
0.483	-9.33862
0.484	-9.34922
0.485	-9.35978
0.486	-9.37029
0.487	-9.38075
0.488	-9.39115
0.489	-9.40151
0.49	-9.41182
0.491	-9.42208
0.492	-9.4323
0.493	-9.44246
0.494	-9.45258
0.495	-9.46264
0.496	-9.47266
0.497	-9.48263
0.498	-9.49255
0.499	-9.50243
0.5	-9.51225
0.501	-9.52203
0.502	-9.53176
0.503	-9.54144
0.504	-9.55108
0.505	-9.56067
0.506	-9.57021
0.507	-9.5797
0.508	-9.58915
0.509	-9.59855
0.51	-9.6079
0.511	-9.61721
0.512	-9.62647
0.513	-9.63569
0.514	-9.64485
0.515	-9.65398
0.516	-9.66305
0.517	-9.67208
0.518	-9.68107
0.519	-9.69001
0.52	-9.6989
0.521	-9.70775
0.522	-9.71655
0.523	-9.72531
0.524	-9.73402
0.525	-9.74269
0.526	-9.75132
0.527	-9.7599
0.528	-9.76843
0.529	-9.77692
0.53	-9.78537
0.531	-9.79377
0.532	-9.80213
0.533	-9.81045
0.534	-9.81872
0.535	-9.82695
0.536	-9.83513
0.537	-9.84328
0.538	-9.85138
0.539	-9.85943
0.54	-9.86745
0.541	-9.87542
0.542	-9.88334
0.543	-9.89123
0.544	-9.89908
0.545	-9.90688
0.546	-9.91464
0.547	-9.92236
0.548	-9.93003
0.549	-9.93767
0.55	-9.94526
0.551	-9.95282
0.552	-9.96033
0.553	-9.9678
0.554	-9.97523
0.555	-9.98262
0.556	-9.98997
0.557	-9.99728
0.558	-10.0045
0.559	-10.0118
0.56	-10.019
0.561	-10.0261
0.562	-10.0332
0.563	-10.0403
0.564	-10.0473
0.565	-10.0543
0.566	-10.0613
0.567	-10.0682
0.568	-10.0751
0.569	-10.0819
0.57	-10.0887
0.571	-10.0954
0.572	-10.1022
0.573	-10.1088
0.574	-10.1155
0.575	-10.1221
0.576	-10.1287
0.577	-10.1352
0.578	-10.1417
0.579	-10.1482
0.58	-10.1546
0.581	-10.161
0.582	-10.1673
0.583	-10.1736
0.584	-10.1799
0.585	-10.1861
0.586	-10.1923
0.587	-10.1985
0.588	-10.2046
0.589	-10.2107
0.59	-10.2168
0.591	-10.2228
0.592	-10.2288
0.593	-10.2348
0.594	-10.2407
0.595	-10.2466
0.596	-10.2524
0.597	-10.2582
0.598	-10.264
0.599	-10.2698
0.6	-10.2755
0.601	-10.2812
0.602	-10.2868
0.603	-10.2924
0.604	-10.298
0.605	-10.3035
0.606	-10.309
0.607	-10.3145
0.608	-10.32
0.609	-10.3254
0.61	-10.3308
0.611	-10.3361
0.612	-10.3414
0.613	-10.3467
0.614	-10.352
0.615	-10.3572
0.616	-10.3624
0.617	-10.3675
0.618	-10.3727
0.619	-10.3778
0.62	-10.3828
0.621	-10.3879
0.622	-10.3929
0.623	-10.3978
0.624	-10.4028
0.625	-10.4077
0.626	-10.4126
0.627	-10.4174
0.628	-10.4222
0.629	-10.427
0.63	-10.4318
0.631	-10.4365
0.632	-10.4412
0.633	-10.4459
0.634	-10.4506
0.635	-10.4552
0.636	-10.4598
0.637	-10.4643
0.638	-10.4688
0.639	-10.4734
0.64	-10.4778
0.641	-10.4823
0.642	-10.4867
0.643	-10.4911
0.644	-10.4954
0.645	-10.4998
0.646	-10.5041
0.647	-10.5084
0.648	-10.5126
0.649	-10.5168
0.65	-10.521
0.651	-10.5252
0.652	-10.5294
0.653	-10.5335
0.654	-10.5376
0.655	-10.5417
0.656	-10.5457
0.657	-10.5497
0.658	-10.5537
0.659	-10.5577
0.66	-10.5616
0.661	-10.5655
0.662	-10.5694
0.663	-10.5733
0.664	-10.5771
0.665	-10.5809
0.666	-10.5847
0.667	-10.5885
0.668	-10.5922
0.669	-10.596
0.67	-10.5997
0.671	-10.6033
0.672	-10.607
0.673	-10.6106
0.674	-10.6142
0.675	-10.6178
0.676	-10.6213
0.677	-10.6249
0.678	-10.6284
0.679	-10.6319
0.68	-10.6353
0.681	-10.6388
0.682	-10.6422
0.683	-10.6456
0.684	-10.6489
0.685	-10.6523
0.686	-10.6556
0.687	-10.6589
0.688	-10.6622
0.689	-10.6655
0.69	-10.6687
0.691	-10.6719
0.692	-10.6751
0.693	-10.6783
0.694	-10.6815
0.695	-10.6846
0.696	-10.6877
0.697	-10.6908
0.698	-10.6939
0.699	-10.697
0.7	-10.7
0.701	-10.703
0.702	-10.706
0.703	-10.709
0.704	-10.7119
0.705	-10.7149
0.706	-10.7178
0.707	-10.7207
0.708	-10.7236
0.709	-10.7264
0.71	-10.7293
0.711	-10.7321
0.712	-10.7349
0.713	-10.7377
0.714	-10.7404
0.715	-10.7432
0.716	-10.7459
0.717	-10.7486
0.718	-10.7513
0.719	-10.754
0.72	-10.7566
0.721	-10.7593
0.722	-10.7619
0.723	-10.7645
0.724	-10.7671
0.725	-10.7697
0.726	-10.7722
0.727	-10.7748
0.728	-10.7773
0.729	-10.7798
0.73	-10.7823
0.731	-10.7847
0.732	-10.7872
0.733	-10.7896
0.734	-10.792
0.735	-10.7944
0.736	-10.7968
0.737	-10.7992
0.738	-10.8015
0.739	-10.8039
0.74	-10.8062
0.741	-10.8085
0.742	-10.8108
0.743	-10.8131
0.744	-10.8153
0.745	-10.8176
0.746	-10.8198
0.747	-10.822
0.748	-10.8242
0.749	-10.8264
0.75	-10.8286
0.751	-10.8307
0.752	-10.8329
0.753	-10.835
0.754	-10.8371
0.755	-10.8392
0.756	-10.8413
0.757	-10.8434
0.758	-10.8454
0.759	-10.8475
0.76	-10.8495
0.761	-10.8515
0.762	-10.8535
0.763	-10.8555
0.764	-10.8575
0.765	-10.8595
0.766	-10.8614
0.767	-10.8633
0.768	-10.8653
0.769	-10.8672
0.77	-10.8691
0.771	-10.871
0.772	-10.8728
0.773	-10.8747
0.774	-10.8765
0.775	-10.8784
0.776	-10.8802
0.777	-10.882
0.778	-10.8838
0.779	-10.8856
0.78	-10.8874
0.781	-10.8891
0.782	-10.8909
0.783	-10.8926
0.784	-10.8943
0.785	-10.8961
0.786	-10.8978
0.787	-10.8995
0.788	-10.9011
0.789	-10.9028
0.79	-10.9045
0.791	-10.9061
0.792	-10.9078
0.793	-10.9094
0.794	-10.911
0.795	-10.9126
0.796	-10.9142
0.797	-10.9158
0.798	-10.9174
0.799	-10.9189
0.8	-10.9205
0.801	-10.922
0.802	-10.9236
0.803	-10.9251
0.804	-10.9266
0.805	-10.9281
0.806	-10.9296
0.807	-10.9311
0.808	-10.9325
0.809	-10.934
0.81	-10.9355
0.811	-10.9369
0.812	-10.9383
0.813	-10.9398
0.814	-10.9412
0.815	-10.9426
0.816	-10.944
0.817	-10.9454
0.818	-10.9468
0.819	-10.9481
0.82	-10.9495
0.821	-10.9509
0.822	-10.9522
0.823	-10.9535
0.824	-10.9549
0.825	-10.9562
0.826	-10.9575
0.827	-10.9588
0.828	-10.9601
0.829	-10.9614
0.83	-10.9627
0.831	-10.9639
0.832	-10.9652
0.833	-10.9664
0.834	-10.9677
0.835	-10.9689
0.836	-10.9702
0.837	-10.9714
0.838	-10.9726
0.839	-10.9738
0.84	-10.975
0.841	-10.9762
0.842	-10.9774
0.843	-10.9786
0.844	-10.9797
0.845	-10.9809
0.846	-10.9821
0.847	-10.9832
0.848	-10.9844
0.849	-10.9855
0.85	-10.9866
0.851	-10.9877
0.852	-10.9889
0.853	-10.99
0.854	-10.9911
0.855	-10.9922
0.856	-10.9933
0.857	-10.9943
0.858	-10.9954
0.859	-10.9965
0.86	-10.9975
0.861	-10.9986
0.862	-10.9997
0.863	-11.0007
0.864	-11.0017
0.865	-11.0028
0.866	-11.0038
0.867	-11.0048
0.868	-11.0058
0.869	-11.0068
0.87	-11.0078
0.871	-11.0088
0.872	-11.0098
0.873	-11.0108
0.874	-11.0118
0.875	-11.0128
0.876	-11.0138
0.877	-11.0147
0.878	-11.0157
0.879	-11.0166
0.88	-11.0176
0.881	-11.0185
0.882	-11.0195
0.883	-11.0204
0.884	-11.0213
0.885	-11.0223
0.886	-11.0232
0.887	-11.0241
0.888	-11.025
0.889	-11.0259
0.89	-11.0268
0.891	-11.0277
0.892	-11.0286
0.893	-11.0295
0.894	-11.0304
0.895	-11.0312
0.896	-11.0321
0.897	-11.033
0.898	-11.0338
0.899	-11.0347
0.9	-11.0356
0.901	-11.0364
0.902	-11.0373
0.903	-11.0381
0.904	-11.0389
0.905	-11.0398
0.906	-11.0406
0.907	-11.0414
0.908	-11.0423
0.909	-11.0431
0.91	-11.0439
0.911	-11.0447
0.912	-11.0455
0.913	-11.0463
0.914	-11.0471
0.915	-11.0479
0.916	-11.0487
0.917	-11.0495
0.918	-11.0503
0.919	-11.0511
0.92	-11.0519
0.921	-11.0526
0.922	-11.0534
0.923	-11.0542
0.924	-11.055
0.925	-11.0557
0.926	-11.0565
0.927	-11.0572
0.928	-11.058
0.929	-11.0588
0.93	-11.0595
0.931	-11.0603
0.932	-11.061
0.933	-11.0617
0.934	-11.0625
0.935	-11.0632
0.936	-11.064
0.937	-11.0647
0.938	-11.0654
0.939	-11.0661
0.94	-11.0669
0.941	-11.0676
0.942	-11.0683
0.943	-11.069
0.944	-11.0697
0.945	-11.0705
0.946	-11.0712
0.947	-11.0719
0.948	-11.0726
0.949	-11.0733
0.95	-11.074
0.951	-11.0747
0.952	-11.0754
0.953	-11.0761
0.954	-11.0768
0.955	-11.0775
0.956	-11.0782
0.957	-11.0789
0.958	-11.0796
0.959	-11.0802
0.96	-11.0809
0.961	-11.0816
0.962	-11.0823
0.963	-11.083
0.964	-11.0836
0.965	-11.0843
0.966	-11.085
0.967	-11.0857
0.968	-11.0864
0.969	-11.087
0.97	-11.0877
0.971	-11.0884
0.972	-11.089
0.973	-11.0897
0.974	-11.0904
0.975	-11.091
0.976	-11.0917
0.977	-11.0924
0.978	-11.093
0.979	-11.0937
0.98	-11.0943
0.981	-11.095
0.982	-11.0957
0.983	-11.0963
0.984	-11.097
0.985	-11.0976
0.986	-11.0983
0.987	-11.099
0.988	-11.0996
0.989	-11.1003
0.99	-11.1009
0.991	-11.1016
0.992	-11.1022
0.993	-11.1029
0.994	-11.1035
0.995	-11.1042
0.996	-11.1048
0.997	-11.1055
0.998	-11.1062
0.999	-11.1068
1	-11.1075
