0	1.85672
0.001	1.81888
0.002	1.7811
0.003	1.74338
0.004	1.70571
0.005	1.66811
0.006	1.63057
0.007	1.59309
0.008	1.55566
0.009	1.5183
0.01	1.481
0.011	1.44375
0.012	1.40657
0.013	1.36945
0.014	1.33238
0.015	1.29538
0.016	1.25844
0.017	1.22155
0.018	1.18473
0.019	1.14797
0.02	1.11126
0.021	1.07462
0.022	1.03804
0.023	1.00151
0.024	0.965048
0.025	0.928644
0.026	0.8923
0.027	0.856016
0.028	0.819792
0.029	0.783628
0.03	0.747523
0.031	0.711479
0.032	0.675494
0.033	0.63957
0.034	0.603705
0.035	0.5679
0.036	0.532156
0.037	0.496471
0.038	0.460846
0.039	0.425281
0.04	0.389776
0.041	0.354331
0.042	0.318945
0.043	0.28362
0.044	0.248355
0.045	0.213149
0.046	0.178004
0.047	0.142918
0.048	0.107892
0.049	0.0729267
0.05	0.0380209
0.051	0.003175
0.052	-0.0316109
0.053	-0.066337
0.054	-0.101003
0.055	-0.135609
0.056	-0.170155
0.057	-0.204642
0.058	-0.239068
0.059	-0.273435
0.06	-0.307741
0.061	-0.341988
0.062	-0.376174
0.063	-0.410301
0.064	-0.444368
0.065	-0.478375
0.066	-0.512322
0.067	-0.546209
0.068	-0.580036
0.069	-0.613803
0.07	-0.64751
0.071	-0.681158
0.072	-0.714745
0.073	-0.748273
0.074	-0.78174
0.075	-0.815148
0.076	-0.848495
0.077	-0.881783
0.078	-0.915011
0.079	-0.948179
0.08	-0.981287
0.081	-1.01434
0.082	-1.04732
0.083	-1.08025
0.084	-1.11312
0.085	-1.14593
0.086	-1.17868
0.087	-1.21137
0.088	-1.24399
0.089	-1.27656
0.09	-1.30907
0.091	-1.34152
0.092	-1.37391
0.093	-1.40624
0.094	-1.43851
0.095	-1.47072
0.096	-1.50287
0.097	-1.53495
0.098	-1.56698
0.099	-1.59895
0.1	-1.63086
0.101	-1.66271
0.102	-1.6945
0.103	-1.72623
0.104	-1.7579
0.105	-1.78951
0.106	-1.82106
0.107	-1.85255
0.108	-1.88398
0.109	-1.91535
0.11	-1.94666
0.111	-1.97791
0.112	-2.0091
0.113	-2.04023
0.114	-2.0713
0.115	-2.10231
0.116	-2.13327
0.117	-2.16416
0.118	-2.19499
0.119	-2.22576
0.12	-2.25647
0.121	-2.28712
0.122	-2.31771
0.123	-2.34824
0.124	-2.37871
0.125	-2.40913
0.126	-2.43948
0.127	-2.46977
0.128	-2.5
0.129	-2.53017
0.13	-2.56028
0.131	-2.59034
0.132	-2.62033
0.133	-2.65026
0.134	-2.68013
0.135	-2.70994
0.136	-2.7397
0.137	-2.76939
0.138	-2.79902
0.139	-2.8286
0.14	-2.85811
0.141	-2.88756
0.142	-2.91695
0.143	-2.94629
0.144	-2.97556
0.145	-3.00477
0.146	-3.03393
0.147	-3.06302
0.148	-3.09205
0.149	-3.12103
0.15	-3.14994
0.151	-3.17879
0.152	-3.20759
0.153	-3.23632
0.154	-3.265
0.155	-3.29361
0.156	-3.32216
0.157	-3.35066
0.158	-3.37909
0.159	-3.40747
0.16	-3.43578
0.161	-3.46404
0.162	-3.49223
0.163	-3.52037
0.164	-3.54844
0.165	-3.57646
0.166	-3.60441
0.167	-3.63231
0.168	-3.66014
0.169	-3.68792
0.17	-3.71563
0.171	-3.74329
0.172	-3.77089
0.173	-3.79842
0.174	-3.8259
0.175	-3.85331
0.176	-3.88067
0.177	-3.90797
0.178	-3.9352
0.179	-3.96238
0.18	-3.9895
0.181	-4.01655
0.182	-4.04355
0.183	-4.07049
0.184	-4.09737
0.185	-4.12418
0.186	-4.15094
0.187	-4.17764
0.188	-4.20428
0.189	-4.23085
0.19	-4.25737
0.191	-4.28383
0.192	-4.31023
0.193	-4.33657
0.194	-4.36285
0.195	-4.38906
0.196	-4.41522
0.197	-4.44132
0.198	-4.46736
0.199	-4.49334
0.2	-4.51926
0.201	-4.54512
0.202	-4.57092
0.203	-4.59666
0.204	-4.62234
0.205	-4.64796
0.206	-4.67352
0.207	-4.69902
0.208	-4.72446
0.209	-4.74984
0.21	-4.77516
0.211	-4.80043
0.212	-4.82563
0.213	-4.85077
0.214	-4.87585
0.215	-4.90087
0.216	-4.92584
0.217	-4.95074
0.218	-4.97558
0.219	-5.00036
0.22	-5.02509
0.221	-5.04975
0.222	-5.07435
0.223	-5.0989
0.224	-5.12338
0.225	-5.14781
0.226	-5.17217
0.227	-5.19647
0.228	-5.22072
0.229	-5.2449
0.23	-5.26903
0.231	-5.2931
0.232	-5.3171
0.233	-5.34105
0.234	-5.36493
0.235	-5.38876
0.236	-5.41253
0.237	-5.43623
0.238	-5.45988
0.239	-5.48347
0.24	-5.507
0.241	-5.53047
0.242	-5.55387
0.243	-5.57722
0.244	-5.60051
0.245	-5.62374
0.246	-5.64691
0.247	-5.67002
0.248	-5.69307
0.249	-5.71606
0.25	-5.739
0.251	-5.76187
0.252	-5.78468
0.253	-5.80743
0.254	-5.83012
0.255	-5.85276
0.256	-5.87533
0.257	-5.89784
0.258	-5.9203
0.259	-5.94269
0.26	-5.96503
0.261	-5.9873
0.262	-6.00952
0.263	-6.03168
0.264	-6.05377
0.265	-6.07581
0.266	-6.09779
0.267	-6.11971
0.268	-6.14156
0.269	-6.16336
0.27	-6.1851
0.271	-6.20678
0.272	-6.2284
0.273	-6.24996
0.274	-6.27147
0.275	-6.29291
0.276	-6.31429
0.277	-6.33562
0.278	-6.35688
0.279	-6.37808
0.28	-6.39923
0.281	-6.42031
0.282	-6.44134
0.283	-6.46231
0.284	-6.48322
0.285	-6.50406
0.286	-6.52485
0.287	-6.54558
0.288	-6.56625
0.289	-6.58686
0.29	-6.60742
0.291	-6.62791
0.292	-6.64834
0.293	-6.66872
0.294	-6.68903
0.295	-6.70929
0.296	-6.72948
0.297	-6.74962
0.298	-6.7697
0.299	-6.78972
0.3	-6.80968
0.301	-6.82958
0.302	-6.84942
0.303	-6.8692
0.304	-6.88893
0.305	-6.90859
0.306	-6.9282
0.307	-6.94774
0.308	-6.96723
0.309	-6.98666
0.31	-7.00603
0.311	-7.02534
0.312	-7.04459
0.313	-7.06378
0.314	-7.08292
0.315	-7.10199
0.316	-7.12101
0.317	-7.13997
0.318	-7.15887
0.319	-7.17771
0.32	-7.19649
0.321	-7.21521
0.322	-7.23387
0.323	-7.25248
0.324	-7.27102
0.325	-7.28951
0.326	-7.30794
0.327	-7.32631
0.328	-7.34462
0.329	-7.36288
0.33	-7.38107
0.331	-7.39921
0.332	-7.41729
0.333	-7.43531
0.334	-7.45327
0.335	-7.47117
0.336	-7.48901
0.337	-7.5068
0.338	-7.52453
0.339	-7.5422
0.34	-7.55981
0.341	-7.57736
0.342	-7.59486
0.343	-7.61229
0.344	-7.62967
0.345	-7.64699
0.346	-7.66426
0.347	-7.68146
0.348	-7.69861
0.349	-7.71569
0.35	-7.73273
0.351	-7.7497
0.352	-7.76661
0.353	-7.78347
0.354	-7.80027
0.355	-7.81701
0.356	-7.8337
0.357	-7.85032
0.358	-7.86689
0.359	-7.8834
0.36	-7.89986
0.361	-7.91625
0.362	-7.93259
0.363	-7.94887
0.364	-7.9651
0.365	-7.98126
0.366	-7.99737
0.367	-8.01342
0.368	-8.02942
0.369	-8.04535
0.37	-8.06124
0.371	-8.07706
0.372	-8.09282
0.373	-8.10853
0.374	-8.12419
0.375	-8.13978
0.376	-8.15532
0.377	-8.1708
0.378	-8.18623
0.379	-8.2016
0.38	-8.21691
0.381	-8.23216
0.382	-8.24736
0.383	-8.2625
0.384	-8.27759
0.385	-8.29262
0.386	-8.30759
0.387	-8.32251
0.388	-8.33737
0.389	-8.35217
0.39	-8.36692
0.391	-8.38161
0.392	-8.39625
0.393	-8.41083
0.394	-8.42535
0.395	-8.43982
0.396	-8.45423
0.397	-8.46859
0.398	-8.48289
0.399	-8.49714
0.4	-8.51133
0.401	-8.52546
0.402	-8.53954
0.403	-8.55357
0.404	-8.56754
0.405	-8.58145
0.406	-8.59531
0.407	-8.60911
0.408	-8.62286
0.409	-8.63655
0.41	-8.65019
0.411	-8.66377
0.412	-8.6773
0.413	-8.69078
0.414	-8.7042
0.415	-8.71756
0.416	-8.73087
0.417	-8.74413
0.418	-8.75733
0.419	-8.77048
0.42	-8.78357
0.421	-8.79661
0.422	-8.8096
0.423	-8.82253
0.424	-8.83541
0.425	-8.84823
0.426	-8.861
0.427	-8.87372
0.428	-8.88639
0.429	-8.899
0.43	-8.91155
0.431	-8.92406
0.432	-8.93651
0.433	-8.9489
0.434	-8.96125
0.435	-8.97354
0.436	-8.98578
0.437	-8.99796
0.438	-9.0101
0.439	-9.02218
0.44	-9.03421
0.441	-9.04618
0.442	-9.0581
0.443	-9.06998
0.444	-9.08179
0.445	-9.09356
0.446	-9.10528
0.447	-9.11694
0.448	-9.12855
0.449	-9.14011
0.45	-9.15162
0.451	-9.16308
0.452	-9.17448
0.453	-9.18584
0.454	-9.19714
0.455	-9.20839
0.456	-9.21959
0.457	-9.23074
0.458	-9.24184
0.459	-9.25289
0.46	-9.26389
0.461	-9.27484
0.462	-9.28573
0.463	-9.29658
0.464	-9.30738
0.465	-9.31813
0.466	-9.32882
0.467	-9.33947
0.468	-9.35007
0.469	-9.36062
0.47	-9.37111
0.471	-9.38156
0.472	-9.39196
0.473	-9.40231
0.474	-9.41262
0.475	-9.42287
0.476	-9.43307
0.477	-9.44323
0.478	-9.45334
0.479	-9.46339
0.48	-9.4734
0.481	-9.48337
0.482	-9.49328
0.483	-9.50314
0.484	-9.51296
0.485	-9.52273
0.486	-9.53245
0.487	-9.54213
0.488	-9.55176
0.489	-9.56134
0.49	-9.57087
0.491	-9.58036
0.492	-9.5898
0.493	-9.59919
0.494	-9.60853
0.495	-9.61783
0.496	-9.62708
0.497	-9.63629
0.498	-9.64545
0.499	-9.65457
0.5	-9.66363
0.501	-9.67266
0.502	-9.68163
0.503	-9.69056
0.504	-9.69945
0.505	-9.70829
0.506	-9.71709
0.507	-9.72584
0.508	-9.73454
0.509	-9.7432
0.51	-9.75182
0.511	-9.76039
0.512	-9.76892
0.513	-9.7774
0.514	-9.78584
0.515	-9.79424
0.516	-9.80259
0.517	-9.81089
0.518	-9.81916
0.519	-9.82738
0.52	-9.83556
0.521	-9.84369
0.522	-9.85178
0.523	-9.85983
0.524	-9.86784
0.525	-9.8758
0.526	-9.88372
0.527	-9.8916
0.528	-9.89944
0.529	-9.90723
0.53	-9.91498
0.531	-9.92269
0.532	-9.93036
0.533	-9.93799
0.534	-9.94558
0.535	-9.95312
0.536	-9.96062
0.537	-9.96809
0.538	-9.97551
0.539	-9.98289
0.54	-9.99023
0.541	-9.99753
0.542	-10.0048
0.543	-10.012
0.544	-10.0192
0.545	-10.0263
0.546	-10.0334
0.547	-10.0405
0.548	-10.0475
0.549	-10.0545
0.55	-10.0615
0.551	-10.0684
0.552	-10.0752
0.553	-10.0821
0.554	-10.0888
0.555	-10.0956
0.556	-10.1023
0.557	-10.109
0.558	-10.1156
0.559	-10.1222
0.56	-10.1288
0.561	-10.1353
0.562	-10.1418
0.563	-10.1482
0.564	-10.1547
0.565	-10.161
0.566	-10.1674
0.567	-10.1737
0.568	-10.18
0.569	-10.1862
0.57	-10.1924
0.571	-10.1985
0.572	-10.2047
0.573	-10.2107
0.574	-10.2168
0.575	-10.2228
0.576	-10.2288
0.577	-10.2347
0.578	-10.2407
0.579	-10.2465
0.58	-10.2524
0.581	-10.2582
0.582	-10.264
0.583	-10.2697
0.584	-10.2754
0.585	-10.2811
0.586	-10.2867
0.587	-10.2923
0.588	-10.2979
0.589	-10.3034
0.59	-10.3089
0.591	-10.3144
0.592	-10.3198
0.593	-10.3252
0.594	-10.3306
0.595	-10.336
0.596	-10.3413
0.597	-10.3466
0.598	-10.3518
0.599	-10.357
0.6	-10.3622
0.601	-10.3673
0.602	-10.3725
0.603	-10.3775
0.604	-10.3826
0.605	-10.3876
0.606	-10.3926
0.607	-10.3976
0.608	-10.4025
0.609	-10.4074
0.61	-10.4123
0.611	-10.4171
0.612	-10.422
0.613	-10.4267
0.614	-10.4315
0.615	-10.4362
0.616	-10.4409
0.617	-10.4456
0.618	-10.4502
0.619	-10.4548
0.62	-10.4594
0.621	-10.464
0.622	-10.4685
0.623	-10.473
0.624	-10.4774
0.625	-10.4819
0.626	-10.4863
0.627	-10.4907
0.628	-10.495
0.629	-10.4994
0.63	-10.5037
0.631	-10.5079
0.632	-10.5122
0.633	-10.5164
0.634	-10.5206
0.635	-10.5248
0.636	-10.5289
0.637	-10.533
0.638	-10.5371
0.639	-10.5412
0.64	-10.5452
0.641	-10.5492
0.642	-10.5532
0.643	-10.5571
0.644	-10.5611
0.645	-10.565
0.646	-10.5689
0.647	-10.5727
0.648	-10.5766
0.649	-10.5804
0.65	-10.5841
0.651	-10.5879
0.652	-10.5916
0.653	-10.5953
0.654	-10.599
0.655	-10.6027
0.656	-10.6063
0.657	-10.61
0.658	-10.6135
0.659	-10.6171
0.66	-10.6207
0.661	-10.6242
0.662	-10.6277
0.663	-10.6312
0.664	-10.6346
0.665	-10.638
0.666	-10.6414
0.667	-10.6448
0.668	-10.6482
0.669	-10.6515
0.67	-10.6549
0.671	-10.6582
0.672	-10.6614
0.673	-10.6647
0.674	-10.6679
0.675	-10.6711
0.676	-10.6743
0.677	-10.6775
0.678	-10.6806
0.679	-10.6838
0.68	-10.6869
0.681	-10.69
0.682	-10.693
0.683	-10.6961
0.684	-10.6991
0.685	-10.7021
0.686	-10.7051
0.687	-10.7081
0.688	-10.711
0.689	-10.7139
0.69	-10.7168
0.691	-10.7197
0.692	-10.7226
0.693	-10.7255
0.694	-10.7283
0.695	-10.7311
0.696	-10.7339
0.697	-10.7367
0.698	-10.7394
0.699	-10.7422
0.7	-10.7449
0.701	-10.7476
0.702	-10.7503
0.703	-10.7529
0.704	-10.7556
0.705	-10.7582
0.706	-10.7608
0.707	-10.7634
0.708	-10.766
0.709	-10.7685
0.71	-10.7711
0.711	-10.7736
0.712	-10.7761
0.713	-10.7786
0.714	-10.7811
0.715	-10.7835
0.716	-10.786
0.717	-10.7884
0.718	-10.7908
0.719	-10.7932
0.72	-10.7956
0.721	-10.7979
0.722	-10.8003
0.723	-10.8026
0.724	-10.8049
0.725	-10.8072
0.726	-10.8095
0.727	-10.8117
0.728	-10.814
0.729	-10.8162
0.73	-10.8184
0.731	-10.8207
0.732	-10.8228
0.733	-10.825
0.734	-10.8272
0.735	-10.8293
0.736	-10.8314
0.737	-10.8336
0.738	-10.8357
0.739	-10.8378
0.74	-10.8398
0.741	-10.8419
0.742	-10.8439
0.743	-10.846
0.744	-10.848
0.745	-10.85
0.746	-10.852
0.747	-10.8539
0.748	-10.8559
0.749	-10.8579
0.75	-10.8598
0.751	-10.8617
0.752	-10.8636
0.753	-10.8655
0.754	-10.8674
0.755	-10.8693
0.756	-10.8711
0.757	-10.873
0.758	-10.8748
0.759	-10.8766
0.76	-10.8785
0.761	-10.8803
0.762	-10.882
0.763	-10.8838
0.764	-10.8856
0.765	-10.8873
0.766	-10.8891
0.767	-10.8908
0.768	-10.8925
0.769	-10.8942
0.77	-10.8959
0.771	-10.8976
0.772	-10.8992
0.773	-10.9009
0.774	-10.9025
0.775	-10.9042
0.776	-10.9058
0.777	-10.9074
0.778	-10.909
0.779	-10.9106
0.78	-10.9122
0.781	-10.9137
0.782	-10.9153
0.783	-10.9168
0.784	-10.9184
0.785	-10.9199
0.786	-10.9214
0.787	-10.9229
0.788	-10.9244
0.789	-10.9259
0.79	-10.9274
0.791	-10.9289
0.792	-10.9303
0.793	-10.9318
0.794	-10.9332
0.795	-10.9346
0.796	-10.9361
0.797	-10.9375
0.798	-10.9389
0.799	-10.9402
0.8	-10.9416
0.801	-10.943
0.802	-10.9444
0.803	-10.9457
0.804	-10.9471
0.805	-10.9484
0.806	-10.9497
0.807	-10.951
0.808	-10.9524
0.809	-10.9537
0.81	-10.955
0.811	-10.9562
0.812	-10.9575
0.813	-10.9588
0.814	-10.96
0.815	-10.9613
0.816	-10.9625
0.817	-10.9638
0.818	-10.965
0.819	-10.9662
0.82	-10.9674
0.821	-10.9686
0.822	-10.9698
0.823	-10.971
0.824	-10.9722
0.825	-10.9734
0.826	-10.9745
0.827	-10.9757
0.828	-10.9768
0.829	-10.978
0.83	-10.9791
0.831	-10.9802
0.832	-10.9814
0.833	-10.9825
0.834	-10.9836
0.835	-10.9847
0.836	-10.9858
0.837	-10.9869
0.838	-10.9879
0.839	-10.989
0.84	-10.9901
0.841	-10.9911
0.842	-10.9922
0.843	-10.9932
0.844	-10.9943
0.845	-10.9953
0.846	-10.9963
0.847	-10.9974
0.848	-10.9984
0.849	-10.9994
0.85	-11.0004
0.851	-11.0014
0.852	-11.0024
0.853	-11.0033
0.854	-11.0043
0.855	-11.0053
0.856	-11.0063
0.857	-11.0072
0.858	-11.0082
0.859	-11.0091
0.86	-11.0101
0.861	-11.011
0.862	-11.0119
0.863	-11.0129
0.864	-11.0138
0.865	-11.0147
0.866	-11.0156
0.867	-11.0165
0.868	-11.0174
0.869	-11.0183
0.87	-11.0192
0.871	-11.0201
0.872	-11.021
0.873	-11.0218
0.874	-11.0227
0.875	-11.0236
0.876	-11.0244
0.877	-11.0253
0.878	-11.0262
0.879	-11.027
0.88	-11.0278
0.881	-11.0287
0.882	-11.0295
0.883	-11.0303
0.884	-11.0312
0.885	-11.032
0.886	-11.0328
0.887	-11.0336
0.888	-11.0344
0.889	-11.0352
0.89	-11.036
0.891	-11.0368
0.892	-11.0376
0.893	-11.0384
0.894	-11.0392
0.895	-11.0399
0.896	-11.0407
0.897	-11.0415
0.898	-11.0422
0.899	-11.043
0.9	-11.0438
0.901	-11.0445
0.902	-11.0453
0.903	-11.046
0.904	-11.0468
0.905	-11.0475
0.906	-11.0482
0.907	-11.049
0.908	-11.0497
0.909	-11.0504
0.91	-11.0512
0.911	-11.0519
0.912	-11.0526
0.913	-11.0533
0.914	-11.054
0.915	-11.0547
0.916	-11.0554
0.917	-11.0561
0.918	-11.0568
0.919	-11.0575
0.92	-11.0582
0.921	-11.0589
0.922	-11.0596
0.923	-11.0603
0.924	-11.061
0.925	-11.0616
0.926	-11.0623
0.927	-11.063
0.928	-11.0637
0.929	-11.0643
0.93	-11.065
0.931	-11.0657
0.932	-11.0663
0.933	-11.067
0.934	-11.0676
0.935	-11.0683
0.936	-11.0689
0.937	-11.0696
0.938	-11.0702
0.939	-11.0709
0.94	-11.0715
0.941	-11.0722
0.942	-11.0728
0.943	-11.0734
0.944	-11.0741
0.945	-11.0747
0.946	-11.0753
0.947	-11.0759
0.948	-11.0766
0.949	-11.0772
0.95	-11.0778
0.951	-11.0784
0.952	-11.0791
0.953	-11.0797
0.954	-11.0803
0.955	-11.0809
0.956	-11.0815
0.957	-11.0821
0.958	-11.0827
0.959	-11.0834
0.96	-11.084
0.961	-11.0846
0.962	-11.0852
0.963	-11.0858
0.964	-11.0864
0.965	-11.087
0.966	-11.0876
0.967	-11.0882
0.968	-11.0888
0.969	-11.0894
0.97	-11.09
0.971	-11.0905
0.972	-11.0911
0.973	-11.0917
0.974	-11.0923
0.975	-11.0929
0.976	-11.0935
0.977	-11.0941
0.978	-11.0947
0.979	-11.0953
0.98	-11.0958
0.981	-11.0964
0.982	-11.097
0.983	-11.0976
0.984	-11.0982
0.985	-11.0988
0.986	-11.0993
0.987	-11.0999
0.988	-11.1005
0.989	-11.1011
0.99	-11.1017
0.991	-11.1023
0.992	-11.1028
0.993	-11.1034
0.994	-11.104
0.995	-11.1046
0.996	-11.1051
0.997	-11.1057
0.998	-11.1063
0.999	-11.1069
1	-11.1075
