0	-6.49853
0.001	-6.51933
0.002	-6.54007
0.003	-6.56075
0.004	-6.58137
0.005	-6.60193
0.006	-6.62243
0.007	-6.64287
0.008	-6.66325
0.009	-6.68357
0.01	-6.70384
0.011	-6.72404
0.012	-6.74418
0.013	-6.76427
0.014	-6.7843
0.015	-6.80426
0.016	-6.82417
0.017	-6.84402
0.018	-6.86381
0.019	-6.88354
0.02	-6.90322
0.021	-6.92283
0.022	-6.94238
0.023	-6.96188
0.024	-6.98132
0.025	-7.00069
0.026	-7.02001
0.027	-7.03927
0.028	-7.05847
0.029	-7.07761
0.03	-7.0967
0.031	-7.11572
0.032	-7.13468
0.033	-7.15359
0.034	-7.17244
0.035	-7.19123
0.036	-7.20996
0.037	-7.22863
0.038	-7.24724
0.039	-7.2658
0.04	-7.28429
0.041	-7.30273
0.042	-7.32111
0.043	-7.33943
0.044	-7.35769
0.045	-7.37589
0.046	-7.39403
0.047	-7.41212
0.048	-7.43015
0.049	-7.44811
0.05	-7.46602
0.051	-7.48388
0.052	-7.50167
0.053	-7.51941
0.054	-7.53708
0.055	-7.5547
0.056	-7.57226
0.057	-7.58976
0.058	-7.60721
0.059	-7.62459
0.06	-7.64192
0.061	-7.65919
0.062	-7.6764
0.063	-7.69356
0.064	-7.71065
0.065	-7.72769
0.066	-7.74467
0.067	-7.7616
0.068	-7.77846
0.069	-7.79527
0.07	-7.81202
0.071	-7.82871
0.072	-7.84534
0.073	-7.86192
0.074	-7.87844
0.075	-7.8949
0.076	-7.9113
0.077	-7.92765
0.078	-7.94393
0.079	-7.96017
0.08	-7.97634
0.081	-7.99246
0.082	-8.00851
0.083	-8.02452
0.084	-8.04046
0.085	-8.05635
0.086	-8.07218
0.087	-8.08795
0.088	-8.10367
0.089	-8.11933
0.09	-8.13493
0.091	-8.15048
0.092	-8.16597
0.093	-8.1814
0.094	-8.19677
0.095	-8.21209
0.096	-8.22735
0.097	-8.24256
0.098	-8.25771
0.099	-8.2728
0.1	-8.28784
0.101	-8.30282
0.102	-8.31774
0.103	-8.33261
0.104	-8.34742
0.105	-8.36218
0.106	-8.37687
0.107	-8.39152
0.108	-8.4061
0.109	-8.42063
0.11	-8.43511
0.111	-8.44953
0.112	-8.46389
0.113	-8.4782
0.114	-8.49245
0.115	-8.50665
0.116	-8.52079
0.117	-8.53488
0.118	-8.54891
0.119	-8.56288
0.12	-8.5768
0.121	-8.59067
0.122	-8.60448
0.123	-8.61823
0.124	-8.63193
0.125	-8.64558
0.126	-8.65917
0.127	-8.6727
0.128	-8.68618
0.129	-8.69961
0.13	-8.71298
0.131	-8.7263
0.132	-8.73956
0.133	-8.75277
0.134	-8.76592
0.135	-8.77902
0.136	-8.79207
0.137	-8.80506
0.138	-8.818
0.139	-8.83089
0.14	-8.84372
0.141	-8.85649
0.142	-8.86922
0.143	-8.88188
0.144	-8.8945
0.145	-8.90706
0.146	-8.91957
0.147	-8.93203
0.148	-8.94443
0.149	-8.95678
0.15	-8.96908
0.151	-8.98132
0.152	-8.99351
0.153	-9.00565
0.154	-9.01774
0.155	-9.02977
0.156	-9.04175
0.157	-9.05368
0.158	-9.06556
0.159	-9.07738
0.16	-9.08916
0.161	-9.10088
0.162	-9.11255
0.163	-9.12416
0.164	-9.13573
0.165	-9.14724
0.166	-9.1587
0.167	-9.17011
0.168	-9.18147
0.169	-9.19278
0.17	-9.20404
0.171	-9.21525
0.172	-9.2264
0.173	-9.23751
0.174	-9.24856
0.175	-9.25956
0.176	-9.27051
0.177	-9.28142
0.178	-9.29227
0.179	-9.30307
0.18	-9.31382
0.181	-9.32452
0.182	-9.33518
0.183	-9.34578
0.184	-9.35633
0.185	-9.36683
0.186	-9.37729
0.187	-9.38769
0.188	-9.39805
0.189	-9.40835
0.19	-9.41861
0.191	-9.42882
0.192	-9.43898
0.193	-9.44909
0.194	-9.45915
0.195	-9.46917
0.196	-9.47913
0.197	-9.48905
0.198	-9.49892
0.199	-9.50874
0.2	-9.51851
0.201	-9.52824
0.202	-9.53792
0.203	-9.54755
0.204	-9.55713
0.205	-9.56667
0.206	-9.57616
0.207	-9.5856
0.208	-9.595
0.209	-9.60434
0.21	-9.61365
0.211	-9.6229
0.212	-9.63211
0.213	-9.64128
0.214	-9.65039
0.215	-9.65946
0.216	-9.66849
0.217	-9.67747
0.218	-9.6864
0.219	-9.69529
0.22	-9.70413
0.221	-9.71293
0.222	-9.72169
0.223	-9.73039
0.224	-9.73906
0.225	-9.74767
0.226	-9.75625
0.227	-9.76478
0.228	-9.77326
0.229	-9.7817
0.23	-9.7901
0.231	-9.79846
0.232	-9.80676
0.233	-9.81503
0.234	-9.82325
0.235	-9.83143
0.236	-9.83957
0.237	-9.84766
0.238	-9.85571
0.239	-9.86372
0.24	-9.87168
0.241	-9.8796
0.242	-9.88748
0.243	-9.89532
0.244	-9.90312
0.245	-9.91087
0.246	-9.91858
0.247	-9.92625
0.248	-9.93388
0.249	-9.94147
0.25	-9.94901
0.251	-9.95652
0.252	-9.96398
0.253	-9.9714
0.254	-9.97878
0.255	-9.98613
0.256	-9.99343
0.257	-10.0007
0.258	-10.0079
0.259	-10.0151
0.26	-10.0222
0.261	-10.0293
0.262	-10.0364
0.263	-10.0434
0.264	-10.0504
0.265	-10.0573
0.266	-10.0642
0.267	-10.0711
0.268	-10.0779
0.269	-10.0847
0.27	-10.0915
0.271	-10.0982
0.272	-10.1049
0.273	-10.1115
0.274	-10.1181
0.275	-10.1247
0.276	-10.1312
0.277	-10.1377
0.278	-10.1441
0.279	-10.1505
0.28	-10.1569
0.281	-10.1632
0.282	-10.1695
0.283	-10.1758
0.284	-10.182
0.285	-10.1882
0.286	-10.1944
0.287	-10.2005
0.288	-10.2066
0.289	-10.2126
0.29	-10.2187
0.291	-10.2246
0.292	-10.2306
0.293	-10.2365
0.294	-10.2424
0.295	-10.2482
0.296	-10.254
0.297	-10.2598
0.298	-10.2655
0.299	-10.2712
0.3	-10.2769
0.301	-10.2825
0.302	-10.2881
0.303	-10.2937
0.304	-10.2992
0.305	-10.3047
0.306	-10.3102
0.307	-10.3156
0.308	-10.321
0.309	-10.3264
0.31	-10.3317
0.311	-10.337
0.312	-10.3423
0.313	-10.3475
0.314	-10.3527
0.315	-10.3579
0.316	-10.3631
0.317	-10.3682
0.318	-10.3733
0.319	-10.3783
0.32	-10.3833
0.321	-10.3883
0.322	-10.3933
0.323	-10.3982
0.324	-10.4031
0.325	-10.408
0.326	-10.4128
0.327	-10.4176
0.328	-10.4224
0.329	-10.4271
0.33	-10.4318
0.331	-10.4365
0.332	-10.4412
0.333	-10.4458
0.334	-10.4504
0.335	-10.455
0.336	-10.4595
0.337	-10.4641
0.338	-10.4685
0.339	-10.473
0.34	-10.4774
0.341	-10.4818
0.342	-10.4862
0.343	-10.4905
0.344	-10.4949
0.345	-10.4992
0.346	-10.5034
0.347	-10.5077
0.348	-10.5119
0.349	-10.516
0.35	-10.5202
0.351	-10.5243
0.352	-10.5284
0.353	-10.5325
0.354	-10.5366
0.355	-10.5406
0.356	-10.5446
0.357	-10.5485
0.358	-10.5525
0.359	-10.5564
0.36	-10.5603
0.361	-10.5642
0.362	-10.568
0.363	-10.5718
0.364	-10.5756
0.365	-10.5794
0.366	-10.5832
0.367	-10.5869
0.368	-10.5906
0.369	-10.5942
0.37	-10.5979
0.371	-10.6015
0.372	-10.6051
0.373	-10.6087
0.374	-10.6123
0.375	-10.6158
0.376	-10.6193
0.377	-10.6228
0.378	-10.6262
0.379	-10.6297
0.38	-10.6331
0.381	-10.6365
0.382	-10.6399
0.383	-10.6432
0.384	-10.6465
0.385	-10.6498
0.386	-10.6531
0.387	-10.6564
0.388	-10.6596
0.389	-10.6628
0.39	-10.666
0.391	-10.6692
0.392	-10.6723
0.393	-10.6755
0.394	-10.6786
0.395	-10.6817
0.396	-10.6847
0.397	-10.6878
0.398	-10.6908
0.399	-10.6938
0.4	-10.6968
0.401	-10.6998
0.402	-10.7027
0.403	-10.7057
0.404	-10.7086
0.405	-10.7114
0.406	-10.7143
0.407	-10.7172
0.408	-10.72
0.409	-10.7228
0.41	-10.7256
0.411	-10.7284
0.412	-10.7311
0.413	-10.7338
0.414	-10.7366
0.415	-10.7393
0.416	-10.7419
0.417	-10.7446
0.418	-10.7472
0.419	-10.7499
0.42	-10.7525
0.421	-10.755
0.422	-10.7576
0.423	-10.7602
0.424	-10.7627
0.425	-10.7652
0.426	-10.7677
0.427	-10.7702
0.428	-10.7727
0.429	-10.7751
0.43	-10.7775
0.431	-10.7799
0.432	-10.7823
0.433	-10.7847
0.434	-10.7871
0.435	-10.7894
0.436	-10.7918
0.437	-10.7941
0.438	-10.7964
0.439	-10.7987
0.44	-10.8009
0.441	-10.8032
0.442	-10.8054
0.443	-10.8076
0.444	-10.8098
0.445	-10.812
0.446	-10.8142
0.447	-10.8164
0.448	-10.8185
0.449	-10.8206
0.45	-10.8227
0.451	-10.8248
0.452	-10.8269
0.453	-10.829
0.454	-10.831
0.455	-10.8331
0.456	-10.8351
0.457	-10.8371
0.458	-10.8391
0.459	-10.8411
0.46	-10.8431
0.461	-10.845
0.462	-10.847
0.463	-10.8489
0.464	-10.8508
0.465	-10.8527
0.466	-10.8546
0.467	-10.8565
0.468	-10.8583
0.469	-10.8602
0.47	-10.862
0.471	-10.8638
0.472	-10.8656
0.473	-10.8674
0.474	-10.8692
0.475	-10.871
0.476	-10.8727
0.477	-10.8745
0.478	-10.8762
0.479	-10.8779
0.48	-10.8796
0.481	-10.8813
0.482	-10.883
0.483	-10.8847
0.484	-10.8863
0.485	-10.888
0.486	-10.8896
0.487	-10.8912
0.488	-10.8928
0.489	-10.8944
0.49	-10.896
0.491	-10.8976
0.492	-10.8992
0.493	-10.9007
0.494	-10.9023
0.495	-10.9038
0.496	-10.9053
0.497	-10.9068
0.498	-10.9083
0.499	-10.9098
0.5	-10.9113
0.501	-10.9128
0.502	-10.9142
0.503	-10.9157
0.504	-10.9171
0.505	-10.9185
0.506	-10.9199
0.507	-10.9213
0.508	-10.9227
0.509	-10.9241
0.51	-10.9255
0.511	-10.9269
0.512	-10.9282
0.513	-10.9296
0.514	-10.9309
0.515	-10.9322
0.516	-10.9335
0.517	-10.9348
0.518	-10.9361
0.519	-10.9374
0.52	-10.9387
0.521	-10.94
0.522	-10.9412
0.523	-10.9425
0.524	-10.9437
0.525	-10.9449
0.526	-10.9462
0.527	-10.9474
0.528	-10.9486
0.529	-10.9498
0.53	-10.951
0.531	-10.9521
0.532	-10.9533
0.533	-10.9545
0.534	-10.9556
0.535	-10.9568
0.536	-10.9579
0.537	-10.959
0.538	-10.9602
0.539	-10.9613
0.54	-10.9624
0.541	-10.9635
0.542	-10.9645
0.543	-10.9656
0.544	-10.9667
0.545	-10.9678
0.546	-10.9688
0.547	-10.9699
0.548	-10.9709
0.549	-10.9719
0.55	-10.973
0.551	-10.974
0.552	-10.975
0.553	-10.976
0.554	-10.977
0.555	-10.978
0.556	-10.9789
0.557	-10.9799
0.558	-10.9809
0.559	-10.9818
0.56	-10.9828
0.561	-10.9837
0.562	-10.9847
0.563	-10.9856
0.564	-10.9865
0.565	-10.9874
0.566	-10.9884
0.567	-10.9893
0.568	-10.9902
0.569	-10.991
0.57	-10.9919
0.571	-10.9928
0.572	-10.9937
0.573	-10.9945
0.574	-10.9954
0.575	-10.9962
0.576	-10.9971
0.577	-10.9979
0.578	-10.9988
0.579	-10.9996
0.58	-11.0004
0.581	-11.0012
0.582	-11.002
0.583	-11.0028
0.584	-11.0036
0.585	-11.0044
0.586	-11.0052
0.587	-11.006
0.588	-11.0068
0.589	-11.0075
0.59	-11.0083
0.591	-11.009
0.592	-11.0098
0.593	-11.0105
0.594	-11.0113
0.595	-11.012
0.596	-11.0127
0.597	-11.0134
0.598	-11.0142
0.599	-11.0149
0.6	-11.0156
0.601	-11.0163
0.602	-11.017
0.603	-11.0177
0.604	-11.0184
0.605	-11.019
0.606	-11.0197
0.607	-11.0204
0.608	-11.021
0.609	-11.0217
0.61	-11.0224
0.611	-11.023
0.612	-11.0237
0.613	-11.0243
0.614	-11.0249
0.615	-11.0256
0.616	-11.0262
0.617	-11.0268
0.618	-11.0274
0.619	-11.028
0.62	-11.0287
0.621	-11.0293
0.622	-11.0299
0.623	-11.0304
0.624	-11.031
0.625	-11.0316
0.626	-11.0322
0.627	-11.0328
0.628	-11.0334
0.629	-11.0339
0.63	-11.0345
0.631	-11.035
0.632	-11.0356
0.633	-11.0362
0.634	-11.0367
0.635	-11.0372
0.636	-11.0378
0.637	-11.0383
0.638	-11.0389
0.639	-11.0394
0.64	-11.0399
0.641	-11.0404
0.642	-11.0409
0.643	-11.0414
0.644	-11.042
0.645	-11.0425
0.646	-11.043
0.647	-11.0435
0.648	-11.0439
0.649	-11.0444
0.65	-11.0449
0.651	-11.0454
0.652	-11.0459
0.653	-11.0464
0.654	-11.0468
0.655	-11.0473
0.656	-11.0478
0.657	-11.0482
0.658	-11.0487
0.659	-11.0491
0.66	-11.0496
0.661	-11.05
0.662	-11.0505
0.663	-11.0509
0.664	-11.0513
0.665	-11.0518
0.666	-11.0522
0.667	-11.0526
0.668	-11.0531
0.669	-11.0535
0.67	-11.0539
0.671	-11.0543
0.672	-11.0547
0.673	-11.0551
0.674	-11.0555
0.675	-11.0559
0.676	-11.0563
0.677	-11.0567
0.678	-11.0571
0.679	-11.0575
0.68	-11.0579
0.681	-11.0583
0.682	-11.0587
0.683	-11.0591
0.684	-11.0594
0.685	-11.0598
0.686	-11.0602
0.687	-11.0605
0.688	-11.0609
0.689	-11.0613
0.69	-11.0616
0.691	-11.062
0.692	-11.0623
0.693	-11.0627
0.694	-11.063
0.695	-11.0634
0.696	-11.0637
0.697	-11.0641
0.698	-11.0644
0.699	-11.0647
0.7	-11.0651
0.701	-11.0654
0.702	-11.0657
0.703	-11.0661
0.704	-11.0664
0.705	-11.0667
0.706	-11.067
0.707	-11.0673
0.708	-11.0677
0.709	-11.068
0.71	-11.0683
0.711	-11.0686
0.712	-11.0689
0.713	-11.0692
0.714	-11.0695
0.715	-11.0698
0.716	-11.0701
0.717	-11.0704
0.718	-11.0707
0.719	-11.071
0.72	-11.0713
0.721	-11.0715
0.722	-11.0718
0.723	-11.0721
0.724	-11.0724
0.725	-11.0727
0.726	-11.0729
0.727	-11.0732
0.728	-11.0735
0.729	-11.0737
0.73	-11.074
0.731	-11.0743
0.732	-11.0745
0.733	-11.0748
0.734	-11.0751
0.735	-11.0753
0.736	-11.0756
0.737	-11.0758
0.738	-11.0761
0.739	-11.0763
0.74	-11.0766
0.741	-11.0768
0.742	-11.0771
0.743	-11.0773
0.744	-11.0775
0.745	-11.0778
0.746	-11.078
0.747	-11.0783
0.748	-11.0785
0.749	-11.0787
0.75	-11.0789
0.751	-11.0792
0.752	-11.0794
0.753	-11.0796
0.754	-11.0799
0.755	-11.0801
0.756	-11.0803
0.757	-11.0805
0.758	-11.0807
0.759	-11.0809
0.76	-11.0812
0.761	-11.0814
0.762	-11.0816
0.763	-11.0818
0.764	-11.082
0.765	-11.0822
0.766	-11.0824
0.767	-11.0826
0.768	-11.0828
0.769	-11.083
0.77	-11.0832
0.771	-11.0834
0.772	-11.0836
0.773	-11.0838
0.774	-11.084
0.775	-11.0842
0.776	-11.0844
0.777	-11.0846
0.778	-11.0848
0.779	-11.0849
0.78	-11.0851
0.781	-11.0853
0.782	-11.0855
0.783	-11.0857
0.784	-11.0858
0.785	-11.086
0.786	-11.0862
0.787	-11.0864
0.788	-11.0866
0.789	-11.0867
0.79	-11.0869
0.791	-11.0871
0.792	-11.0872
0.793	-11.0874
0.794	-11.0876
0.795	-11.0877
0.796	-11.0879
0.797	-11.0881
0.798	-11.0882
0.799	-11.0884
0.8	-11.0886
0.801	-11.0887
0.802	-11.0889
0.803	-11.089
0.804	-11.0892
0.805	-11.0893
0.806	-11.0895
0.807	-11.0896
0.808	-11.0898
0.809	-11.0899
0.81	-11.0901
0.811	-11.0902
0.812	-11.0904
0.813	-11.0905
0.814	-11.0907
0.815	-11.0908
0.816	-11.091
0.817	-11.0911
0.818	-11.0913
0.819	-11.0914
0.82	-11.0915
0.821	-11.0917
0.822	-11.0918
0.823	-11.092
0.824	-11.0921
0.825	-11.0922
0.826	-11.0924
0.827	-11.0925
0.828	-11.0926
0.829	-11.0928
0.83	-11.0929
0.831	-11.093
0.832	-11.0931
0.833	-11.0933
0.834	-11.0934
0.835	-11.0935
0.836	-11.0937
0.837	-11.0938
0.838	-11.0939
0.839	-11.094
0.84	-11.0941
0.841	-11.0943
0.842	-11.0944
0.843	-11.0945
0.844	-11.0946
0.845	-11.0947
0.846	-11.0949
0.847	-11.095
0.848	-11.0951
0.849	-11.0952
0.85	-11.0953
0.851	-11.0954
0.852	-11.0956
0.853	-11.0957
0.854	-11.0958
0.855	-11.0959
0.856	-11.096
0.857	-11.0961
0.858	-11.0962
0.859	-11.0963
0.86	-11.0964
0.861	-11.0965
0.862	-11.0966
0.863	-11.0968
0.864	-11.0969
0.865	-11.097
0.866	-11.0971
0.867	-11.0972
0.868	-11.0973
0.869	-11.0974
0.87	-11.0975
0.871	-11.0976
0.872	-11.0977
0.873	-11.0978
0.874	-11.0979
0.875	-11.098
0.876	-11.0981
0.877	-11.0982
0.878	-11.0983
0.879	-11.0984
0.88	-11.0985
0.881	-11.0986
0.882	-11.0986
0.883	-11.0987
0.884	-11.0988
0.885	-11.0989
0.886	-11.099
0.887	-11.0991
0.888	-11.0992
0.889	-11.0993
0.89	-11.0994
0.891	-11.0995
0.892	-11.0996
0.893	-11.0997
0.894	-11.0997
0.895	-11.0998
0.896	-11.0999
0.897	-11.1
0.898	-11.1001
0.899	-11.1002
0.9	-11.1003
0.901	-11.1003
0.902	-11.1004
0.903	-11.1005
0.904	-11.1006
0.905	-11.1007
0.906	-11.1008
0.907	-11.1009
0.908	-11.1009
0.909	-11.101
0.91	-11.1011
0.911	-11.1012
0.912	-11.1013
0.913	-11.1013
0.914	-11.1014
0.915	-11.1015
0.916	-11.1016
0.917	-11.1017
0.918	-11.1017
0.919	-11.1018
0.92	-11.1019
0.921	-11.102
0.922	-11.1021
0.923	-11.1021
0.924	-11.1022
0.925	-11.1023
0.926	-11.1024
0.927	-11.1024
0.928	-11.1025
0.929	-11.1026
0.93	-11.1027
0.931	-11.1027
0.932	-11.1028
0.933	-11.1029
0.934	-11.103
0.935	-11.103
0.936	-11.1031
0.937	-11.1032
0.938	-11.1033
0.939	-11.1033
0.94	-11.1034
0.941	-11.1035
0.942	-11.1035
0.943	-11.1036
0.944	-11.1037
0.945	-11.1038
0.946	-11.1038
0.947	-11.1039
0.948	-11.104
0.949	-11.104
0.95	-11.1041
0.951	-11.1042
0.952	-11.1043
0.953	-11.1043
0.954	-11.1044
0.955	-11.1045
0.956	-11.1045
0.957	-11.1046
0.958	-11.1047
0.959	-11.1047
0.96	-11.1048
0.961	-11.1049
0.962	-11.1049
0.963	-11.105
0.964	-11.1051
0.965	-11.1051
0.966	-11.1052
0.967	-11.1053
0.968	-11.1054
0.969	-11.1054
0.97	-11.1055
0.971	-11.1056
0.972	-11.1056
0.973	-11.1057
0.974	-11.1058
0.975	-11.1058
0.976	-11.1059
0.977	-11.106
0.978	-11.106
0.979	-11.1061
0.98	-11.1061
0.981	-11.1062
0.982	-11.1063
0.983	-11.1063
0.984	-11.1064
0.985	-11.1065
0.986	-11.1065
0.987	-11.1066
0.988	-11.1067
0.989	-11.1067
0.99	-11.1068
0.991	-11.1069
0.992	-11.1069
0.993	-11.107
0.994	-11.1071
0.995	-11.1071
0.996	-11.1072
0.997	-11.1073
0.998	-11.1073
0.999	-11.1074
1	-11.1075
