0	-4.48708
0.001	-4.51301
0.002	-4.53888
0.003	-4.56469
0.004	-4.59044
0.005	-4.61612
0.006	-4.64175
0.007	-4.66732
0.008	-4.69283
0.009	-4.71828
0.01	-4.74367
0.011	-4.769
0.012	-4.79427
0.013	-4.81948
0.014	-4.84463
0.015	-4.86972
0.016	-4.89475
0.017	-4.91972
0.018	-4.94463
0.019	-4.96948
0.02	-4.99427
0.021	-5.019
0.022	-5.04367
0.023	-5.06829
0.024	-5.09284
0.025	-5.11733
0.026	-5.14176
0.027	-5.16614
0.028	-5.19045
0.029	-5.2147
0.03	-5.2389
0.031	-5.26303
0.032	-5.2871
0.033	-5.31112
0.034	-5.33507
0.035	-5.35897
0.036	-5.3828
0.037	-5.40658
0.038	-5.43029
0.039	-5.45395
0.04	-5.47754
0.041	-5.50108
0.042	-5.52456
0.043	-5.54797
0.044	-5.57133
0.045	-5.59463
0.046	-5.61787
0.047	-5.64104
0.048	-5.66416
0.049	-5.68722
0.05	-5.71022
0.051	-5.73316
0.052	-5.75604
0.053	-5.77886
0.054	-5.80162
0.055	-5.82432
0.056	-5.84696
0.057	-5.86954
0.058	-5.89207
0.059	-5.91453
0.06	-5.93693
0.061	-5.95927
0.062	-5.98156
0.063	-6.00378
0.064	-6.02595
0.065	-6.04805
0.066	-6.0701
0.067	-6.09208
0.068	-6.11401
0.069	-6.13588
0.07	-6.15768
0.071	-6.17943
0.072	-6.20112
0.073	-6.22275
0.074	-6.24432
0.075	-6.26583
0.076	-6.28728
0.077	-6.30867
0.078	-6.33
0.079	-6.35127
0.08	-6.37249
0.081	-6.39364
0.082	-6.41473
0.083	-6.43577
0.084	-6.45674
0.085	-6.47766
0.086	-6.49852
0.087	-6.51931
0.088	-6.54005
0.089	-6.56073
0.09	-6.58135
0.091	-6.60191
0.092	-6.62241
0.093	-6.64285
0.094	-6.66323
0.095	-6.68356
0.096	-6.70382
0.097	-6.72403
0.098	-6.74417
0.099	-6.76426
0.1	-6.78428
0.101	-6.80425
0.102	-6.82416
0.103	-6.84401
0.104	-6.8638
0.105	-6.88353
0.106	-6.90321
0.107	-6.92282
0.108	-6.94237
0.109	-6.96187
0.11	-6.98131
0.111	-7.00068
0.112	-7.02
0.113	-7.03926
0.114	-7.05846
0.115	-7.0776
0.116	-7.09669
0.117	-7.11571
0.118	-7.13468
0.119	-7.15358
0.12	-7.17243
0.121	-7.19122
0.122	-7.20995
0.123	-7.22862
0.124	-7.24724
0.125	-7.26579
0.126	-7.28429
0.127	-7.30272
0.128	-7.3211
0.129	-7.33942
0.13	-7.35768
0.131	-7.37589
0.132	-7.39403
0.133	-7.41212
0.134	-7.43014
0.135	-7.44811
0.136	-7.46602
0.137	-7.48388
0.138	-7.50167
0.139	-7.51941
0.14	-7.53708
0.141	-7.5547
0.142	-7.57226
0.143	-7.58977
0.144	-7.60721
0.145	-7.6246
0.146	-7.64192
0.147	-7.6592
0.148	-7.67641
0.149	-7.69356
0.15	-7.71066
0.151	-7.7277
0.152	-7.74468
0.153	-7.7616
0.154	-7.77846
0.155	-7.79527
0.156	-7.81202
0.157	-7.82871
0.158	-7.84535
0.159	-7.86192
0.16	-7.87844
0.161	-7.8949
0.162	-7.91131
0.163	-7.92765
0.164	-7.94394
0.165	-7.96017
0.166	-7.97635
0.167	-7.99246
0.168	-8.00852
0.169	-8.02453
0.17	-8.04047
0.171	-8.05636
0.172	-8.07219
0.173	-8.08796
0.174	-8.10368
0.175	-8.11934
0.176	-8.13494
0.177	-8.15049
0.178	-8.16598
0.179	-8.18141
0.18	-8.19679
0.181	-8.21211
0.182	-8.22737
0.183	-8.24257
0.184	-8.25772
0.185	-8.27282
0.186	-8.28785
0.187	-8.30283
0.188	-8.31776
0.189	-8.33263
0.19	-8.34744
0.191	-8.36219
0.192	-8.37689
0.193	-8.39153
0.194	-8.40612
0.195	-8.42065
0.196	-8.43513
0.197	-8.44955
0.198	-8.46391
0.199	-8.47822
0.2	-8.49247
0.201	-8.50667
0.202	-8.52081
0.203	-8.5349
0.204	-8.54893
0.205	-8.56291
0.206	-8.57683
0.207	-8.59069
0.208	-8.6045
0.209	-8.61826
0.21	-8.63196
0.211	-8.6456
0.212	-8.65919
0.213	-8.67273
0.214	-8.68621
0.215	-8.69964
0.216	-8.71301
0.217	-8.72633
0.218	-8.73959
0.219	-8.7528
0.22	-8.76595
0.221	-8.77905
0.222	-8.7921
0.223	-8.80509
0.224	-8.81803
0.225	-8.83091
0.226	-8.84374
0.227	-8.85652
0.228	-8.86924
0.229	-8.88191
0.23	-8.89453
0.231	-8.90709
0.232	-8.9196
0.233	-8.93206
0.234	-8.94446
0.235	-8.95681
0.236	-8.96911
0.237	-8.98136
0.238	-8.99355
0.239	-9.00569
0.24	-9.01777
0.241	-9.02981
0.242	-9.04179
0.243	-9.05372
0.244	-9.0656
0.245	-9.07742
0.246	-9.08919
0.247	-9.10091
0.248	-9.11258
0.249	-9.1242
0.25	-9.13577
0.251	-9.14728
0.252	-9.15874
0.253	-9.17015
0.254	-9.18151
0.255	-9.19282
0.256	-9.20408
0.257	-9.21529
0.258	-9.22644
0.259	-9.23755
0.26	-9.2486
0.261	-9.2596
0.262	-9.27056
0.263	-9.28146
0.264	-9.29231
0.265	-9.30311
0.266	-9.31387
0.267	-9.32457
0.268	-9.33522
0.269	-9.34582
0.27	-9.35638
0.271	-9.36688
0.272	-9.37733
0.273	-9.38774
0.274	-9.39809
0.275	-9.4084
0.276	-9.41866
0.277	-9.42887
0.278	-9.43903
0.279	-9.44914
0.28	-9.4592
0.281	-9.46921
0.282	-9.47918
0.283	-9.4891
0.284	-9.49897
0.285	-9.50879
0.286	-9.51856
0.287	-9.52829
0.288	-9.53797
0.289	-9.5476
0.29	-9.55718
0.291	-9.56672
0.292	-9.57621
0.293	-9.58565
0.294	-9.59505
0.295	-9.6044
0.296	-9.6137
0.297	-9.62296
0.298	-9.63217
0.299	-9.64133
0.3	-9.65045
0.301	-9.65952
0.302	-9.66854
0.303	-9.67752
0.304	-9.68646
0.305	-9.69535
0.306	-9.70419
0.307	-9.71299
0.308	-9.72174
0.309	-9.73045
0.31	-9.73911
0.311	-9.74773
0.312	-9.75631
0.313	-9.76484
0.314	-9.77332
0.315	-9.78177
0.316	-9.79016
0.317	-9.79852
0.318	-9.80683
0.319	-9.81509
0.32	-9.82332
0.321	-9.83149
0.322	-9.83963
0.323	-9.84772
0.324	-9.85577
0.325	-9.86378
0.326	-9.87175
0.327	-9.87967
0.328	-9.88755
0.329	-9.89539
0.33	-9.90318
0.331	-9.91094
0.332	-9.91865
0.333	-9.92632
0.334	-9.93395
0.335	-9.94153
0.336	-9.94908
0.337	-9.95659
0.338	-9.96405
0.339	-9.97147
0.34	-9.97885
0.341	-9.9862
0.342	-9.9935
0.343	-10.0008
0.344	-10.008
0.345	-10.0152
0.346	-10.0223
0.347	-10.0294
0.348	-10.0365
0.349	-10.0435
0.35	-10.0505
0.351	-10.0574
0.352	-10.0643
0.353	-10.0712
0.354	-10.078
0.355	-10.0848
0.356	-10.0916
0.357	-10.0983
0.358	-10.1049
0.359	-10.1116
0.36	-10.1182
0.361	-10.1247
0.362	-10.1313
0.363	-10.1378
0.364	-10.1442
0.365	-10.1506
0.366	-10.157
0.367	-10.1633
0.368	-10.1696
0.369	-10.1759
0.37	-10.1821
0.371	-10.1883
0.372	-10.1945
0.373	-10.2006
0.374	-10.2067
0.375	-10.2127
0.376	-10.2187
0.377	-10.2247
0.378	-10.2307
0.379	-10.2366
0.38	-10.2425
0.381	-10.2483
0.382	-10.2541
0.383	-10.2599
0.384	-10.2656
0.385	-10.2713
0.386	-10.277
0.387	-10.2826
0.388	-10.2882
0.389	-10.2938
0.39	-10.2993
0.391	-10.3048
0.392	-10.3103
0.393	-10.3157
0.394	-10.3211
0.395	-10.3265
0.396	-10.3318
0.397	-10.3371
0.398	-10.3424
0.399	-10.3476
0.4	-10.3528
0.401	-10.358
0.402	-10.3632
0.403	-10.3683
0.404	-10.3734
0.405	-10.3784
0.406	-10.3834
0.407	-10.3884
0.408	-10.3934
0.409	-10.3983
0.41	-10.4032
0.411	-10.4081
0.412	-10.4129
0.413	-10.4177
0.414	-10.4225
0.415	-10.4272
0.416	-10.432
0.417	-10.4366
0.418	-10.4413
0.419	-10.4459
0.42	-10.4505
0.421	-10.4551
0.422	-10.4596
0.423	-10.4642
0.424	-10.4687
0.425	-10.4731
0.426	-10.4775
0.427	-10.4819
0.428	-10.4863
0.429	-10.4907
0.43	-10.495
0.431	-10.4993
0.432	-10.5035
0.433	-10.5078
0.434	-10.512
0.435	-10.5162
0.436	-10.5203
0.437	-10.5244
0.438	-10.5286
0.439	-10.5326
0.44	-10.5367
0.441	-10.5407
0.442	-10.5447
0.443	-10.5487
0.444	-10.5526
0.445	-10.5565
0.446	-10.5604
0.447	-10.5643
0.448	-10.5682
0.449	-10.572
0.45	-10.5758
0.451	-10.5795
0.452	-10.5833
0.453	-10.587
0.454	-10.5907
0.455	-10.5944
0.456	-10.598
0.457	-10.6017
0.458	-10.6053
0.459	-10.6088
0.46	-10.6124
0.461	-10.6159
0.462	-10.6194
0.463	-10.6229
0.464	-10.6264
0.465	-10.6298
0.466	-10.6332
0.467	-10.6366
0.468	-10.64
0.469	-10.6433
0.47	-10.6467
0.471	-10.65
0.472	-10.6533
0.473	-10.6565
0.474	-10.6598
0.475	-10.663
0.476	-10.6662
0.477	-10.6693
0.478	-10.6725
0.479	-10.6756
0.48	-10.6787
0.481	-10.6818
0.482	-10.6849
0.483	-10.6879
0.484	-10.691
0.485	-10.694
0.486	-10.697
0.487	-10.6999
0.488	-10.7029
0.489	-10.7058
0.49	-10.7087
0.491	-10.7116
0.492	-10.7145
0.493	-10.7173
0.494	-10.7202
0.495	-10.723
0.496	-10.7258
0.497	-10.7285
0.498	-10.7313
0.499	-10.734
0.5	-10.7367
0.501	-10.7394
0.502	-10.7421
0.503	-10.7448
0.504	-10.7474
0.505	-10.75
0.506	-10.7526
0.507	-10.7552
0.508	-10.7578
0.509	-10.7603
0.51	-10.7629
0.511	-10.7654
0.512	-10.7679
0.513	-10.7704
0.514	-10.7728
0.515	-10.7753
0.516	-10.7777
0.517	-10.7801
0.518	-10.7825
0.519	-10.7849
0.52	-10.7873
0.521	-10.7896
0.522	-10.792
0.523	-10.7943
0.524	-10.7966
0.525	-10.7989
0.526	-10.8011
0.527	-10.8034
0.528	-10.8056
0.529	-10.8078
0.53	-10.81
0.531	-10.8122
0.532	-10.8144
0.533	-10.8166
0.534	-10.8187
0.535	-10.8208
0.536	-10.823
0.537	-10.8251
0.538	-10.8271
0.539	-10.8292
0.54	-10.8313
0.541	-10.8333
0.542	-10.8353
0.543	-10.8373
0.544	-10.8393
0.545	-10.8413
0.546	-10.8433
0.547	-10.8452
0.548	-10.8472
0.549	-10.8491
0.55	-10.851
0.551	-10.8529
0.552	-10.8548
0.553	-10.8567
0.554	-10.8586
0.555	-10.8604
0.556	-10.8622
0.557	-10.8641
0.558	-10.8659
0.559	-10.8677
0.56	-10.8694
0.561	-10.8712
0.562	-10.873
0.563	-10.8747
0.564	-10.8765
0.565	-10.8782
0.566	-10.8799
0.567	-10.8816
0.568	-10.8833
0.569	-10.8849
0.57	-10.8866
0.571	-10.8882
0.572	-10.8899
0.573	-10.8915
0.574	-10.8931
0.575	-10.8947
0.576	-10.8963
0.577	-10.8979
0.578	-10.8995
0.579	-10.901
0.58	-10.9026
0.581	-10.9041
0.582	-10.9056
0.583	-10.9071
0.584	-10.9086
0.585	-10.9101
0.586	-10.9116
0.587	-10.9131
0.588	-10.9145
0.589	-10.916
0.59	-10.9174
0.591	-10.9188
0.592	-10.9202
0.593	-10.9217
0.594	-10.923
0.595	-10.9244
0.596	-10.9258
0.597	-10.9272
0.598	-10.9285
0.599	-10.9299
0.6	-10.9312
0.601	-10.9325
0.602	-10.9339
0.603	-10.9352
0.604	-10.9365
0.605	-10.9378
0.606	-10.939
0.607	-10.9403
0.608	-10.9416
0.609	-10.9428
0.61	-10.9441
0.611	-10.9453
0.612	-10.9465
0.613	-10.9477
0.614	-10.9489
0.615	-10.9501
0.616	-10.9513
0.617	-10.9525
0.618	-10.9537
0.619	-10.9548
0.62	-10.956
0.621	-10.9571
0.622	-10.9583
0.623	-10.9594
0.624	-10.9605
0.625	-10.9616
0.626	-10.9627
0.627	-10.9638
0.628	-10.9649
0.629	-10.966
0.63	-10.9671
0.631	-10.9682
0.632	-10.9692
0.633	-10.9703
0.634	-10.9713
0.635	-10.9723
0.636	-10.9734
0.637	-10.9744
0.638	-10.9754
0.639	-10.9764
0.64	-10.9774
0.641	-10.9784
0.642	-10.9794
0.643	-10.9803
0.644	-10.9813
0.645	-10.9823
0.646	-10.9832
0.647	-10.9842
0.648	-10.9851
0.649	-10.9861
0.65	-10.987
0.651	-10.9879
0.652	-10.9888
0.653	-10.9897
0.654	-10.9906
0.655	-10.9915
0.656	-10.9924
0.657	-10.9933
0.658	-10.9941
0.659	-10.995
0.66	-10.9959
0.661	-10.9967
0.662	-10.9976
0.663	-10.9984
0.664	-10.9993
0.665	-11.0001
0.666	-11.0009
0.667	-11.0017
0.668	-11.0025
0.669	-11.0033
0.67	-11.0041
0.671	-11.0049
0.672	-11.0057
0.673	-11.0065
0.674	-11.0073
0.675	-11.0081
0.676	-11.0088
0.677	-11.0096
0.678	-11.0103
0.679	-11.0111
0.68	-11.0118
0.681	-11.0126
0.682	-11.0133
0.683	-11.014
0.684	-11.0147
0.685	-11.0154
0.686	-11.0162
0.687	-11.0169
0.688	-11.0176
0.689	-11.0183
0.69	-11.0189
0.691	-11.0196
0.692	-11.0203
0.693	-11.021
0.694	-11.0217
0.695	-11.0223
0.696	-11.023
0.697	-11.0236
0.698	-11.0243
0.699	-11.0249
0.7	-11.0256
0.701	-11.0262
0.702	-11.0268
0.703	-11.0275
0.704	-11.0281
0.705	-11.0287
0.706	-11.0293
0.707	-11.0299
0.708	-11.0305
0.709	-11.0311
0.71	-11.0317
0.711	-11.0323
0.712	-11.0329
0.713	-11.0335
0.714	-11.0341
0.715	-11.0346
0.716	-11.0352
0.717	-11.0358
0.718	-11.0363
0.719	-11.0369
0.72	-11.0374
0.721	-11.038
0.722	-11.0385
0.723	-11.0391
0.724	-11.0396
0.725	-11.0401
0.726	-11.0407
0.727	-11.0412
0.728	-11.0417
0.729	-11.0422
0.73	-11.0427
0.731	-11.0433
0.732	-11.0438
0.733	-11.0443
0.734	-11.0448
0.735	-11.0453
0.736	-11.0457
0.737	-11.0462
0.738	-11.0467
0.739	-11.0472
0.74	-11.0477
0.741	-11.0482
0.742	-11.0486
0.743	-11.0491
0.744	-11.0496
0.745	-11.05
0.746	-11.0505
0.747	-11.0509
0.748	-11.0514
0.749	-11.0518
0.75	-11.0523
0.751	-11.0527
0.752	-11.0531
0.753	-11.0536
0.754	-11.054
0.755	-11.0544
0.756	-11.0549
0.757	-11.0553
0.758	-11.0557
0.759	-11.0561
0.76	-11.0565
0.761	-11.0569
0.762	-11.0573
0.763	-11.0577
0.764	-11.0581
0.765	-11.0585
0.766	-11.0589
0.767	-11.0593
0.768	-11.0597
0.769	-11.0601
0.77	-11.0605
0.771	-11.0609
0.772	-11.0612
0.773	-11.0616
0.774	-11.062
0.775	-11.0624
0.776	-11.0627
0.777	-11.0631
0.778	-11.0635
0.779	-11.0638
0.78	-11.0642
0.781	-11.0645
0.782	-11.0649
0.783	-11.0652
0.784	-11.0656
0.785	-11.0659
0.786	-11.0663
0.787	-11.0666
0.788	-11.0669
0.789	-11.0673
0.79	-11.0676
0.791	-11.0679
0.792	-11.0683
0.793	-11.0686
0.794	-11.0689
0.795	-11.0692
0.796	-11.0696
0.797	-11.0699
0.798	-11.0702
0.799	-11.0705
0.8	-11.0708
0.801	-11.0711
0.802	-11.0714
0.803	-11.0717
0.804	-11.072
0.805	-11.0723
0.806	-11.0726
0.807	-11.0729
0.808	-11.0732
0.809	-11.0735
0.81	-11.0738
0.811	-11.0741
0.812	-11.0744
0.813	-11.0747
0.814	-11.0749
0.815	-11.0752
0.816	-11.0755
0.817	-11.0758
0.818	-11.076
0.819	-11.0763
0.82	-11.0766
0.821	-11.0769
0.822	-11.0771
0.823	-11.0774
0.824	-11.0777
0.825	-11.0779
0.826	-11.0782
0.827	-11.0784
0.828	-11.0787
0.829	-11.0789
0.83	-11.0792
0.831	-11.0794
0.832	-11.0797
0.833	-11.0799
0.834	-11.0802
0.835	-11.0804
0.836	-11.0807
0.837	-11.0809
0.838	-11.0812
0.839	-11.0814
0.84	-11.0816
0.841	-11.0819
0.842	-11.0821
0.843	-11.0823
0.844	-11.0826
0.845	-11.0828
0.846	-11.083
0.847	-11.0832
0.848	-11.0835
0.849	-11.0837
0.85	-11.0839
0.851	-11.0841
0.852	-11.0844
0.853	-11.0846
0.854	-11.0848
0.855	-11.085
0.856	-11.0852
0.857	-11.0854
0.858	-11.0856
0.859	-11.0859
0.86	-11.0861
0.861	-11.0863
0.862	-11.0865
0.863	-11.0867
0.864	-11.0869
0.865	-11.0871
0.866	-11.0873
0.867	-11.0875
0.868	-11.0877
0.869	-11.0879
0.87	-11.0881
0.871	-11.0883
0.872	-11.0885
0.873	-11.0887
0.874	-11.0889
0.875	-11.089
0.876	-11.0892
0.877	-11.0894
0.878	-11.0896
0.879	-11.0898
0.88	-11.09
0.881	-11.0902
0.882	-11.0904
0.883	-11.0905
0.884	-11.0907
0.885	-11.0909
0.886	-11.0911
0.887	-11.0913
0.888	-11.0914
0.889	-11.0916
0.89	-11.0918
0.891	-11.092
0.892	-11.0921
0.893	-11.0923
0.894	-11.0925
0.895	-11.0927
0.896	-11.0928
0.897	-11.093
0.898	-11.0932
0.899	-11.0933
0.9	-11.0935
0.901	-11.0937
0.902	-11.0938
0.903	-11.094
0.904	-11.0942
0.905	-11.0943
0.906	-11.0945
0.907	-11.0946
0.908	-11.0948
0.909	-11.095
0.91	-11.0951
0.911	-11.0953
0.912	-11.0954
0.913	-11.0956
0.914	-11.0957
0.915	-11.0959
0.916	-11.0961
0.917	-11.0962
0.918	-11.0964
0.919	-11.0965
0.92	-11.0967
0.921	-11.0968
0.922	-11.097
0.923	-11.0971
0.924	-11.0973
0.925	-11.0974
0.926	-11.0976
0.927	-11.0977
0.928	-11.0979
0.929	-11.098
0.93	-11.0982
0.931	-11.0983
0.932	-11.0984
0.933	-11.0986
0.934	-11.0987
0.935	-11.0989
0.936	-11.099
0.937	-11.0992
0.938	-11.0993
0.939	-11.0994
0.94	-11.0996
0.941	-11.0997
0.942	-11.0999
0.943	-11.1
0.944	-11.1001
0.945	-11.1003
0.946	-11.1004
0.947	-11.1006
0.948	-11.1007
0.949	-11.1008
0.95	-11.101
0.951	-11.1011
0.952	-11.1012
0.953	-11.1014
0.954	-11.1015
0.955	-11.1016
0.956	-11.1018
0.957	-11.1019
0.958	-11.102
0.959	-11.1022
0.96	-11.1023
0.961	-11.1024
0.962	-11.1026
0.963	-11.1027
0.964	-11.1028
0.965	-11.103
0.966	-11.1031
0.967	-11.1032
0.968	-11.1034
0.969	-11.1035
0.97	-11.1036
0.971	-11.1038
0.972	-11.1039
0.973	-11.104
0.974	-11.1041
0.975	-11.1043
0.976	-11.1044
0.977	-11.1045
0.978	-11.1047
0.979	-11.1048
0.98	-11.1049
0.981	-11.105
0.982	-11.1052
0.983	-11.1053
0.984	-11.1054
0.985	-11.1056
0.986	-11.1057
0.987	-11.1058
0.988	-11.1059
0.989	-11.1061
0.99	-11.1062
0.991	-11.1063
0.992	-11.1064
0.993	-11.1066
0.994	-11.1067
0.995	-11.1068
0.996	-11.107
0.997	-11.1071
0.998	-11.1072
0.999	-11.1073
1	-11.1075
