0	7.11744
0.001	7.07198
0.002	7.02658
0.003	6.98124
0.004	6.93596
0.005	6.89074
0.006	6.84558
0.007	6.80049
0.008	6.75545
0.009	6.71047
0.01	6.66556
0.011	6.6207
0.012	6.57591
0.013	6.53117
0.014	6.4865
0.015	6.44189
0.016	6.39733
0.017	6.35284
0.018	6.30841
0.019	6.26404
0.02	6.21973
0.021	6.17548
0.022	6.13129
0.023	6.08716
0.024	6.04309
0.025	5.99908
0.026	5.95513
0.027	5.91125
0.028	5.86742
0.029	5.82365
0.03	5.77994
0.031	5.7363
0.032	5.69271
0.033	5.64919
0.034	5.60572
0.035	5.56231
0.036	5.51897
0.037	5.47568
0.038	5.43246
0.039	5.3893
0.04	5.34619
0.041	5.30315
0.042	5.26016
0.043	5.21724
0.044	5.17438
0.045	5.13157
0.046	5.08883
0.047	5.04615
0.048	5.00353
0.049	4.96096
0.05	4.91846
0.051	4.87602
0.052	4.83364
0.053	4.79131
0.054	4.74905
0.055	4.70685
0.056	4.66471
0.057	4.62263
0.058	4.58061
0.059	4.53865
0.06	4.49675
0.061	4.45491
0.062	4.41312
0.063	4.3714
0.064	4.32974
0.065	4.28814
0.066	4.2466
0.067	4.20512
0.068	4.1637
0.069	4.12234
0.07	4.08104
0.071	4.0398
0.072	3.99862
0.073	3.9575
0.074	3.91644
0.075	3.87544
0.076	3.8345
0.077	3.79362
0.078	3.7528
0.079	3.71205
0.08	3.67135
0.081	3.63071
0.082	3.59013
0.083	3.54961
0.084	3.50915
0.085	3.46875
0.086	3.42841
0.087	3.38813
0.088	3.34791
0.089	3.30775
0.09	3.26765
0.091	3.22761
0.092	3.18764
0.093	3.14772
0.094	3.10786
0.095	3.06806
0.096	3.02832
0.097	2.98864
0.098	2.94902
0.099	2.90946
0.1	2.86996
0.101	2.83052
0.102	2.79114
0.103	2.75183
0.104	2.71257
0.105	2.67337
0.106	2.63423
0.107	2.59515
0.108	2.55613
0.109	2.51717
0.11	2.47827
0.111	2.43943
0.112	2.40065
0.113	2.36193
0.114	2.32327
0.115	2.28467
0.116	2.24614
0.117	2.20766
0.118	2.16924
0.119	2.13088
0.12	2.09258
0.121	2.05434
0.122	2.01616
0.123	1.97804
0.124	1.93998
0.125	1.90198
0.126	1.86404
0.127	1.82616
0.128	1.78834
0.129	1.75058
0.13	1.71288
0.131	1.67524
0.132	1.63766
0.133	1.60014
0.134	1.56268
0.135	1.52528
0.136	1.48794
0.137	1.45066
0.138	1.41344
0.139	1.37628
0.14	1.33918
0.141	1.30214
0.142	1.26516
0.143	1.22824
0.144	1.19138
0.145	1.15458
0.146	1.11784
0.147	1.08116
0.148	1.04454
0.149	1.00798
0.15	0.971479
0.151	0.935038
0.152	0.898657
0.153	0.862336
0.154	0.826076
0.155	0.789875
0.156	0.753734
0.157	0.717653
0.158	0.681632
0.159	0.645671
0.16	0.60977
0.161	0.573928
0.162	0.538147
0.163	0.502426
0.164	0.466764
0.165	0.431163
0.166	0.395622
0.167	0.36014
0.168	0.324718
0.169	0.289357
0.17	0.254055
0.171	0.218813
0.172	0.183631
0.173	0.14851
0.174	0.113448
0.175	0.0784457
0.176	0.0435036
0.177	0.00862147
0.178	-0.0262007
0.179	-0.060963
0.18	-0.0956653
0.181	-0.130308
0.182	-0.16489
0.183	-0.199413
0.184	-0.233875
0.185	-0.268278
0.186	-0.30262
0.187	-0.336903
0.188	-0.371126
0.189	-0.405289
0.19	-0.439392
0.191	-0.473435
0.192	-0.507418
0.193	-0.541341
0.194	-0.575204
0.195	-0.609007
0.196	-0.642751
0.197	-0.676434
0.198	-0.710058
0.199	-0.743621
0.2	-0.777125
0.201	-0.810568
0.202	-0.843952
0.203	-0.877276
0.204	-0.91054
0.205	-0.943744
0.206	-0.976888
0.207	-1.00997
0.208	-1.043
0.209	-1.07596
0.21	-1.10886
0.211	-1.14171
0.212	-1.17449
0.213	-1.20722
0.214	-1.23988
0.215	-1.27249
0.216	-1.30503
0.217	-1.33752
0.218	-1.36994
0.219	-1.40231
0.22	-1.43461
0.221	-1.46686
0.222	-1.49904
0.223	-1.53117
0.224	-1.56323
0.225	-1.59524
0.226	-1.62718
0.227	-1.65907
0.228	-1.69089
0.229	-1.72266
0.23	-1.75436
0.231	-1.78601
0.232	-1.8176
0.233	-1.84912
0.234	-1.88059
0.235	-1.91199
0.236	-1.94334
0.237	-1.97463
0.238	-2.00585
0.239	-2.03702
0.24	-2.06812
0.241	-2.09917
0.242	-2.13016
0.243	-2.16108
0.244	-2.19195
0.245	-2.22276
0.246	-2.2535
0.247	-2.28419
0.248	-2.31482
0.249	-2.34539
0.25	-2.37589
0.251	-2.40634
0.252	-2.43673
0.253	-2.46706
0.254	-2.49732
0.255	-2.52753
0.256	-2.55768
0.257	-2.58777
0.258	-2.61779
0.259	-2.64776
0.26	-2.67767
0.261	-2.70752
0.262	-2.73731
0.263	-2.76703
0.264	-2.7967
0.265	-2.82631
0.266	-2.85586
0.267	-2.88535
0.268	-2.91478
0.269	-2.94415
0.27	-2.97345
0.271	-3.0027
0.272	-3.03189
0.273	-3.06102
0.274	-3.09009
0.275	-3.1191
0.276	-3.14805
0.277	-3.17694
0.278	-3.20577
0.279	-3.23454
0.28	-3.26325
0.281	-3.2919
0.282	-3.32049
0.283	-3.34902
0.284	-3.37749
0.285	-3.4059
0.286	-3.43425
0.287	-3.46254
0.288	-3.49077
0.289	-3.51894
0.29	-3.54705
0.291	-3.5751
0.292	-3.60309
0.293	-3.63102
0.294	-3.65889
0.295	-3.68671
0.296	-3.71446
0.297	-3.74215
0.298	-3.76978
0.299	-3.79735
0.3	-3.82486
0.301	-3.85232
0.302	-3.87971
0.303	-3.90704
0.304	-3.93431
0.305	-3.96152
0.306	-3.98868
0.307	-4.01577
0.308	-4.0428
0.309	-4.06978
0.31	-4.09669
0.311	-4.12354
0.312	-4.15033
0.313	-4.17707
0.314	-4.20374
0.315	-4.23035
0.316	-4.25691
0.317	-4.2834
0.318	-4.30984
0.319	-4.33621
0.32	-4.36253
0.321	-4.38878
0.322	-4.41497
0.323	-4.44111
0.324	-4.46718
0.325	-4.4932
0.326	-4.51915
0.327	-4.54505
0.328	-4.57088
0.329	-4.59666
0.33	-4.62238
0.331	-4.64803
0.332	-4.67363
0.333	-4.69916
0.334	-4.72464
0.335	-4.75006
0.336	-4.77541
0.337	-4.80071
0.338	-4.82595
0.339	-4.85113
0.34	-4.87624
0.341	-4.9013
0.342	-4.9263
0.343	-4.95124
0.344	-4.97612
0.345	-5.00093
0.346	-5.02569
0.347	-5.05039
0.348	-5.07503
0.349	-5.09961
0.35	-5.12413
0.351	-5.14859
0.352	-5.17299
0.353	-5.19733
0.354	-5.22161
0.355	-5.24583
0.356	-5.26999
0.357	-5.29409
0.358	-5.31814
0.359	-5.34212
0.36	-5.36604
0.361	-5.3899
0.362	-5.4137
0.363	-5.43745
0.364	-5.46113
0.365	-5.48475
0.366	-5.50832
0.367	-5.53182
0.368	-5.55527
0.369	-5.57865
0.37	-5.60198
0.371	-5.62524
0.372	-5.64845
0.373	-5.67159
0.374	-5.69468
0.375	-5.7177
0.376	-5.74067
0.377	-5.76358
0.378	-5.78643
0.379	-5.80921
0.38	-5.83194
0.381	-5.85461
0.382	-5.87722
0.383	-5.89977
0.384	-5.92226
0.385	-5.94469
0.386	-5.96706
0.387	-5.98937
0.388	-6.01162
0.389	-6.03382
0.39	-6.05595
0.391	-6.07802
0.392	-6.10003
0.393	-6.12199
0.394	-6.14388
0.395	-6.16572
0.396	-6.18749
0.397	-6.20921
0.398	-6.23087
0.399	-6.25246
0.4	-6.274
0.401	-6.29548
0.402	-6.3169
0.403	-6.33826
0.404	-6.35955
0.405	-6.3808
0.406	-6.40198
0.407	-6.4231
0.408	-6.44416
0.409	-6.46516
0.41	-6.48611
0.411	-6.50699
0.412	-6.52781
0.413	-6.54858
0.414	-6.56929
0.415	-6.58993
0.416	-6.61052
0.417	-6.63105
0.418	-6.65152
0.419	-6.67193
0.42	-6.69228
0.421	-6.71257
0.422	-6.7328
0.423	-6.75298
0.424	-6.77309
0.425	-6.79314
0.426	-6.81314
0.427	-6.83308
0.428	-6.85295
0.429	-6.87277
0.43	-6.89253
0.431	-6.91223
0.432	-6.93187
0.433	-6.95145
0.434	-6.97098
0.435	-6.99044
0.436	-7.00985
0.437	-7.02919
0.438	-7.04848
0.439	-7.06771
0.44	-7.08688
0.441	-7.10599
0.442	-7.12504
0.443	-7.14404
0.444	-7.16297
0.445	-7.18185
0.446	-7.20066
0.447	-7.21942
0.448	-7.23812
0.449	-7.25676
0.45	-7.27534
0.451	-7.29387
0.452	-7.31233
0.453	-7.33074
0.454	-7.34909
0.455	-7.36738
0.456	-7.38561
0.457	-7.40378
0.458	-7.42189
0.459	-7.43995
0.46	-7.45794
0.461	-7.47588
0.462	-7.49376
0.463	-7.51159
0.464	-7.52935
0.465	-7.54706
0.466	-7.5647
0.467	-7.58229
0.468	-7.59982
0.469	-7.61729
0.47	-7.63471
0.471	-7.65207
0.472	-7.66936
0.473	-7.68661
0.474	-7.70379
0.475	-7.72091
0.476	-7.73798
0.477	-7.75499
0.478	-7.77194
0.479	-7.78883
0.48	-7.80567
0.481	-7.82245
0.482	-7.83917
0.483	-7.85583
0.484	-7.87243
0.485	-7.88898
0.486	-7.90547
0.487	-7.9219
0.488	-7.93828
0.489	-7.95459
0.49	-7.97085
0.491	-7.98706
0.492	-8.0032
0.493	-8.01929
0.494	-8.03532
0.495	-8.0513
0.496	-8.06721
0.497	-8.08307
0.498	-8.09887
0.499	-8.11462
0.5	-8.13031
0.501	-8.14594
0.502	-8.16152
0.503	-8.17703
0.504	-8.1925
0.505	-8.2079
0.506	-8.22325
0.507	-8.23854
0.508	-8.25378
0.509	-8.26895
0.51	-8.28408
0.511	-8.29914
0.512	-8.31415
0.513	-8.32911
0.514	-8.344
0.515	-8.35884
0.516	-8.37363
0.517	-8.38836
0.518	-8.40303
0.519	-8.41765
0.52	-8.43221
0.521	-8.44671
0.522	-8.46116
0.523	-8.47556
0.524	-8.48989
0.525	-8.50418
0.526	-8.5184
0.527	-8.53258
0.528	-8.54669
0.529	-8.56075
0.53	-8.57476
0.531	-8.58871
0.532	-8.60261
0.533	-8.61645
0.534	-8.63023
0.535	-8.64396
0.536	-8.65764
0.537	-8.67126
0.538	-8.68483
0.539	-8.69834
0.54	-8.7118
0.541	-8.7252
0.542	-8.73855
0.543	-8.75184
0.544	-8.76508
0.545	-8.77827
0.546	-8.7914
0.547	-8.80448
0.548	-8.8175
0.549	-8.83047
0.55	-8.84339
0.551	-8.85625
0.552	-8.86906
0.553	-8.88181
0.554	-8.89451
0.555	-8.90716
0.556	-8.91976
0.557	-8.9323
0.558	-8.94479
0.559	-8.95722
0.56	-8.96961
0.561	-8.98194
0.562	-8.99421
0.563	-9.00644
0.564	-9.01861
0.565	-9.03073
0.566	-9.04279
0.567	-9.05481
0.568	-9.06677
0.569	-9.07868
0.57	-9.09054
0.571	-9.10235
0.572	-9.1141
0.573	-9.1258
0.574	-9.13745
0.575	-9.14905
0.576	-9.1606
0.577	-9.1721
0.578	-9.18354
0.579	-9.19494
0.58	-9.20628
0.581	-9.21757
0.582	-9.22881
0.583	-9.24
0.584	-9.25114
0.585	-9.26223
0.586	-9.27327
0.587	-9.28426
0.588	-9.2952
0.589	-9.30609
0.59	-9.31692
0.591	-9.32771
0.592	-9.33845
0.593	-9.34914
0.594	-9.35978
0.595	-9.37037
0.596	-9.38091
0.597	-9.3914
0.598	-9.40184
0.599	-9.41223
0.6	-9.42257
0.601	-9.43287
0.602	-9.44312
0.603	-9.45331
0.604	-9.46346
0.605	-9.47356
0.606	-9.48361
0.607	-9.49362
0.608	-9.50358
0.609	-9.51348
0.61	-9.52334
0.611	-9.53316
0.612	-9.54292
0.613	-9.55264
0.614	-9.56231
0.615	-9.57194
0.616	-9.58151
0.617	-9.59104
0.618	-9.60053
0.619	-9.60996
0.62	-9.61935
0.621	-9.6287
0.622	-9.63799
0.623	-9.64724
0.624	-9.65645
0.625	-9.66561
0.626	-9.67472
0.627	-9.68379
0.628	-9.69281
0.629	-9.70179
0.63	-9.71072
0.631	-9.71961
0.632	-9.72845
0.633	-9.73725
0.634	-9.746
0.635	-9.7547
0.636	-9.76337
0.637	-9.77199
0.638	-9.78056
0.639	-9.78909
0.64	-9.79758
0.641	-9.80602
0.642	-9.81442
0.643	-9.82278
0.644	-9.83109
0.645	-9.83936
0.646	-9.84758
0.647	-9.85577
0.648	-9.86391
0.649	-9.87201
0.65	-9.88006
0.651	-9.88807
0.652	-9.89605
0.653	-9.90397
0.654	-9.91186
0.655	-9.91971
0.656	-9.92751
0.657	-9.93527
0.658	-9.94299
0.659	-9.95067
0.66	-9.95831
0.661	-9.96591
0.662	-9.97346
0.663	-9.98098
0.664	-9.98845
0.665	-9.99589
0.666	-10.0033
0.667	-10.0106
0.668	-10.018
0.669	-10.0252
0.67	-10.0325
0.671	-10.0397
0.672	-10.0468
0.673	-10.0539
0.674	-10.061
0.675	-10.068
0.676	-10.0751
0.677	-10.082
0.678	-10.0889
0.679	-10.0958
0.68	-10.1027
0.681	-10.1095
0.682	-10.1162
0.683	-10.123
0.684	-10.1297
0.685	-10.1363
0.686	-10.143
0.687	-10.1495
0.688	-10.1561
0.689	-10.1626
0.69	-10.1691
0.691	-10.1755
0.692	-10.1819
0.693	-10.1883
0.694	-10.1946
0.695	-10.2009
0.696	-10.2072
0.697	-10.2134
0.698	-10.2196
0.699	-10.2257
0.7	-10.2318
0.701	-10.2379
0.702	-10.244
0.703	-10.25
0.704	-10.256
0.705	-10.2619
0.706	-10.2678
0.707	-10.2737
0.708	-10.2795
0.709	-10.2853
0.71	-10.2911
0.711	-10.2968
0.712	-10.3025
0.713	-10.3082
0.714	-10.3139
0.715	-10.3195
0.716	-10.325
0.717	-10.3306
0.718	-10.3361
0.719	-10.3416
0.72	-10.347
0.721	-10.3524
0.722	-10.3578
0.723	-10.3632
0.724	-10.3685
0.725	-10.3738
0.726	-10.379
0.727	-10.3843
0.728	-10.3895
0.729	-10.3946
0.73	-10.3998
0.731	-10.4049
0.732	-10.4099
0.733	-10.415
0.734	-10.42
0.735	-10.425
0.736	-10.4299
0.737	-10.4348
0.738	-10.4397
0.739	-10.4446
0.74	-10.4494
0.741	-10.4542
0.742	-10.459
0.743	-10.4638
0.744	-10.4685
0.745	-10.4732
0.746	-10.4779
0.747	-10.4825
0.748	-10.4871
0.749	-10.4917
0.75	-10.4962
0.751	-10.5008
0.752	-10.5053
0.753	-10.5097
0.754	-10.5142
0.755	-10.5186
0.756	-10.523
0.757	-10.5274
0.758	-10.5317
0.759	-10.536
0.76	-10.5403
0.761	-10.5446
0.762	-10.5488
0.763	-10.553
0.764	-10.5572
0.765	-10.5613
0.766	-10.5655
0.767	-10.5696
0.768	-10.5737
0.769	-10.5777
0.77	-10.5818
0.771	-10.5858
0.772	-10.5898
0.773	-10.5937
0.774	-10.5977
0.775	-10.6016
0.776	-10.6055
0.777	-10.6093
0.778	-10.6132
0.779	-10.617
0.78	-10.6208
0.781	-10.6245
0.782	-10.6283
0.783	-10.632
0.784	-10.6357
0.785	-10.6394
0.786	-10.6431
0.787	-10.6467
0.788	-10.6503
0.789	-10.6539
0.79	-10.6575
0.791	-10.661
0.792	-10.6646
0.793	-10.6681
0.794	-10.6715
0.795	-10.675
0.796	-10.6785
0.797	-10.6819
0.798	-10.6853
0.799	-10.6887
0.8	-10.692
0.801	-10.6954
0.802	-10.6987
0.803	-10.702
0.804	-10.7052
0.805	-10.7085
0.806	-10.7117
0.807	-10.715
0.808	-10.7182
0.809	-10.7213
0.81	-10.7245
0.811	-10.7277
0.812	-10.7308
0.813	-10.7339
0.814	-10.737
0.815	-10.74
0.816	-10.7431
0.817	-10.7461
0.818	-10.7491
0.819	-10.7521
0.82	-10.7551
0.821	-10.7581
0.822	-10.761
0.823	-10.7639
0.824	-10.7668
0.825	-10.7697
0.826	-10.7726
0.827	-10.7754
0.828	-10.7783
0.829	-10.7811
0.83	-10.7839
0.831	-10.7867
0.832	-10.7895
0.833	-10.7922
0.834	-10.795
0.835	-10.7977
0.836	-10.8004
0.837	-10.8031
0.838	-10.8058
0.839	-10.8084
0.84	-10.8111
0.841	-10.8137
0.842	-10.8163
0.843	-10.8189
0.844	-10.8215
0.845	-10.8241
0.846	-10.8266
0.847	-10.8291
0.848	-10.8317
0.849	-10.8342
0.85	-10.8367
0.851	-10.8392
0.852	-10.8416
0.853	-10.8441
0.854	-10.8465
0.855	-10.8489
0.856	-10.8514
0.857	-10.8537
0.858	-10.8561
0.859	-10.8585
0.86	-10.8609
0.861	-10.8632
0.862	-10.8655
0.863	-10.8679
0.864	-10.8702
0.865	-10.8725
0.866	-10.8747
0.867	-10.877
0.868	-10.8793
0.869	-10.8815
0.87	-10.8837
0.871	-10.886
0.872	-10.8882
0.873	-10.8904
0.874	-10.8926
0.875	-10.8947
0.876	-10.8969
0.877	-10.899
0.878	-10.9012
0.879	-10.9033
0.88	-10.9054
0.881	-10.9075
0.882	-10.9096
0.883	-10.9117
0.884	-10.9138
0.885	-10.9159
0.886	-10.9179
0.887	-10.9199
0.888	-10.922
0.889	-10.924
0.89	-10.926
0.891	-10.928
0.892	-10.93
0.893	-10.932
0.894	-10.934
0.895	-10.9359
0.896	-10.9379
0.897	-10.9398
0.898	-10.9418
0.899	-10.9437
0.9	-10.9456
0.901	-10.9475
0.902	-10.9494
0.903	-10.9513
0.904	-10.9532
0.905	-10.9551
0.906	-10.9569
0.907	-10.9588
0.908	-10.9606
0.909	-10.9625
0.91	-10.9643
0.911	-10.9661
0.912	-10.9679
0.913	-10.9697
0.914	-10.9715
0.915	-10.9733
0.916	-10.9751
0.917	-10.9769
0.918	-10.9787
0.919	-10.9804
0.92	-10.9822
0.921	-10.9839
0.922	-10.9857
0.923	-10.9874
0.924	-10.9891
0.925	-10.9909
0.926	-10.9926
0.927	-10.9943
0.928	-10.996
0.929	-10.9977
0.93	-10.9994
0.931	-11.0011
0.932	-11.0027
0.933	-11.0044
0.934	-11.0061
0.935	-11.0077
0.936	-11.0094
0.937	-11.011
0.938	-11.0127
0.939	-11.0143
0.94	-11.016
0.941	-11.0176
0.942	-11.0192
0.943	-11.0208
0.944	-11.0224
0.945	-11.024
0.946	-11.0256
0.947	-11.0272
0.948	-11.0288
0.949	-11.0304
0.95	-11.032
0.951	-11.0336
0.952	-11.0352
0.953	-11.0367
0.954	-11.0383
0.955	-11.0399
0.956	-11.0414
0.957	-11.043
0.958	-11.0445
0.959	-11.0461
0.96	-11.0476
0.961	-11.0492
0.962	-11.0507
0.963	-11.0522
0.964	-11.0538
0.965	-11.0553
0.966	-11.0568
0.967	-11.0583
0.968	-11.0599
0.969	-11.0614
0.97	-11.0629
0.971	-11.0644
0.972	-11.0659
0.973	-11.0674
0.974	-11.0689
0.975	-11.0704
0.976	-11.0719
0.977	-11.0734
0.978	-11.0749
0.979	-11.0764
0.98	-11.0779
0.981	-11.0794
0.982	-11.0809
0.983	-11.0824
0.984	-11.0838
0.985	-11.0853
0.986	-11.0868
0.987	-11.0883
0.988	-11.0898
0.989	-11.0912
0.99	-11.0927
0.991	-11.0942
0.992	-11.0957
0.993	-11.0971
0.994	-11.0986
0.995	-11.1001
0.996	-11.1016
0.997	-11.103
0.998	-11.1045
0.999	-11.106
1	-11.1075
