0	1.23782
0.001	1.20097
0.002	1.16418
0.003	1.12745
0.004	1.09078
0.005	1.05417
0.006	1.01762
0.007	0.981132
0.008	0.944703
0.009	0.908333
0.01	0.872024
0.011	0.835774
0.012	0.799584
0.013	0.763454
0.014	0.727385
0.015	0.691375
0.016	0.655425
0.017	0.619535
0.018	0.583704
0.019	0.547934
0.02	0.512224
0.021	0.476574
0.022	0.440983
0.023	0.405453
0.024	0.369982
0.025	0.334571
0.026	0.299221
0.027	0.26393
0.028	0.228699
0.029	0.193528
0.03	0.158417
0.031	0.123366
0.032	0.088375
0.033	0.0534437
0.034	0.0185725
0.035	-0.0162389
0.036	-0.0509903
0.037	-0.0856819
0.038	-0.120313
0.039	-0.154885
0.04	-0.189397
0.041	-0.223849
0.042	-0.25824
0.043	-0.292572
0.044	-0.326844
0.045	-0.361057
0.046	-0.395209
0.047	-0.429301
0.048	-0.463333
0.049	-0.497306
0.05	-0.531218
0.051	-0.565071
0.052	-0.598863
0.053	-0.632596
0.054	-0.666269
0.055	-0.699881
0.056	-0.733434
0.057	-0.766927
0.058	-0.80036
0.059	-0.833733
0.06	-0.867047
0.061	-0.9003
0.062	-0.933493
0.063	-0.966627
0.064	-0.9997
0.065	-1.03271
0.066	-1.06567
0.067	-1.09856
0.068	-1.13139
0.069	-1.16417
0.07	-1.19688
0.071	-1.22954
0.072	-1.26213
0.073	-1.29466
0.074	-1.32714
0.075	-1.35955
0.076	-1.39191
0.077	-1.4242
0.078	-1.45644
0.079	-1.48861
0.08	-1.52073
0.081	-1.55278
0.082	-1.58478
0.083	-1.61671
0.084	-1.64859
0.085	-1.6804
0.086	-1.71216
0.087	-1.74385
0.088	-1.77549
0.089	-1.80706
0.09	-1.83858
0.091	-1.87003
0.092	-1.90143
0.093	-1.93276
0.094	-1.96404
0.095	-1.99526
0.096	-2.02641
0.097	-2.05751
0.098	-2.08854
0.099	-2.11952
0.1	-2.15044
0.101	-2.18129
0.102	-2.21209
0.103	-2.24283
0.104	-2.2735
0.105	-2.30412
0.106	-2.33468
0.107	-2.36517
0.108	-2.39561
0.109	-2.42599
0.11	-2.4563
0.111	-2.48656
0.112	-2.51676
0.113	-2.5469
0.114	-2.57697
0.115	-2.60699
0.116	-2.63695
0.117	-2.66685
0.118	-2.69668
0.119	-2.72646
0.12	-2.75618
0.121	-2.78584
0.122	-2.81543
0.123	-2.84497
0.124	-2.87445
0.125	-2.90387
0.126	-2.93323
0.127	-2.96253
0.128	-2.99177
0.129	-3.02094
0.13	-3.05006
0.131	-3.07912
0.132	-3.10812
0.133	-3.13706
0.134	-3.16594
0.135	-3.19476
0.136	-3.22352
0.137	-3.25222
0.138	-3.28086
0.139	-3.30944
0.14	-3.33796
0.141	-3.36642
0.142	-3.39482
0.143	-3.42316
0.144	-3.45144
0.145	-3.47966
0.146	-3.50782
0.147	-3.53592
0.148	-3.56396
0.149	-3.59194
0.15	-3.61986
0.151	-3.64772
0.152	-3.67552
0.153	-3.70326
0.154	-3.73094
0.155	-3.75856
0.156	-3.78613
0.157	-3.81363
0.158	-3.84107
0.159	-3.86845
0.16	-3.89577
0.161	-3.92303
0.162	-3.95024
0.163	-3.97738
0.164	-4.00446
0.165	-4.03148
0.166	-4.05845
0.167	-4.08535
0.168	-4.11219
0.169	-4.13897
0.17	-4.1657
0.171	-4.19236
0.172	-4.21896
0.173	-4.24551
0.174	-4.27199
0.175	-4.29841
0.176	-4.32478
0.177	-4.35108
0.178	-4.37733
0.179	-4.40351
0.18	-4.42964
0.181	-4.4557
0.182	-4.48171
0.183	-4.50765
0.184	-4.53354
0.185	-4.55936
0.186	-4.58513
0.187	-4.61083
0.188	-4.63648
0.189	-4.66206
0.19	-4.68759
0.191	-4.71306
0.192	-4.73846
0.193	-4.76381
0.194	-4.78909
0.195	-4.81432
0.196	-4.83949
0.197	-4.8646
0.198	-4.88964
0.199	-4.91463
0.2	-4.93956
0.201	-4.96443
0.202	-4.98924
0.203	-5.01398
0.204	-5.03867
0.205	-5.0633
0.206	-5.08787
0.207	-5.11238
0.208	-5.13683
0.209	-5.16122
0.21	-5.18555
0.211	-5.20982
0.212	-5.23403
0.213	-5.25818
0.214	-5.28227
0.215	-5.3063
0.216	-5.33027
0.217	-5.35419
0.218	-5.37804
0.219	-5.40183
0.22	-5.42556
0.221	-5.44924
0.222	-5.47285
0.223	-5.4964
0.224	-5.5199
0.225	-5.54333
0.226	-5.5667
0.227	-5.59002
0.228	-5.61327
0.229	-5.63647
0.23	-5.6596
0.231	-5.68268
0.232	-5.7057
0.233	-5.72865
0.234	-5.75155
0.235	-5.77439
0.236	-5.79716
0.237	-5.81988
0.238	-5.84254
0.239	-5.86514
0.24	-5.88768
0.241	-5.91016
0.242	-5.93258
0.243	-5.95494
0.244	-5.97724
0.245	-5.99948
0.246	-6.02166
0.247	-6.04378
0.248	-6.06585
0.249	-6.08785
0.25	-6.10979
0.251	-6.13168
0.252	-6.1535
0.253	-6.17527
0.254	-6.19697
0.255	-6.21862
0.256	-6.2402
0.257	-6.26173
0.258	-6.2832
0.259	-6.30461
0.26	-6.32596
0.261	-6.34724
0.262	-6.36847
0.263	-6.38964
0.264	-6.41076
0.265	-6.43181
0.266	-6.4528
0.267	-6.47373
0.268	-6.49461
0.269	-6.51542
0.27	-6.53617
0.271	-6.55687
0.272	-6.57751
0.273	-6.59808
0.274	-6.6186
0.275	-6.63906
0.276	-6.65946
0.277	-6.6798
0.278	-6.70008
0.279	-6.7203
0.28	-6.74046
0.281	-6.76057
0.282	-6.78061
0.283	-6.8006
0.284	-6.82052
0.285	-6.84039
0.286	-6.8602
0.287	-6.87995
0.288	-6.89963
0.289	-6.91927
0.29	-6.93884
0.291	-6.95835
0.292	-6.9778
0.293	-6.9972
0.294	-7.01653
0.295	-7.03581
0.296	-7.05503
0.297	-7.07419
0.298	-7.09329
0.299	-7.11233
0.3	-7.13131
0.301	-7.15023
0.302	-7.1691
0.303	-7.1879
0.304	-7.20665
0.305	-7.22534
0.306	-7.24397
0.307	-7.26254
0.308	-7.28105
0.309	-7.29951
0.31	-7.3179
0.311	-7.33624
0.312	-7.35452
0.313	-7.37274
0.314	-7.3909
0.315	-7.409
0.316	-7.42705
0.317	-7.44503
0.318	-7.46296
0.319	-7.48083
0.32	-7.49864
0.321	-7.51639
0.322	-7.53409
0.323	-7.55172
0.324	-7.5693
0.325	-7.58682
0.326	-7.60428
0.327	-7.62168
0.328	-7.63903
0.329	-7.65632
0.33	-7.67355
0.331	-7.69072
0.332	-7.70783
0.333	-7.72488
0.334	-7.74188
0.335	-7.75882
0.336	-7.7757
0.337	-7.79253
0.338	-7.80929
0.339	-7.826
0.34	-7.84265
0.341	-7.85925
0.342	-7.87578
0.343	-7.89226
0.344	-7.90868
0.345	-7.92504
0.346	-7.94135
0.347	-7.9576
0.348	-7.97379
0.349	-7.98992
0.35	-8.006
0.351	-8.02201
0.352	-8.03798
0.353	-8.05388
0.354	-8.06973
0.355	-8.08552
0.356	-8.10125
0.357	-8.11693
0.358	-8.13255
0.359	-8.14811
0.36	-8.16362
0.361	-8.17907
0.362	-8.19446
0.363	-8.20979
0.364	-8.22507
0.365	-8.2403
0.366	-8.25546
0.367	-8.27057
0.368	-8.28562
0.369	-8.30062
0.37	-8.31556
0.371	-8.33044
0.372	-8.34527
0.373	-8.36004
0.374	-8.37476
0.375	-8.38942
0.376	-8.40402
0.377	-8.41857
0.378	-8.43306
0.379	-8.4475
0.38	-8.46188
0.381	-8.4762
0.382	-8.49047
0.383	-8.50469
0.384	-8.51885
0.385	-8.53295
0.386	-8.547
0.387	-8.56099
0.388	-8.57492
0.389	-8.58881
0.39	-8.60263
0.391	-8.6164
0.392	-8.63012
0.393	-8.64378
0.394	-8.65739
0.395	-8.67094
0.396	-8.68444
0.397	-8.69788
0.398	-8.71127
0.399	-8.7246
0.4	-8.73788
0.401	-8.75111
0.402	-8.76428
0.403	-8.77739
0.404	-8.79046
0.405	-8.80347
0.406	-8.81642
0.407	-8.82932
0.408	-8.84217
0.409	-8.85496
0.41	-8.8677
0.411	-8.88039
0.412	-8.89302
0.413	-8.9056
0.414	-8.91812
0.415	-8.9306
0.416	-8.94302
0.417	-8.95538
0.418	-8.9677
0.419	-8.97996
0.42	-8.99216
0.421	-9.00432
0.422	-9.01642
0.423	-9.02847
0.424	-9.04047
0.425	-9.05241
0.426	-9.06431
0.427	-9.07615
0.428	-9.08794
0.429	-9.09967
0.43	-9.11136
0.431	-9.12299
0.432	-9.13457
0.433	-9.1461
0.434	-9.15758
0.435	-9.16901
0.436	-9.18038
0.437	-9.19171
0.438	-9.20298
0.439	-9.2142
0.44	-9.22538
0.441	-9.2365
0.442	-9.24757
0.443	-9.25859
0.444	-9.26955
0.445	-9.28047
0.446	-9.29134
0.447	-9.30216
0.448	-9.31293
0.449	-9.32364
0.45	-9.33431
0.451	-9.34493
0.452	-9.3555
0.453	-9.36602
0.454	-9.37649
0.455	-9.38691
0.456	-9.39728
0.457	-9.4076
0.458	-9.41787
0.459	-9.4281
0.46	-9.43827
0.461	-9.4484
0.462	-9.45848
0.463	-9.46851
0.464	-9.47849
0.465	-9.48842
0.466	-9.49831
0.467	-9.50815
0.468	-9.51794
0.469	-9.52768
0.47	-9.53737
0.471	-9.54702
0.472	-9.55662
0.473	-9.56617
0.474	-9.57568
0.475	-9.58514
0.476	-9.59455
0.477	-9.60391
0.478	-9.61323
0.479	-9.6225
0.48	-9.63173
0.481	-9.64091
0.482	-9.65004
0.483	-9.65913
0.484	-9.66817
0.485	-9.67716
0.486	-9.68611
0.487	-9.69502
0.488	-9.70388
0.489	-9.71269
0.49	-9.72146
0.491	-9.73018
0.492	-9.73886
0.493	-9.7475
0.494	-9.75609
0.495	-9.76463
0.496	-9.77313
0.497	-9.78159
0.498	-9.79
0.499	-9.79837
0.5	-9.8067
0.501	-9.81498
0.502	-9.82322
0.503	-9.83141
0.504	-9.83956
0.505	-9.84767
0.506	-9.85574
0.507	-9.86376
0.508	-9.87174
0.509	-9.87968
0.51	-9.88757
0.511	-9.89543
0.512	-9.90324
0.513	-9.91101
0.514	-9.91873
0.515	-9.92642
0.516	-9.93406
0.517	-9.94167
0.518	-9.94923
0.519	-9.95675
0.52	-9.96423
0.521	-9.97167
0.522	-9.97906
0.523	-9.98642
0.524	-9.99374
0.525	-10.001
0.526	-10.0083
0.527	-10.0154
0.528	-10.0226
0.529	-10.0297
0.53	-10.0368
0.531	-10.0438
0.532	-10.0508
0.533	-10.0578
0.534	-10.0647
0.535	-10.0716
0.536	-10.0784
0.537	-10.0852
0.538	-10.092
0.539	-10.0987
0.54	-10.1054
0.541	-10.1121
0.542	-10.1187
0.543	-10.1253
0.544	-10.1318
0.545	-10.1383
0.546	-10.1448
0.547	-10.1512
0.548	-10.1576
0.549	-10.164
0.55	-10.1703
0.551	-10.1766
0.552	-10.1828
0.553	-10.189
0.554	-10.1952
0.555	-10.2013
0.556	-10.2074
0.557	-10.2135
0.558	-10.2195
0.559	-10.2255
0.56	-10.2315
0.561	-10.2374
0.562	-10.2433
0.563	-10.2491
0.564	-10.255
0.565	-10.2607
0.566	-10.2665
0.567	-10.2722
0.568	-10.2779
0.569	-10.2836
0.57	-10.2892
0.571	-10.2948
0.572	-10.3003
0.573	-10.3058
0.574	-10.3113
0.575	-10.3168
0.576	-10.3222
0.577	-10.3276
0.578	-10.3329
0.579	-10.3382
0.58	-10.3435
0.581	-10.3488
0.582	-10.354
0.583	-10.3592
0.584	-10.3644
0.585	-10.3695
0.586	-10.3746
0.587	-10.3797
0.588	-10.3847
0.589	-10.3897
0.59	-10.3947
0.591	-10.3996
0.592	-10.4045
0.593	-10.4094
0.594	-10.4143
0.595	-10.4191
0.596	-10.4239
0.597	-10.4286
0.598	-10.4334
0.599	-10.4381
0.6	-10.4428
0.601	-10.4474
0.602	-10.452
0.603	-10.4566
0.604	-10.4612
0.605	-10.4657
0.606	-10.4702
0.607	-10.4747
0.608	-10.4791
0.609	-10.4836
0.61	-10.4879
0.611	-10.4923
0.612	-10.4966
0.613	-10.501
0.614	-10.5052
0.615	-10.5095
0.616	-10.5137
0.617	-10.5179
0.618	-10.5221
0.619	-10.5262
0.62	-10.5304
0.621	-10.5345
0.622	-10.5385
0.623	-10.5426
0.624	-10.5466
0.625	-10.5506
0.626	-10.5545
0.627	-10.5585
0.628	-10.5624
0.629	-10.5663
0.63	-10.5702
0.631	-10.574
0.632	-10.5778
0.633	-10.5816
0.634	-10.5854
0.635	-10.5891
0.636	-10.5928
0.637	-10.5965
0.638	-10.6002
0.639	-10.6038
0.64	-10.6074
0.641	-10.611
0.642	-10.6146
0.643	-10.6182
0.644	-10.6217
0.645	-10.6252
0.646	-10.6287
0.647	-10.6321
0.648	-10.6356
0.649	-10.639
0.65	-10.6424
0.651	-10.6458
0.652	-10.6491
0.653	-10.6524
0.654	-10.6557
0.655	-10.659
0.656	-10.6623
0.657	-10.6655
0.658	-10.6687
0.659	-10.6719
0.66	-10.6751
0.661	-10.6782
0.662	-10.6814
0.663	-10.6845
0.664	-10.6876
0.665	-10.6907
0.666	-10.6937
0.667	-10.6967
0.668	-10.6997
0.669	-10.7027
0.67	-10.7057
0.671	-10.7087
0.672	-10.7116
0.673	-10.7145
0.674	-10.7174
0.675	-10.7203
0.676	-10.7231
0.677	-10.7259
0.678	-10.7288
0.679	-10.7315
0.68	-10.7343
0.681	-10.7371
0.682	-10.7398
0.683	-10.7425
0.684	-10.7452
0.685	-10.7479
0.686	-10.7506
0.687	-10.7532
0.688	-10.7559
0.689	-10.7585
0.69	-10.7611
0.691	-10.7637
0.692	-10.7662
0.693	-10.7688
0.694	-10.7713
0.695	-10.7738
0.696	-10.7763
0.697	-10.7788
0.698	-10.7812
0.699	-10.7837
0.7	-10.7861
0.701	-10.7885
0.702	-10.7909
0.703	-10.7933
0.704	-10.7956
0.705	-10.798
0.706	-10.8003
0.707	-10.8026
0.708	-10.8049
0.709	-10.8072
0.71	-10.8094
0.711	-10.8117
0.712	-10.8139
0.713	-10.8161
0.714	-10.8183
0.715	-10.8205
0.716	-10.8227
0.717	-10.8249
0.718	-10.827
0.719	-10.8291
0.72	-10.8312
0.721	-10.8333
0.722	-10.8354
0.723	-10.8375
0.724	-10.8396
0.725	-10.8416
0.726	-10.8436
0.727	-10.8456
0.728	-10.8476
0.729	-10.8496
0.73	-10.8516
0.731	-10.8536
0.732	-10.8555
0.733	-10.8574
0.734	-10.8594
0.735	-10.8613
0.736	-10.8632
0.737	-10.865
0.738	-10.8669
0.739	-10.8688
0.74	-10.8706
0.741	-10.8724
0.742	-10.8743
0.743	-10.8761
0.744	-10.8779
0.745	-10.8796
0.746	-10.8814
0.747	-10.8832
0.748	-10.8849
0.749	-10.8866
0.75	-10.8884
0.751	-10.8901
0.752	-10.8918
0.753	-10.8934
0.754	-10.8951
0.755	-10.8968
0.756	-10.8984
0.757	-10.9001
0.758	-10.9017
0.759	-10.9033
0.76	-10.9049
0.761	-10.9065
0.762	-10.9081
0.763	-10.9097
0.764	-10.9112
0.765	-10.9128
0.766	-10.9143
0.767	-10.9159
0.768	-10.9174
0.769	-10.9189
0.77	-10.9204
0.771	-10.9219
0.772	-10.9234
0.773	-10.9248
0.774	-10.9263
0.775	-10.9277
0.776	-10.9292
0.777	-10.9306
0.778	-10.932
0.779	-10.9334
0.78	-10.9348
0.781	-10.9362
0.782	-10.9376
0.783	-10.939
0.784	-10.9403
0.785	-10.9417
0.786	-10.943
0.787	-10.9444
0.788	-10.9457
0.789	-10.947
0.79	-10.9483
0.791	-10.9496
0.792	-10.9509
0.793	-10.9522
0.794	-10.9535
0.795	-10.9547
0.796	-10.956
0.797	-10.9572
0.798	-10.9585
0.799	-10.9597
0.8	-10.9609
0.801	-10.9622
0.802	-10.9634
0.803	-10.9646
0.804	-10.9657
0.805	-10.9669
0.806	-10.9681
0.807	-10.9693
0.808	-10.9704
0.809	-10.9716
0.81	-10.9727
0.811	-10.9739
0.812	-10.975
0.813	-10.9761
0.814	-10.9772
0.815	-10.9783
0.816	-10.9794
0.817	-10.9805
0.818	-10.9816
0.819	-10.9827
0.82	-10.9838
0.821	-10.9848
0.822	-10.9859
0.823	-10.9869
0.824	-10.988
0.825	-10.989
0.826	-10.9901
0.827	-10.9911
0.828	-10.9921
0.829	-10.9931
0.83	-10.9941
0.831	-10.9951
0.832	-10.9961
0.833	-10.9971
0.834	-10.9981
0.835	-10.999
0.836	-11
0.837	-11.001
0.838	-11.0019
0.839	-11.0029
0.84	-11.0038
0.841	-11.0047
0.842	-11.0057
0.843	-11.0066
0.844	-11.0075
0.845	-11.0084
0.846	-11.0093
0.847	-11.0102
0.848	-11.0111
0.849	-11.012
0.85	-11.0129
0.851	-11.0138
0.852	-11.0147
0.853	-11.0155
0.854	-11.0164
0.855	-11.0173
0.856	-11.0181
0.857	-11.019
0.858	-11.0198
0.859	-11.0206
0.86	-11.0215
0.861	-11.0223
0.862	-11.0231
0.863	-11.024
0.864	-11.0248
0.865	-11.0256
0.866	-11.0264
0.867	-11.0272
0.868	-11.028
0.869	-11.0288
0.87	-11.0296
0.871	-11.0303
0.872	-11.0311
0.873	-11.0319
0.874	-11.0327
0.875	-11.0334
0.876	-11.0342
0.877	-11.0349
0.878	-11.0357
0.879	-11.0364
0.88	-11.0372
0.881	-11.0379
0.882	-11.0387
0.883	-11.0394
0.884	-11.0401
0.885	-11.0408
0.886	-11.0416
0.887	-11.0423
0.888	-11.043
0.889	-11.0437
0.89	-11.0444
0.891	-11.0451
0.892	-11.0458
0.893	-11.0465
0.894	-11.0472
0.895	-11.0479
0.896	-11.0485
0.897	-11.0492
0.898	-11.0499
0.899	-11.0506
0.9	-11.0512
0.901	-11.0519
0.902	-11.0526
0.903	-11.0532
0.904	-11.0539
0.905	-11.0545
0.906	-11.0552
0.907	-11.0558
0.908	-11.0565
0.909	-11.0571
0.91	-11.0578
0.911	-11.0584
0.912	-11.059
0.913	-11.0597
0.914	-11.0603
0.915	-11.0609
0.916	-11.0615
0.917	-11.0622
0.918	-11.0628
0.919	-11.0634
0.92	-11.064
0.921	-11.0646
0.922	-11.0652
0.923	-11.0658
0.924	-11.0664
0.925	-11.067
0.926	-11.0676
0.927	-11.0682
0.928	-11.0688
0.929	-11.0694
0.93	-11.07
0.931	-11.0706
0.932	-11.0711
0.933	-11.0717
0.934	-11.0723
0.935	-11.0729
0.936	-11.0735
0.937	-11.074
0.938	-11.0746
0.939	-11.0752
0.94	-11.0757
0.941	-11.0763
0.942	-11.0769
0.943	-11.0774
0.944	-11.078
0.945	-11.0785
0.946	-11.0791
0.947	-11.0797
0.948	-11.0802
0.949	-11.0808
0.95	-11.0813
0.951	-11.0819
0.952	-11.0824
0.953	-11.0829
0.954	-11.0835
0.955	-11.084
0.956	-11.0846
0.957	-11.0851
0.958	-11.0856
0.959	-11.0862
0.96	-11.0867
0.961	-11.0873
0.962	-11.0878
0.963	-11.0883
0.964	-11.0889
0.965	-11.0894
0.966	-11.0899
0.967	-11.0904
0.968	-11.091
0.969	-11.0915
0.97	-11.092
0.971	-11.0925
0.972	-11.0931
0.973	-11.0936
0.974	-11.0941
0.975	-11.0946
0.976	-11.0951
0.977	-11.0957
0.978	-11.0962
0.979	-11.0967
0.98	-11.0972
0.981	-11.0977
0.982	-11.0982
0.983	-11.0988
0.984	-11.0993
0.985	-11.0998
0.986	-11.1003
0.987	-11.1008
0.988	-11.1013
0.989	-11.1018
0.99	-11.1024
0.991	-11.1029
0.992	-11.1034
0.993	-11.1039
0.994	-11.1044
0.995	-11.1049
0.996	-11.1054
0.997	-11.1059
0.998	-11.1064
0.999	-11.107
1	-11.1075
