0	5.41544
0.001	5.37232
0.002	5.32926
0.003	5.28625
0.004	5.24331
0.005	5.20043
0.006	5.1576
0.007	5.11484
0.008	5.07214
0.009	5.02949
0.01	4.98691
0.011	4.94439
0.012	4.90192
0.013	4.85952
0.014	4.81718
0.015	4.77489
0.016	4.73267
0.017	4.69051
0.018	4.64841
0.019	4.60636
0.02	4.56438
0.021	4.52246
0.022	4.48059
0.023	4.43879
0.024	4.39705
0.025	4.35537
0.026	4.31374
0.027	4.27218
0.028	4.23068
0.029	4.18923
0.03	4.14785
0.031	4.10653
0.032	4.06527
0.033	4.02406
0.034	3.98292
0.035	3.94184
0.036	3.90082
0.037	3.85985
0.038	3.81895
0.039	3.77811
0.04	3.73732
0.041	3.6966
0.042	3.65594
0.043	3.61534
0.044	3.57479
0.045	3.53431
0.046	3.49389
0.047	3.45352
0.048	3.41322
0.049	3.37298
0.05	3.33279
0.051	3.29267
0.052	3.25261
0.053	3.21261
0.054	3.17266
0.055	3.13278
0.056	3.09296
0.057	3.05319
0.058	3.01349
0.059	2.97385
0.06	2.93426
0.061	2.89474
0.062	2.85528
0.063	2.81587
0.064	2.77653
0.065	2.73724
0.066	2.69802
0.067	2.65886
0.068	2.61975
0.069	2.58071
0.07	2.54173
0.071	2.5028
0.072	2.46394
0.073	2.42513
0.074	2.38639
0.075	2.34771
0.076	2.30908
0.077	2.27052
0.078	2.23201
0.079	2.19357
0.08	2.15519
0.081	2.11686
0.082	2.0786
0.083	2.04039
0.084	2.00225
0.085	1.96416
0.086	1.92614
0.087	1.88817
0.088	1.85027
0.089	1.81243
0.09	1.77464
0.091	1.73692
0.092	1.69925
0.093	1.66165
0.094	1.6241
0.095	1.58662
0.096	1.54919
0.097	1.51183
0.098	1.47452
0.099	1.43728
0.1	1.40009
0.101	1.36296
0.102	1.3259
0.103	1.28889
0.104	1.25195
0.105	1.21506
0.106	1.17824
0.107	1.14147
0.108	1.10477
0.109	1.06812
0.11	1.03153
0.111	0.995007
0.112	0.958541
0.113	0.922135
0.114	0.885789
0.115	0.849503
0.116	0.813276
0.117	0.77711
0.118	0.741004
0.119	0.704957
0.12	0.668971
0.121	0.633044
0.122	0.597177
0.123	0.56137
0.124	0.525624
0.125	0.489937
0.126	0.45431
0.127	0.418743
0.128	0.383236
0.129	0.347789
0.13	0.312401
0.131	0.277074
0.132	0.241807
0.133	0.206599
0.134	0.171452
0.135	0.136364
0.136	0.101337
0.137	0.0663691
0.138	0.0314613
0.139	-0.00338646
0.14	-0.0381743
0.141	-0.0729023
0.142	-0.10757
0.143	-0.142178
0.144	-0.176727
0.145	-0.211215
0.146	-0.245643
0.147	-0.280011
0.148	-0.31432
0.149	-0.348568
0.15	-0.382757
0.151	-0.416885
0.152	-0.450954
0.153	-0.484963
0.154	-0.518912
0.155	-0.552801
0.156	-0.58663
0.157	-0.620399
0.158	-0.654108
0.159	-0.687757
0.16	-0.721346
0.161	-0.754876
0.162	-0.788345
0.163	-0.821754
0.164	-0.855104
0.165	-0.888394
0.166	-0.921623
0.167	-0.954793
0.168	-0.987903
0.169	-1.02095
0.17	-1.05394
0.171	-1.08687
0.172	-1.11974
0.173	-1.15255
0.174	-1.1853
0.175	-1.21799
0.176	-1.25062
0.177	-1.28319
0.178	-1.3157
0.179	-1.34816
0.18	-1.38055
0.181	-1.41288
0.182	-1.44515
0.183	-1.47736
0.184	-1.50951
0.185	-1.5416
0.186	-1.57363
0.187	-1.6056
0.188	-1.63751
0.189	-1.66937
0.19	-1.70116
0.191	-1.73289
0.192	-1.76456
0.193	-1.79617
0.194	-1.82772
0.195	-1.85922
0.196	-1.89065
0.197	-1.92202
0.198	-1.95333
0.199	-1.98458
0.2	-2.01578
0.201	-2.04691
0.202	-2.07798
0.203	-2.10899
0.204	-2.13995
0.205	-2.17084
0.206	-2.20167
0.207	-2.23244
0.208	-2.26316
0.209	-2.29381
0.21	-2.3244
0.211	-2.35493
0.212	-2.38541
0.213	-2.41582
0.214	-2.44617
0.215	-2.47647
0.216	-2.5067
0.217	-2.53688
0.218	-2.56699
0.219	-2.59704
0.22	-2.62704
0.221	-2.65697
0.222	-2.68684
0.223	-2.71666
0.224	-2.74641
0.225	-2.77611
0.226	-2.80574
0.227	-2.83532
0.228	-2.86483
0.229	-2.89428
0.23	-2.92368
0.231	-2.95301
0.232	-2.98229
0.233	-3.0115
0.234	-3.04066
0.235	-3.06975
0.236	-3.09879
0.237	-3.12776
0.238	-3.15668
0.239	-3.18553
0.24	-3.21433
0.241	-3.24307
0.242	-3.27174
0.243	-3.30036
0.244	-3.32891
0.245	-3.35741
0.246	-3.38585
0.247	-3.41422
0.248	-3.44254
0.249	-3.47079
0.25	-3.49899
0.251	-3.52713
0.252	-3.5552
0.253	-3.58322
0.254	-3.61118
0.255	-3.63908
0.256	-3.66691
0.257	-3.69469
0.258	-3.72241
0.259	-3.75006
0.26	-3.77766
0.261	-3.8052
0.262	-3.83268
0.263	-3.8601
0.264	-3.88745
0.265	-3.91475
0.266	-3.94199
0.267	-3.96917
0.268	-3.99629
0.269	-4.02335
0.27	-4.05034
0.271	-4.07728
0.272	-4.10416
0.273	-4.13098
0.274	-4.15774
0.275	-4.18444
0.276	-4.21108
0.277	-4.23766
0.278	-4.26418
0.279	-4.29064
0.28	-4.31704
0.281	-4.34338
0.282	-4.36966
0.283	-4.39588
0.284	-4.42204
0.285	-4.44814
0.286	-4.47418
0.287	-4.50016
0.288	-4.52609
0.289	-4.55195
0.29	-4.57775
0.291	-4.60349
0.292	-4.62917
0.293	-4.65479
0.294	-4.68036
0.295	-4.70586
0.296	-4.7313
0.297	-4.75668
0.298	-4.78201
0.299	-4.80727
0.3	-4.83247
0.301	-4.85762
0.302	-4.8827
0.303	-4.90772
0.304	-4.93269
0.305	-4.95759
0.306	-4.98244
0.307	-5.00722
0.308	-5.03195
0.309	-5.05661
0.31	-5.08122
0.311	-5.10576
0.312	-5.13025
0.313	-5.15467
0.314	-5.17904
0.315	-5.20335
0.316	-5.22759
0.317	-5.25178
0.318	-5.27591
0.319	-5.29997
0.32	-5.32398
0.321	-5.34793
0.322	-5.37182
0.323	-5.39565
0.324	-5.41941
0.325	-5.44312
0.326	-5.46677
0.327	-5.49036
0.328	-5.51389
0.329	-5.53736
0.33	-5.56077
0.331	-5.58412
0.332	-5.60741
0.333	-5.63065
0.334	-5.65382
0.335	-5.67693
0.336	-5.69998
0.337	-5.72297
0.338	-5.74591
0.339	-5.76878
0.34	-5.79159
0.341	-5.81435
0.342	-5.83704
0.343	-5.85968
0.344	-5.88225
0.345	-5.90477
0.346	-5.92722
0.347	-5.94962
0.348	-5.97196
0.349	-5.99423
0.35	-6.01645
0.351	-6.03861
0.352	-6.06071
0.353	-6.08275
0.354	-6.10473
0.355	-6.12665
0.356	-6.14851
0.357	-6.17031
0.358	-6.19205
0.359	-6.21373
0.36	-6.23535
0.361	-6.25692
0.362	-6.27842
0.363	-6.29987
0.364	-6.32125
0.365	-6.34258
0.366	-6.36384
0.367	-6.38505
0.368	-6.40619
0.369	-6.42728
0.37	-6.44831
0.371	-6.46928
0.372	-6.49019
0.373	-6.51104
0.374	-6.53183
0.375	-6.55256
0.376	-6.57323
0.377	-6.59385
0.378	-6.6144
0.379	-6.6349
0.38	-6.65533
0.381	-6.67571
0.382	-6.69602
0.383	-6.71628
0.384	-6.73648
0.385	-6.75662
0.386	-6.7767
0.387	-6.79672
0.388	-6.81668
0.389	-6.83658
0.39	-6.85643
0.391	-6.87621
0.392	-6.89594
0.393	-6.9156
0.394	-6.93521
0.395	-6.95476
0.396	-6.97425
0.397	-6.99368
0.398	-7.01305
0.399	-7.03236
0.4	-7.05162
0.401	-7.07081
0.402	-7.08995
0.403	-7.10903
0.404	-7.12804
0.405	-7.147
0.406	-7.1659
0.407	-7.18475
0.408	-7.20353
0.409	-7.22225
0.41	-7.24092
0.411	-7.25953
0.412	-7.27808
0.413	-7.29657
0.414	-7.315
0.415	-7.33337
0.416	-7.35168
0.417	-7.36994
0.418	-7.38814
0.419	-7.40627
0.42	-7.42435
0.421	-7.44238
0.422	-7.46034
0.423	-7.47824
0.424	-7.49609
0.425	-7.51388
0.426	-7.53161
0.427	-7.54928
0.428	-7.5669
0.429	-7.58445
0.43	-7.60195
0.431	-7.61939
0.432	-7.63677
0.433	-7.65409
0.434	-7.67136
0.435	-7.68856
0.436	-7.70571
0.437	-7.7228
0.438	-7.73984
0.439	-7.75681
0.44	-7.77373
0.441	-7.79059
0.442	-7.80739
0.443	-7.82413
0.444	-7.84082
0.445	-7.85745
0.446	-7.87402
0.447	-7.89053
0.448	-7.90699
0.449	-7.92339
0.45	-7.93973
0.451	-7.95601
0.452	-7.97224
0.453	-7.98841
0.454	-8.00452
0.455	-8.02058
0.456	-8.03657
0.457	-8.05251
0.458	-8.0684
0.459	-8.08422
0.46	-8.09999
0.461	-8.1157
0.462	-8.13136
0.463	-8.14696
0.464	-8.1625
0.465	-8.17798
0.466	-8.19341
0.467	-8.20878
0.468	-8.2241
0.469	-8.23936
0.47	-8.25456
0.471	-8.2697
0.472	-8.28479
0.473	-8.29982
0.474	-8.3148
0.475	-8.32972
0.476	-8.34458
0.477	-8.35939
0.478	-8.37414
0.479	-8.38884
0.48	-8.40348
0.481	-8.41806
0.482	-8.43259
0.483	-8.44706
0.484	-8.46148
0.485	-8.47584
0.486	-8.49014
0.487	-8.50439
0.488	-8.51858
0.489	-8.53272
0.49	-8.54681
0.491	-8.56083
0.492	-8.57481
0.493	-8.58872
0.494	-8.60258
0.495	-8.61639
0.496	-8.63014
0.497	-8.64384
0.498	-8.65748
0.499	-8.67107
0.5	-8.6846
0.501	-8.69808
0.502	-8.71151
0.503	-8.72488
0.504	-8.73819
0.505	-8.75145
0.506	-8.76466
0.507	-8.77781
0.508	-8.79091
0.509	-8.80395
0.51	-8.81694
0.511	-8.82988
0.512	-8.84276
0.513	-8.85559
0.514	-8.86837
0.515	-8.88109
0.516	-8.89375
0.517	-8.90637
0.518	-8.91893
0.519	-8.93144
0.52	-8.94389
0.521	-8.9563
0.522	-8.96865
0.523	-8.98094
0.524	-8.99319
0.525	-9.00538
0.526	-9.01751
0.527	-9.0296
0.528	-9.04163
0.529	-9.05361
0.53	-9.06554
0.531	-9.07742
0.532	-9.08924
0.533	-9.10102
0.534	-9.11274
0.535	-9.12441
0.536	-9.13602
0.537	-9.14759
0.538	-9.1591
0.539	-9.17057
0.54	-9.18198
0.541	-9.19334
0.542	-9.20465
0.543	-9.21591
0.544	-9.22711
0.545	-9.23827
0.546	-9.24938
0.547	-9.26043
0.548	-9.27144
0.549	-9.28239
0.55	-9.29329
0.551	-9.30415
0.552	-9.31495
0.553	-9.32571
0.554	-9.33641
0.555	-9.34707
0.556	-9.35767
0.557	-9.36823
0.558	-9.37873
0.559	-9.38919
0.56	-9.3996
0.561	-9.40995
0.562	-9.42026
0.563	-9.43052
0.564	-9.44074
0.565	-9.4509
0.566	-9.46101
0.567	-9.47108
0.568	-9.4811
0.569	-9.49107
0.57	-9.50099
0.571	-9.51086
0.572	-9.52069
0.573	-9.53047
0.574	-9.5402
0.575	-9.54988
0.576	-9.55952
0.577	-9.56911
0.578	-9.57865
0.579	-9.58815
0.58	-9.59759
0.581	-9.607
0.582	-9.61635
0.583	-9.62566
0.584	-9.63492
0.585	-9.64414
0.586	-9.65331
0.587	-9.66243
0.588	-9.67151
0.589	-9.68054
0.59	-9.68953
0.591	-9.69847
0.592	-9.70737
0.593	-9.71622
0.594	-9.72503
0.595	-9.73379
0.596	-9.7425
0.597	-9.75118
0.598	-9.7598
0.599	-9.76839
0.6	-9.77693
0.601	-9.78542
0.602	-9.79387
0.603	-9.80228
0.604	-9.81064
0.605	-9.81896
0.606	-9.82724
0.607	-9.83547
0.608	-9.84366
0.609	-9.85181
0.61	-9.85991
0.611	-9.86797
0.612	-9.87599
0.613	-9.88397
0.614	-9.8919
0.615	-9.8998
0.616	-9.90765
0.617	-9.91545
0.618	-9.92322
0.619	-9.93095
0.62	-9.93863
0.621	-9.94627
0.622	-9.95387
0.623	-9.96143
0.624	-9.96895
0.625	-9.97643
0.626	-9.98387
0.627	-9.99126
0.628	-9.99862
0.629	-10.0059
0.63	-10.0132
0.631	-10.0205
0.632	-10.0276
0.633	-10.0348
0.634	-10.0419
0.635	-10.049
0.636	-10.056
0.637	-10.063
0.638	-10.07
0.639	-10.0769
0.64	-10.0838
0.641	-10.0907
0.642	-10.0975
0.643	-10.1042
0.644	-10.111
0.645	-10.1177
0.646	-10.1243
0.647	-10.1309
0.648	-10.1375
0.649	-10.1441
0.65	-10.1506
0.651	-10.157
0.652	-10.1635
0.653	-10.1699
0.654	-10.1762
0.655	-10.1826
0.656	-10.1888
0.657	-10.1951
0.658	-10.2013
0.659	-10.2075
0.66	-10.2136
0.661	-10.2198
0.662	-10.2258
0.663	-10.2319
0.664	-10.2379
0.665	-10.2438
0.666	-10.2498
0.667	-10.2557
0.668	-10.2615
0.669	-10.2674
0.67	-10.2732
0.671	-10.2789
0.672	-10.2847
0.673	-10.2904
0.674	-10.296
0.675	-10.3017
0.676	-10.3073
0.677	-10.3128
0.678	-10.3183
0.679	-10.3238
0.68	-10.3293
0.681	-10.3347
0.682	-10.3401
0.683	-10.3455
0.684	-10.3508
0.685	-10.3562
0.686	-10.3614
0.687	-10.3667
0.688	-10.3719
0.689	-10.3771
0.69	-10.3822
0.691	-10.3873
0.692	-10.3924
0.693	-10.3975
0.694	-10.4025
0.695	-10.4075
0.696	-10.4124
0.697	-10.4174
0.698	-10.4223
0.699	-10.4272
0.7	-10.432
0.701	-10.4368
0.702	-10.4416
0.703	-10.4464
0.704	-10.4511
0.705	-10.4558
0.706	-10.4605
0.707	-10.4651
0.708	-10.4697
0.709	-10.4743
0.71	-10.4789
0.711	-10.4834
0.712	-10.4879
0.713	-10.4924
0.714	-10.4968
0.715	-10.5012
0.716	-10.5056
0.717	-10.51
0.718	-10.5143
0.719	-10.5187
0.72	-10.5229
0.721	-10.5272
0.722	-10.5314
0.723	-10.5356
0.724	-10.5398
0.725	-10.544
0.726	-10.5481
0.727	-10.5522
0.728	-10.5563
0.729	-10.5603
0.73	-10.5644
0.731	-10.5684
0.732	-10.5723
0.733	-10.5763
0.734	-10.5802
0.735	-10.5841
0.736	-10.588
0.737	-10.5918
0.738	-10.5957
0.739	-10.5995
0.74	-10.6033
0.741	-10.607
0.742	-10.6107
0.743	-10.6145
0.744	-10.6181
0.745	-10.6218
0.746	-10.6254
0.747	-10.6291
0.748	-10.6327
0.749	-10.6362
0.75	-10.6398
0.751	-10.6433
0.752	-10.6468
0.753	-10.6503
0.754	-10.6538
0.755	-10.6572
0.756	-10.6606
0.757	-10.664
0.758	-10.6674
0.759	-10.6707
0.76	-10.6741
0.761	-10.6774
0.762	-10.6807
0.763	-10.6839
0.764	-10.6872
0.765	-10.6904
0.766	-10.6936
0.767	-10.6968
0.768	-10.7
0.769	-10.7031
0.77	-10.7063
0.771	-10.7094
0.772	-10.7124
0.773	-10.7155
0.774	-10.7186
0.775	-10.7216
0.776	-10.7246
0.777	-10.7276
0.778	-10.7306
0.779	-10.7335
0.78	-10.7365
0.781	-10.7394
0.782	-10.7423
0.783	-10.7451
0.784	-10.748
0.785	-10.7508
0.786	-10.7537
0.787	-10.7565
0.788	-10.7593
0.789	-10.762
0.79	-10.7648
0.791	-10.7675
0.792	-10.7702
0.793	-10.773
0.794	-10.7756
0.795	-10.7783
0.796	-10.781
0.797	-10.7836
0.798	-10.7862
0.799	-10.7888
0.8	-10.7914
0.801	-10.794
0.802	-10.7965
0.803	-10.7991
0.804	-10.8016
0.805	-10.8041
0.806	-10.8066
0.807	-10.809
0.808	-10.8115
0.809	-10.8139
0.81	-10.8164
0.811	-10.8188
0.812	-10.8212
0.813	-10.8236
0.814	-10.8259
0.815	-10.8283
0.816	-10.8306
0.817	-10.833
0.818	-10.8353
0.819	-10.8376
0.82	-10.8398
0.821	-10.8421
0.822	-10.8444
0.823	-10.8466
0.824	-10.8488
0.825	-10.851
0.826	-10.8532
0.827	-10.8554
0.828	-10.8576
0.829	-10.8598
0.83	-10.8619
0.831	-10.864
0.832	-10.8661
0.833	-10.8683
0.834	-10.8703
0.835	-10.8724
0.836	-10.8745
0.837	-10.8766
0.838	-10.8786
0.839	-10.8806
0.84	-10.8827
0.841	-10.8847
0.842	-10.8867
0.843	-10.8886
0.844	-10.8906
0.845	-10.8926
0.846	-10.8945
0.847	-10.8965
0.848	-10.8984
0.849	-10.9003
0.85	-10.9022
0.851	-10.9041
0.852	-10.906
0.853	-10.9078
0.854	-10.9097
0.855	-10.9115
0.856	-10.9134
0.857	-10.9152
0.858	-10.917
0.859	-10.9188
0.86	-10.9206
0.861	-10.9224
0.862	-10.9242
0.863	-10.926
0.864	-10.9277
0.865	-10.9295
0.866	-10.9312
0.867	-10.9329
0.868	-10.9346
0.869	-10.9363
0.87	-10.938
0.871	-10.9397
0.872	-10.9414
0.873	-10.9431
0.874	-10.9447
0.875	-10.9464
0.876	-10.948
0.877	-10.9497
0.878	-10.9513
0.879	-10.9529
0.88	-10.9545
0.881	-10.9561
0.882	-10.9577
0.883	-10.9593
0.884	-10.9609
0.885	-10.9624
0.886	-10.964
0.887	-10.9655
0.888	-10.9671
0.889	-10.9686
0.89	-10.9701
0.891	-10.9717
0.892	-10.9732
0.893	-10.9747
0.894	-10.9762
0.895	-10.9777
0.896	-10.9791
0.897	-10.9806
0.898	-10.9821
0.899	-10.9836
0.9	-10.985
0.901	-10.9865
0.902	-10.9879
0.903	-10.9893
0.904	-10.9908
0.905	-10.9922
0.906	-10.9936
0.907	-10.995
0.908	-10.9964
0.909	-10.9978
0.91	-10.9992
0.911	-11.0006
0.912	-11.0019
0.913	-11.0033
0.914	-11.0047
0.915	-11.006
0.916	-11.0074
0.917	-11.0087
0.918	-11.0101
0.919	-11.0114
0.92	-11.0127
0.921	-11.014
0.922	-11.0154
0.923	-11.0167
0.924	-11.018
0.925	-11.0193
0.926	-11.0206
0.927	-11.0219
0.928	-11.0232
0.929	-11.0245
0.93	-11.0257
0.931	-11.027
0.932	-11.0283
0.933	-11.0295
0.934	-11.0308
0.935	-11.0321
0.936	-11.0333
0.937	-11.0346
0.938	-11.0358
0.939	-11.037
0.94	-11.0383
0.941	-11.0395
0.942	-11.0407
0.943	-11.042
0.944	-11.0432
0.945	-11.0444
0.946	-11.0456
0.947	-11.0468
0.948	-11.048
0.949	-11.0492
0.95	-11.0504
0.951	-11.0516
0.952	-11.0528
0.953	-11.054
0.954	-11.0552
0.955	-11.0564
0.956	-11.0575
0.957	-11.0587
0.958	-11.0599
0.959	-11.0611
0.96	-11.0622
0.961	-11.0634
0.962	-11.0645
0.963	-11.0657
0.964	-11.0669
0.965	-11.068
0.966	-11.0692
0.967	-11.0703
0.968	-11.0715
0.969	-11.0726
0.97	-11.0738
0.971	-11.0749
0.972	-11.076
0.973	-11.0772
0.974	-11.0783
0.975	-11.0795
0.976	-11.0806
0.977	-11.0817
0.978	-11.0828
0.979	-11.084
0.98	-11.0851
0.981	-11.0862
0.982	-11.0874
0.983	-11.0885
0.984	-11.0896
0.985	-11.0907
0.986	-11.0918
0.987	-11.093
0.988	-11.0941
0.989	-11.0952
0.99	-11.0963
0.991	-11.0974
0.992	-11.0985
0.993	-11.0997
0.994	-11.1008
0.995	-11.1019
0.996	-11.103
0.997	-11.1041
0.998	-11.1052
0.999	-11.1063
1	-11.1075
