0	-5.10599
0.001	-5.13045
0.002	-5.15485
0.003	-5.17919
0.004	-5.20347
0.005	-5.22769
0.006	-5.25185
0.007	-5.27596
0.008	-5.3
0.009	-5.32398
0.01	-5.3479
0.011	-5.37176
0.012	-5.39557
0.013	-5.41931
0.014	-5.44299
0.015	-5.46662
0.016	-5.49018
0.017	-5.51369
0.018	-5.53713
0.019	-5.56051
0.02	-5.58384
0.021	-5.6071
0.022	-5.63031
0.023	-5.65346
0.024	-5.67654
0.025	-5.69957
0.026	-5.72254
0.027	-5.74544
0.028	-5.76829
0.029	-5.79108
0.03	-5.81381
0.031	-5.83648
0.032	-5.85909
0.033	-5.88164
0.034	-5.90413
0.035	-5.92656
0.036	-5.94893
0.037	-5.97124
0.038	-5.99349
0.039	-6.01568
0.04	-6.03781
0.041	-6.05989
0.042	-6.0819
0.043	-6.10385
0.044	-6.12575
0.045	-6.14758
0.046	-6.16936
0.047	-6.19107
0.048	-6.21273
0.049	-6.23433
0.05	-6.25587
0.051	-6.27734
0.052	-6.29876
0.053	-6.32012
0.054	-6.34142
0.055	-6.36266
0.056	-6.38384
0.057	-6.40496
0.058	-6.42602
0.059	-6.44703
0.06	-6.46797
0.061	-6.48885
0.062	-6.50968
0.063	-6.53044
0.064	-6.55115
0.065	-6.5718
0.066	-6.59238
0.067	-6.61291
0.068	-6.63338
0.069	-6.65379
0.07	-6.67414
0.071	-6.69443
0.072	-6.71466
0.073	-6.73484
0.074	-6.75495
0.075	-6.77501
0.076	-6.795
0.077	-6.81494
0.078	-6.83481
0.079	-6.85463
0.08	-6.87439
0.081	-6.89409
0.082	-6.91373
0.083	-6.93331
0.084	-6.95284
0.085	-6.9723
0.086	-6.9917
0.087	-7.01105
0.088	-7.03034
0.089	-7.04957
0.09	-7.06873
0.091	-7.08784
0.092	-7.1069
0.093	-7.12589
0.094	-7.14482
0.095	-7.1637
0.096	-7.18251
0.097	-7.20127
0.098	-7.21997
0.099	-7.23861
0.1	-7.25719
0.101	-7.27571
0.102	-7.29418
0.103	-7.31258
0.104	-7.33093
0.105	-7.34922
0.106	-7.36745
0.107	-7.38562
0.108	-7.40373
0.109	-7.42179
0.11	-7.43978
0.111	-7.45772
0.112	-7.4756
0.113	-7.49342
0.114	-7.51118
0.115	-7.52889
0.116	-7.54653
0.117	-7.56412
0.118	-7.58165
0.119	-7.59912
0.12	-7.61654
0.121	-7.63389
0.122	-7.65119
0.123	-7.66843
0.124	-7.68561
0.125	-7.70273
0.126	-7.7198
0.127	-7.7368
0.128	-7.75375
0.129	-7.77065
0.13	-7.78748
0.131	-7.80426
0.132	-7.82097
0.133	-7.83763
0.134	-7.85424
0.135	-7.87078
0.136	-7.88727
0.137	-7.9037
0.138	-7.92007
0.139	-7.93639
0.14	-7.95265
0.141	-7.96885
0.142	-7.98499
0.143	-8.00108
0.144	-8.0171
0.145	-8.03308
0.146	-8.04899
0.147	-8.06485
0.148	-8.08065
0.149	-8.09639
0.15	-8.11208
0.151	-8.12771
0.152	-8.14328
0.153	-8.15879
0.154	-8.17425
0.155	-8.18965
0.156	-8.205
0.157	-8.22029
0.158	-8.23552
0.159	-8.2507
0.16	-8.26582
0.161	-8.28088
0.162	-8.29588
0.163	-8.31083
0.164	-8.32573
0.165	-8.34056
0.166	-8.35535
0.167	-8.37007
0.168	-8.38474
0.169	-8.39935
0.17	-8.41391
0.171	-8.42841
0.172	-8.44286
0.173	-8.45725
0.174	-8.47158
0.175	-8.48586
0.176	-8.50008
0.177	-8.51425
0.178	-8.52836
0.179	-8.54242
0.18	-8.55642
0.181	-8.57036
0.182	-8.58426
0.183	-8.59809
0.184	-8.61187
0.185	-8.6256
0.186	-8.63927
0.187	-8.65288
0.188	-8.66644
0.189	-8.67995
0.19	-8.6934
0.191	-8.7068
0.192	-8.72014
0.193	-8.73343
0.194	-8.74666
0.195	-8.75984
0.196	-8.77297
0.197	-8.78604
0.198	-8.79906
0.199	-8.81202
0.2	-8.82493
0.201	-8.83779
0.202	-8.85059
0.203	-8.86334
0.204	-8.87603
0.205	-8.88867
0.206	-8.90126
0.207	-8.91379
0.208	-8.92627
0.209	-8.9387
0.21	-8.95108
0.211	-8.9634
0.212	-8.97567
0.213	-8.98788
0.214	-9.00005
0.215	-9.01216
0.216	-9.02422
0.217	-9.03622
0.218	-9.04818
0.219	-9.06008
0.22	-9.07193
0.221	-9.08372
0.222	-9.09547
0.223	-9.10716
0.224	-9.1188
0.225	-9.13039
0.226	-9.14193
0.227	-9.15341
0.228	-9.16485
0.229	-9.17623
0.23	-9.18756
0.231	-9.19885
0.232	-9.21008
0.233	-9.22125
0.234	-9.23238
0.235	-9.24346
0.236	-9.25449
0.237	-9.26546
0.238	-9.27639
0.239	-9.28726
0.24	-9.29809
0.241	-9.30886
0.242	-9.31959
0.243	-9.33027
0.244	-9.34089
0.245	-9.35147
0.246	-9.36199
0.247	-9.37247
0.248	-9.3829
0.249	-9.39328
0.25	-9.4036
0.251	-9.41388
0.252	-9.42412
0.253	-9.4343
0.254	-9.44443
0.255	-9.45452
0.256	-9.46455
0.257	-9.47454
0.258	-9.48448
0.259	-9.49437
0.26	-9.50422
0.261	-9.51401
0.262	-9.52376
0.263	-9.53346
0.264	-9.54312
0.265	-9.55272
0.266	-9.56228
0.267	-9.57179
0.268	-9.58126
0.269	-9.59067
0.27	-9.60004
0.271	-9.60937
0.272	-9.61865
0.273	-9.62788
0.274	-9.63706
0.275	-9.6462
0.276	-9.65529
0.277	-9.66434
0.278	-9.67334
0.279	-9.6823
0.28	-9.69121
0.281	-9.70007
0.282	-9.70889
0.283	-9.71766
0.284	-9.72639
0.285	-9.73508
0.286	-9.74372
0.287	-9.75231
0.288	-9.76086
0.289	-9.76937
0.29	-9.77783
0.291	-9.78625
0.292	-9.79462
0.293	-9.80295
0.294	-9.81124
0.295	-9.81948
0.296	-9.82768
0.297	-9.83583
0.298	-9.84395
0.299	-9.85202
0.3	-9.86004
0.301	-9.86803
0.302	-9.87597
0.303	-9.88387
0.304	-9.89173
0.305	-9.89954
0.306	-9.90732
0.307	-9.91505
0.308	-9.92274
0.309	-9.93038
0.31	-9.93799
0.311	-9.94555
0.312	-9.95308
0.313	-9.96056
0.314	-9.968
0.315	-9.9754
0.316	-9.98276
0.317	-9.99009
0.318	-9.99736
0.319	-10.0046
0.32	-10.0118
0.321	-10.019
0.322	-10.0261
0.323	-10.0332
0.324	-10.0402
0.325	-10.0472
0.326	-10.0542
0.327	-10.0611
0.328	-10.068
0.329	-10.0748
0.33	-10.0816
0.331	-10.0884
0.332	-10.0951
0.333	-10.1018
0.334	-10.1085
0.335	-10.1151
0.336	-10.1217
0.337	-10.1282
0.338	-10.1347
0.339	-10.1412
0.34	-10.1476
0.341	-10.154
0.342	-10.1604
0.343	-10.1667
0.344	-10.173
0.345	-10.1792
0.346	-10.1854
0.347	-10.1916
0.348	-10.1977
0.349	-10.2038
0.35	-10.2099
0.351	-10.2159
0.352	-10.2219
0.353	-10.2279
0.354	-10.2338
0.355	-10.2397
0.356	-10.2455
0.357	-10.2514
0.358	-10.2572
0.359	-10.2629
0.36	-10.2686
0.361	-10.2743
0.362	-10.28
0.363	-10.2856
0.364	-10.2912
0.365	-10.2967
0.366	-10.3022
0.367	-10.3077
0.368	-10.3132
0.369	-10.3186
0.37	-10.324
0.371	-10.3293
0.372	-10.3346
0.373	-10.3399
0.374	-10.3452
0.375	-10.3504
0.376	-10.3556
0.377	-10.3607
0.378	-10.3659
0.379	-10.371
0.38	-10.376
0.381	-10.3811
0.382	-10.3861
0.383	-10.391
0.384	-10.396
0.385	-10.4009
0.386	-10.4058
0.387	-10.4106
0.388	-10.4154
0.389	-10.4202
0.39	-10.425
0.391	-10.4297
0.392	-10.4344
0.393	-10.4391
0.394	-10.4437
0.395	-10.4484
0.396	-10.4529
0.397	-10.4575
0.398	-10.462
0.399	-10.4665
0.4	-10.471
0.401	-10.4754
0.402	-10.4799
0.403	-10.4842
0.404	-10.4886
0.405	-10.4929
0.406	-10.4972
0.407	-10.5015
0.408	-10.5058
0.409	-10.51
0.41	-10.5142
0.411	-10.5183
0.412	-10.5225
0.413	-10.5266
0.414	-10.5307
0.415	-10.5347
0.416	-10.5388
0.417	-10.5428
0.418	-10.5468
0.419	-10.5507
0.42	-10.5547
0.421	-10.5586
0.422	-10.5625
0.423	-10.5663
0.424	-10.5702
0.425	-10.574
0.426	-10.5777
0.427	-10.5815
0.428	-10.5852
0.429	-10.5889
0.43	-10.5926
0.431	-10.5963
0.432	-10.5999
0.433	-10.6035
0.434	-10.6071
0.435	-10.6107
0.436	-10.6142
0.437	-10.6177
0.438	-10.6212
0.439	-10.6247
0.44	-10.6282
0.441	-10.6316
0.442	-10.635
0.443	-10.6384
0.444	-10.6417
0.445	-10.6451
0.446	-10.6484
0.447	-10.6517
0.448	-10.6549
0.449	-10.6582
0.45	-10.6614
0.451	-10.6646
0.452	-10.6678
0.453	-10.671
0.454	-10.6741
0.455	-10.6772
0.456	-10.6803
0.457	-10.6834
0.458	-10.6865
0.459	-10.6895
0.46	-10.6925
0.461	-10.6955
0.462	-10.6985
0.463	-10.7015
0.464	-10.7044
0.465	-10.7073
0.466	-10.7102
0.467	-10.7131
0.468	-10.7159
0.469	-10.7188
0.47	-10.7216
0.471	-10.7244
0.472	-10.7272
0.473	-10.7299
0.474	-10.7327
0.475	-10.7354
0.476	-10.7381
0.477	-10.7408
0.478	-10.7435
0.479	-10.7461
0.48	-10.7487
0.481	-10.7513
0.482	-10.7539
0.483	-10.7565
0.484	-10.7591
0.485	-10.7616
0.486	-10.7642
0.487	-10.7667
0.488	-10.7691
0.489	-10.7716
0.49	-10.7741
0.491	-10.7765
0.492	-10.7789
0.493	-10.7813
0.494	-10.7837
0.495	-10.7861
0.496	-10.7885
0.497	-10.7908
0.498	-10.7931
0.499	-10.7954
0.5	-10.7977
0.501	-10.8
0.502	-10.8023
0.503	-10.8045
0.504	-10.8067
0.505	-10.8089
0.506	-10.8111
0.507	-10.8133
0.508	-10.8155
0.509	-10.8176
0.51	-10.8198
0.511	-10.8219
0.512	-10.824
0.513	-10.8261
0.514	-10.8282
0.515	-10.8302
0.516	-10.8323
0.517	-10.8343
0.518	-10.8363
0.519	-10.8383
0.52	-10.8403
0.521	-10.8423
0.522	-10.8442
0.523	-10.8462
0.524	-10.8481
0.525	-10.85
0.526	-10.852
0.527	-10.8538
0.528	-10.8557
0.529	-10.8576
0.53	-10.8594
0.531	-10.8613
0.532	-10.8631
0.533	-10.8649
0.534	-10.8667
0.535	-10.8685
0.536	-10.8703
0.537	-10.8721
0.538	-10.8738
0.539	-10.8755
0.54	-10.8773
0.541	-10.879
0.542	-10.8807
0.543	-10.8824
0.544	-10.884
0.545	-10.8857
0.546	-10.8874
0.547	-10.889
0.548	-10.8906
0.549	-10.8923
0.55	-10.8939
0.551	-10.8955
0.552	-10.897
0.553	-10.8986
0.554	-10.9002
0.555	-10.9017
0.556	-10.9033
0.557	-10.9048
0.558	-10.9063
0.559	-10.9078
0.56	-10.9093
0.561	-10.9108
0.562	-10.9123
0.563	-10.9137
0.564	-10.9152
0.565	-10.9166
0.566	-10.918
0.567	-10.9195
0.568	-10.9209
0.569	-10.9223
0.57	-10.9237
0.571	-10.925
0.572	-10.9264
0.573	-10.9278
0.574	-10.9291
0.575	-10.9305
0.576	-10.9318
0.577	-10.9331
0.578	-10.9344
0.579	-10.9357
0.58	-10.937
0.581	-10.9383
0.582	-10.9396
0.583	-10.9408
0.584	-10.9421
0.585	-10.9433
0.586	-10.9446
0.587	-10.9458
0.588	-10.947
0.589	-10.9482
0.59	-10.9494
0.591	-10.9506
0.592	-10.9518
0.593	-10.953
0.594	-10.9541
0.595	-10.9553
0.596	-10.9565
0.597	-10.9576
0.598	-10.9587
0.599	-10.9598
0.6	-10.961
0.601	-10.9621
0.602	-10.9632
0.603	-10.9643
0.604	-10.9653
0.605	-10.9664
0.606	-10.9675
0.607	-10.9686
0.608	-10.9696
0.609	-10.9706
0.61	-10.9717
0.611	-10.9727
0.612	-10.9737
0.613	-10.9748
0.614	-10.9758
0.615	-10.9768
0.616	-10.9777
0.617	-10.9787
0.618	-10.9797
0.619	-10.9807
0.62	-10.9816
0.621	-10.9826
0.622	-10.9836
0.623	-10.9845
0.624	-10.9854
0.625	-10.9864
0.626	-10.9873
0.627	-10.9882
0.628	-10.9891
0.629	-10.99
0.63	-10.9909
0.631	-10.9918
0.632	-10.9927
0.633	-10.9935
0.634	-10.9944
0.635	-10.9953
0.636	-10.9961
0.637	-10.997
0.638	-10.9978
0.639	-10.9987
0.64	-10.9995
0.641	-11.0003
0.642	-11.0011
0.643	-11.0019
0.644	-11.0028
0.645	-11.0036
0.646	-11.0043
0.647	-11.0051
0.648	-11.0059
0.649	-11.0067
0.65	-11.0075
0.651	-11.0082
0.652	-11.009
0.653	-11.0097
0.654	-11.0105
0.655	-11.0112
0.656	-11.012
0.657	-11.0127
0.658	-11.0134
0.659	-11.0142
0.66	-11.0149
0.661	-11.0156
0.662	-11.0163
0.663	-11.017
0.664	-11.0177
0.665	-11.0184
0.666	-11.0191
0.667	-11.0197
0.668	-11.0204
0.669	-11.0211
0.67	-11.0218
0.671	-11.0224
0.672	-11.0231
0.673	-11.0237
0.674	-11.0244
0.675	-11.025
0.676	-11.0256
0.677	-11.0263
0.678	-11.0269
0.679	-11.0275
0.68	-11.0281
0.681	-11.0287
0.682	-11.0294
0.683	-11.03
0.684	-11.0306
0.685	-11.0312
0.686	-11.0317
0.687	-11.0323
0.688	-11.0329
0.689	-11.0335
0.69	-11.0341
0.691	-11.0346
0.692	-11.0352
0.693	-11.0358
0.694	-11.0363
0.695	-11.0369
0.696	-11.0374
0.697	-11.038
0.698	-11.0385
0.699	-11.039
0.7	-11.0396
0.701	-11.0401
0.702	-11.0406
0.703	-11.0411
0.704	-11.0417
0.705	-11.0422
0.706	-11.0427
0.707	-11.0432
0.708	-11.0437
0.709	-11.0442
0.71	-11.0447
0.711	-11.0452
0.712	-11.0457
0.713	-11.0461
0.714	-11.0466
0.715	-11.0471
0.716	-11.0476
0.717	-11.048
0.718	-11.0485
0.719	-11.049
0.72	-11.0494
0.721	-11.0499
0.722	-11.0503
0.723	-11.0508
0.724	-11.0512
0.725	-11.0517
0.726	-11.0521
0.727	-11.0525
0.728	-11.053
0.729	-11.0534
0.73	-11.0538
0.731	-11.0543
0.732	-11.0547
0.733	-11.0551
0.734	-11.0555
0.735	-11.0559
0.736	-11.0563
0.737	-11.0567
0.738	-11.0571
0.739	-11.0575
0.74	-11.0579
0.741	-11.0583
0.742	-11.0587
0.743	-11.0591
0.744	-11.0595
0.745	-11.0599
0.746	-11.0602
0.747	-11.0606
0.748	-11.061
0.749	-11.0614
0.75	-11.0617
0.751	-11.0621
0.752	-11.0625
0.753	-11.0628
0.754	-11.0632
0.755	-11.0635
0.756	-11.0639
0.757	-11.0642
0.758	-11.0646
0.759	-11.0649
0.76	-11.0653
0.761	-11.0656
0.762	-11.0659
0.763	-11.0663
0.764	-11.0666
0.765	-11.0669
0.766	-11.0673
0.767	-11.0676
0.768	-11.0679
0.769	-11.0682
0.77	-11.0686
0.771	-11.0689
0.772	-11.0692
0.773	-11.0695
0.774	-11.0698
0.775	-11.0701
0.776	-11.0704
0.777	-11.0707
0.778	-11.071
0.779	-11.0713
0.78	-11.0716
0.781	-11.0719
0.782	-11.0722
0.783	-11.0725
0.784	-11.0728
0.785	-11.0731
0.786	-11.0733
0.787	-11.0736
0.788	-11.0739
0.789	-11.0742
0.79	-11.0745
0.791	-11.0747
0.792	-11.075
0.793	-11.0753
0.794	-11.0755
0.795	-11.0758
0.796	-11.0761
0.797	-11.0763
0.798	-11.0766
0.799	-11.0769
0.8	-11.0771
0.801	-11.0774
0.802	-11.0776
0.803	-11.0779
0.804	-11.0781
0.805	-11.0784
0.806	-11.0786
0.807	-11.0789
0.808	-11.0791
0.809	-11.0793
0.81	-11.0796
0.811	-11.0798
0.812	-11.0801
0.813	-11.0803
0.814	-11.0805
0.815	-11.0808
0.816	-11.081
0.817	-11.0812
0.818	-11.0814
0.819	-11.0817
0.82	-11.0819
0.821	-11.0821
0.822	-11.0823
0.823	-11.0826
0.824	-11.0828
0.825	-11.083
0.826	-11.0832
0.827	-11.0834
0.828	-11.0836
0.829	-11.0838
0.83	-11.0841
0.831	-11.0843
0.832	-11.0845
0.833	-11.0847
0.834	-11.0849
0.835	-11.0851
0.836	-11.0853
0.837	-11.0855
0.838	-11.0857
0.839	-11.0859
0.84	-11.0861
0.841	-11.0863
0.842	-11.0865
0.843	-11.0867
0.844	-11.0868
0.845	-11.087
0.846	-11.0872
0.847	-11.0874
0.848	-11.0876
0.849	-11.0878
0.85	-11.088
0.851	-11.0882
0.852	-11.0883
0.853	-11.0885
0.854	-11.0887
0.855	-11.0889
0.856	-11.089
0.857	-11.0892
0.858	-11.0894
0.859	-11.0896
0.86	-11.0897
0.861	-11.0899
0.862	-11.0901
0.863	-11.0903
0.864	-11.0904
0.865	-11.0906
0.866	-11.0908
0.867	-11.0909
0.868	-11.0911
0.869	-11.0913
0.87	-11.0914
0.871	-11.0916
0.872	-11.0917
0.873	-11.0919
0.874	-11.0921
0.875	-11.0922
0.876	-11.0924
0.877	-11.0925
0.878	-11.0927
0.879	-11.0928
0.88	-11.093
0.881	-11.0931
0.882	-11.0933
0.883	-11.0935
0.884	-11.0936
0.885	-11.0938
0.886	-11.0939
0.887	-11.094
0.888	-11.0942
0.889	-11.0943
0.89	-11.0945
0.891	-11.0946
0.892	-11.0948
0.893	-11.0949
0.894	-11.0951
0.895	-11.0952
0.896	-11.0953
0.897	-11.0955
0.898	-11.0956
0.899	-11.0958
0.9	-11.0959
0.901	-11.096
0.902	-11.0962
0.903	-11.0963
0.904	-11.0964
0.905	-11.0966
0.906	-11.0967
0.907	-11.0968
0.908	-11.097
0.909	-11.0971
0.91	-11.0972
0.911	-11.0974
0.912	-11.0975
0.913	-11.0976
0.914	-11.0978
0.915	-11.0979
0.916	-11.098
0.917	-11.0981
0.918	-11.0983
0.919	-11.0984
0.92	-11.0985
0.921	-11.0987
0.922	-11.0988
0.923	-11.0989
0.924	-11.099
0.925	-11.0991
0.926	-11.0993
0.927	-11.0994
0.928	-11.0995
0.929	-11.0996
0.93	-11.0998
0.931	-11.0999
0.932	-11.1
0.933	-11.1001
0.934	-11.1002
0.935	-11.1004
0.936	-11.1005
0.937	-11.1006
0.938	-11.1007
0.939	-11.1008
0.94	-11.1009
0.941	-11.1011
0.942	-11.1012
0.943	-11.1013
0.944	-11.1014
0.945	-11.1015
0.946	-11.1016
0.947	-11.1017
0.948	-11.1019
0.949	-11.102
0.95	-11.1021
0.951	-11.1022
0.952	-11.1023
0.953	-11.1024
0.954	-11.1025
0.955	-11.1026
0.956	-11.1028
0.957	-11.1029
0.958	-11.103
0.959	-11.1031
0.96	-11.1032
0.961	-11.1033
0.962	-11.1034
0.963	-11.1035
0.964	-11.1036
0.965	-11.1037
0.966	-11.1039
0.967	-11.104
0.968	-11.1041
0.969	-11.1042
0.97	-11.1043
0.971	-11.1044
0.972	-11.1045
0.973	-11.1046
0.974	-11.1047
0.975	-11.1048
0.976	-11.1049
0.977	-11.105
0.978	-11.1051
0.979	-11.1052
0.98	-11.1054
0.981	-11.1055
0.982	-11.1056
0.983	-11.1057
0.984	-11.1058
0.985	-11.1059
0.986	-11.106
0.987	-11.1061
0.988	-11.1062
0.989	-11.1063
0.99	-11.1064
0.991	-11.1065
0.992	-11.1066
0.993	-11.1067
0.994	-11.1068
0.995	-11.1069
0.996	-11.107
0.997	-11.1071
0.998	-11.1073
0.999	-11.1074
1	-11.1075
