0	7.4269
0.001	7.38102
0.002	7.3352
0.003	7.28944
0.004	7.24374
0.005	7.1981
0.006	7.15253
0.007	7.10701
0.008	7.06156
0.009	7.01616
0.01	6.97083
0.011	6.92556
0.012	6.88035
0.013	6.8352
0.014	6.79011
0.015	6.74508
0.016	6.70011
0.017	6.6552
0.018	6.61035
0.019	6.56557
0.02	6.52084
0.021	6.47618
0.022	6.43157
0.023	6.38703
0.024	6.34255
0.025	6.29812
0.026	6.25376
0.027	6.20946
0.028	6.16522
0.029	6.12104
0.03	6.07692
0.031	6.03286
0.032	5.98886
0.033	5.94492
0.034	5.90104
0.035	5.85722
0.036	5.81346
0.037	5.76977
0.038	5.72613
0.039	5.68255
0.04	5.63904
0.041	5.59558
0.042	5.55218
0.043	5.50885
0.044	5.46557
0.045	5.42236
0.046	5.3792
0.047	5.33611
0.048	5.29308
0.049	5.2501
0.05	5.20719
0.051	5.16433
0.052	5.12154
0.053	5.07881
0.054	5.03614
0.055	4.99352
0.056	4.95097
0.057	4.90848
0.058	4.86605
0.059	4.82368
0.06	4.78136
0.061	4.73911
0.062	4.69692
0.063	4.65479
0.064	4.61272
0.065	4.57071
0.066	4.52876
0.067	4.48687
0.068	4.44504
0.069	4.40327
0.07	4.36156
0.071	4.31991
0.072	4.27832
0.073	4.23679
0.074	4.19532
0.075	4.15391
0.076	4.11256
0.077	4.07127
0.078	4.03004
0.079	3.98887
0.08	3.94776
0.081	3.90672
0.082	3.86573
0.083	3.8248
0.084	3.78393
0.085	3.74312
0.086	3.70237
0.087	3.66168
0.088	3.62106
0.089	3.58049
0.09	3.53998
0.091	3.49953
0.092	3.45914
0.093	3.41881
0.094	3.37855
0.095	3.33834
0.096	3.29819
0.097	3.2581
0.098	3.21807
0.099	3.1781
0.1	3.1382
0.101	3.09835
0.102	3.05856
0.103	3.01883
0.104	2.97916
0.105	2.93956
0.106	2.90001
0.107	2.86052
0.108	2.82109
0.109	2.78172
0.11	2.74242
0.111	2.70317
0.112	2.66398
0.113	2.62485
0.114	2.58578
0.115	2.54678
0.116	2.50783
0.117	2.46894
0.118	2.43011
0.119	2.39134
0.12	2.35264
0.121	2.31399
0.122	2.2754
0.123	2.23687
0.124	2.1984
0.125	2.16
0.126	2.12165
0.127	2.08336
0.128	2.04513
0.129	2.00696
0.13	1.96886
0.131	1.93081
0.132	1.89282
0.133	1.85489
0.134	1.81702
0.135	1.77921
0.136	1.74147
0.137	1.70378
0.138	1.66615
0.139	1.62858
0.14	1.59107
0.141	1.55362
0.142	1.51623
0.143	1.47891
0.144	1.44164
0.145	1.40443
0.146	1.36728
0.147	1.33019
0.148	1.29316
0.149	1.25619
0.15	1.21928
0.151	1.18244
0.152	1.14565
0.153	1.10892
0.154	1.07225
0.155	1.03564
0.156	0.99909
0.157	0.962601
0.158	0.926172
0.159	0.889802
0.16	0.853493
0.161	0.817244
0.162	0.781054
0.163	0.744925
0.164	0.708855
0.165	0.672845
0.166	0.636896
0.167	0.601006
0.168	0.565176
0.169	0.529406
0.17	0.493697
0.171	0.458047
0.172	0.422457
0.173	0.386927
0.174	0.351457
0.175	0.316046
0.176	0.280696
0.177	0.245406
0.178	0.210176
0.179	0.175005
0.18	0.139895
0.181	0.104844
0.182	0.0698538
0.183	0.0349232
0.184	5.25235e-05
0.185	-0.0347582
0.186	-0.069509
0.187	-0.1042
0.188	-0.138831
0.189	-0.173402
0.19	-0.207913
0.191	-0.242364
0.192	-0.276755
0.193	-0.311086
0.194	-0.345357
0.195	-0.379569
0.196	-0.41372
0.197	-0.447811
0.198	-0.481843
0.199	-0.515815
0.2	-0.549726
0.201	-0.583578
0.202	-0.61737
0.203	-0.651101
0.204	-0.684773
0.205	-0.718385
0.206	-0.751937
0.207	-0.785429
0.208	-0.818862
0.209	-0.852234
0.21	-0.885546
0.211	-0.918798
0.212	-0.951991
0.213	-0.985123
0.214	-1.0182
0.215	-1.05121
0.216	-1.08416
0.217	-1.11705
0.218	-1.14989
0.219	-1.18266
0.22	-1.21537
0.221	-1.24803
0.222	-1.28062
0.223	-1.31315
0.224	-1.34563
0.225	-1.37804
0.226	-1.41039
0.227	-1.44269
0.228	-1.47492
0.229	-1.50709
0.23	-1.53921
0.231	-1.57126
0.232	-1.60325
0.233	-1.63519
0.234	-1.66706
0.235	-1.69888
0.236	-1.73063
0.237	-1.76232
0.238	-1.79396
0.239	-1.82553
0.24	-1.85705
0.241	-1.8885
0.242	-1.9199
0.243	-1.95123
0.244	-1.9825
0.245	-2.01372
0.246	-2.04487
0.247	-2.07597
0.248	-2.107
0.249	-2.13798
0.25	-2.16889
0.251	-2.19975
0.252	-2.23054
0.253	-2.26128
0.254	-2.29196
0.255	-2.32257
0.256	-2.35313
0.257	-2.38362
0.258	-2.41406
0.259	-2.44443
0.26	-2.47475
0.261	-2.50501
0.262	-2.5352
0.263	-2.56534
0.264	-2.59541
0.265	-2.62543
0.266	-2.65539
0.267	-2.68528
0.268	-2.71512
0.269	-2.7449
0.27	-2.77461
0.271	-2.80427
0.272	-2.83387
0.273	-2.8634
0.274	-2.89288
0.275	-2.9223
0.276	-2.95165
0.277	-2.98095
0.278	-3.01019
0.279	-3.03937
0.28	-3.06848
0.281	-3.09754
0.282	-3.12654
0.283	-3.15548
0.284	-3.18436
0.285	-3.21317
0.286	-3.24193
0.287	-3.27063
0.288	-3.29927
0.289	-3.32785
0.29	-3.35637
0.291	-3.38482
0.292	-3.41322
0.293	-3.44156
0.294	-3.46984
0.295	-3.49806
0.296	-3.52622
0.297	-3.55432
0.298	-3.58236
0.299	-3.61034
0.3	-3.63826
0.301	-3.66612
0.302	-3.69392
0.303	-3.72166
0.304	-3.74933
0.305	-3.77696
0.306	-3.80452
0.307	-3.83202
0.308	-3.85946
0.309	-3.88684
0.31	-3.91416
0.311	-3.94142
0.312	-3.96862
0.313	-3.99576
0.314	-4.02284
0.315	-4.04986
0.316	-4.07682
0.317	-4.10372
0.318	-4.13057
0.319	-4.15735
0.32	-4.18407
0.321	-4.21073
0.322	-4.23733
0.323	-4.26388
0.324	-4.29036
0.325	-4.31678
0.326	-4.34314
0.327	-4.36945
0.328	-4.39569
0.329	-4.42187
0.33	-4.448
0.331	-4.47406
0.332	-4.50006
0.333	-4.52601
0.334	-4.55189
0.335	-4.57771
0.336	-4.60348
0.337	-4.62918
0.338	-4.65483
0.339	-4.68041
0.34	-4.70594
0.341	-4.7314
0.342	-4.75681
0.343	-4.78215
0.344	-4.80744
0.345	-4.83266
0.346	-4.85783
0.347	-4.88293
0.348	-4.90798
0.349	-4.93297
0.35	-4.95789
0.351	-4.98276
0.352	-5.00757
0.353	-5.03231
0.354	-5.057
0.355	-5.08163
0.356	-5.1062
0.357	-5.13071
0.358	-5.15515
0.359	-5.17954
0.36	-5.20387
0.361	-5.22814
0.362	-5.25235
0.363	-5.2765
0.364	-5.30059
0.365	-5.32462
0.366	-5.34859
0.367	-5.3725
0.368	-5.39635
0.369	-5.42014
0.37	-5.44387
0.371	-5.46754
0.372	-5.49116
0.373	-5.51471
0.374	-5.5382
0.375	-5.56163
0.376	-5.58501
0.377	-5.60832
0.378	-5.63157
0.379	-5.65477
0.38	-5.6779
0.381	-5.70098
0.382	-5.72399
0.383	-5.74695
0.384	-5.76984
0.385	-5.79268
0.386	-5.81546
0.387	-5.83817
0.388	-5.86083
0.389	-5.88343
0.39	-5.90597
0.391	-5.92844
0.392	-5.95086
0.393	-5.97322
0.394	-5.99552
0.395	-6.01776
0.396	-6.03994
0.397	-6.06206
0.398	-6.08413
0.399	-6.10613
0.4	-6.12807
0.401	-6.14995
0.402	-6.17178
0.403	-6.19354
0.404	-6.21524
0.405	-6.23689
0.406	-6.25847
0.407	-6.28
0.408	-6.30147
0.409	-6.32287
0.41	-6.34422
0.411	-6.36551
0.412	-6.38674
0.413	-6.40791
0.414	-6.42902
0.415	-6.45007
0.416	-6.47106
0.417	-6.49199
0.418	-6.51287
0.419	-6.53368
0.42	-6.55443
0.421	-6.57513
0.422	-6.59576
0.423	-6.61634
0.424	-6.63686
0.425	-6.65731
0.426	-6.67771
0.427	-6.69805
0.428	-6.71833
0.429	-6.73855
0.43	-6.75871
0.431	-6.77882
0.432	-6.79886
0.433	-6.81885
0.434	-6.83877
0.435	-6.85864
0.436	-6.87844
0.437	-6.89819
0.438	-6.91788
0.439	-6.93751
0.44	-6.95708
0.441	-6.97659
0.442	-6.99605
0.443	-7.01544
0.444	-7.03478
0.445	-7.05405
0.446	-7.07327
0.447	-7.09243
0.448	-7.11153
0.449	-7.13057
0.45	-7.14955
0.451	-7.16847
0.452	-7.18734
0.453	-7.20614
0.454	-7.22489
0.455	-7.24358
0.456	-7.26221
0.457	-7.28078
0.458	-7.29929
0.459	-7.31775
0.46	-7.33614
0.461	-7.35448
0.462	-7.37275
0.463	-7.39097
0.464	-7.40914
0.465	-7.42724
0.466	-7.44528
0.467	-7.46327
0.468	-7.4812
0.469	-7.49907
0.47	-7.51688
0.471	-7.53463
0.472	-7.55232
0.473	-7.56996
0.474	-7.58754
0.475	-7.60506
0.476	-7.62252
0.477	-7.63992
0.478	-7.65727
0.479	-7.67456
0.48	-7.69179
0.481	-7.70896
0.482	-7.72607
0.483	-7.74313
0.484	-7.76012
0.485	-7.77706
0.486	-7.79395
0.487	-7.81077
0.488	-7.82754
0.489	-7.84425
0.49	-7.8609
0.491	-7.87749
0.492	-7.89403
0.493	-7.91051
0.494	-7.92693
0.495	-7.94329
0.496	-7.9596
0.497	-7.97585
0.498	-7.99204
0.499	-8.00818
0.5	-8.02425
0.501	-8.04027
0.502	-8.05624
0.503	-8.07214
0.504	-8.08799
0.505	-8.10378
0.506	-8.11952
0.507	-8.1352
0.508	-8.15082
0.509	-8.16638
0.51	-8.18189
0.511	-8.19734
0.512	-8.21273
0.513	-8.22807
0.514	-8.24335
0.515	-8.25858
0.516	-8.27375
0.517	-8.28886
0.518	-8.30391
0.519	-8.31891
0.52	-8.33386
0.521	-8.34874
0.522	-8.36357
0.523	-8.37835
0.524	-8.39307
0.525	-8.40773
0.526	-8.42233
0.527	-8.43689
0.528	-8.45138
0.529	-8.46582
0.53	-8.4802
0.531	-8.49453
0.532	-8.5088
0.533	-8.52302
0.534	-8.53718
0.535	-8.55129
0.536	-8.56534
0.537	-8.57934
0.538	-8.59328
0.539	-8.60716
0.54	-8.62099
0.541	-8.63477
0.542	-8.64849
0.543	-8.66215
0.544	-8.67577
0.545	-8.68932
0.546	-8.70282
0.547	-8.71627
0.548	-8.72966
0.549	-8.743
0.55	-8.75629
0.551	-8.76952
0.552	-8.78269
0.553	-8.79581
0.554	-8.80888
0.555	-8.8219
0.556	-8.83486
0.557	-8.84776
0.558	-8.86062
0.559	-8.87342
0.56	-8.88616
0.561	-8.89885
0.562	-8.91149
0.563	-8.92408
0.564	-8.93661
0.565	-8.94909
0.566	-8.96152
0.567	-8.97389
0.568	-8.98621
0.569	-8.99848
0.57	-9.01069
0.571	-9.02285
0.572	-9.03497
0.573	-9.04702
0.574	-9.05903
0.575	-9.07098
0.576	-9.08288
0.577	-9.09473
0.578	-9.10653
0.579	-9.11827
0.58	-9.12997
0.581	-9.14161
0.582	-9.1532
0.583	-9.16474
0.584	-9.17623
0.585	-9.18766
0.586	-9.19905
0.587	-9.21038
0.588	-9.22167
0.589	-9.2329
0.59	-9.24408
0.591	-9.25521
0.592	-9.26629
0.593	-9.27732
0.594	-9.2883
0.595	-9.29923
0.596	-9.31011
0.597	-9.32094
0.598	-9.33172
0.599	-9.34245
0.6	-9.35313
0.601	-9.36376
0.602	-9.37434
0.603	-9.38488
0.604	-9.39536
0.605	-9.40579
0.606	-9.41618
0.607	-9.42651
0.608	-9.4368
0.609	-9.44704
0.61	-9.45723
0.611	-9.46737
0.612	-9.47746
0.613	-9.48751
0.614	-9.4975
0.615	-9.50745
0.616	-9.51735
0.617	-9.52721
0.618	-9.53701
0.619	-9.54677
0.62	-9.55648
0.621	-9.56614
0.622	-9.57576
0.623	-9.58533
0.624	-9.59485
0.625	-9.60433
0.626	-9.61376
0.627	-9.62314
0.628	-9.63248
0.629	-9.64177
0.63	-9.65101
0.631	-9.66021
0.632	-9.66936
0.633	-9.67847
0.634	-9.68753
0.635	-9.69655
0.636	-9.70552
0.637	-9.71444
0.638	-9.72332
0.639	-9.73216
0.64	-9.74095
0.641	-9.7497
0.642	-9.7584
0.643	-9.76705
0.644	-9.77567
0.645	-9.78424
0.646	-9.79276
0.647	-9.80124
0.648	-9.80968
0.649	-9.81807
0.65	-9.82642
0.651	-9.83473
0.652	-9.84299
0.653	-9.85121
0.654	-9.85939
0.655	-9.86753
0.656	-9.87562
0.657	-9.88367
0.658	-9.89168
0.659	-9.89964
0.66	-9.90757
0.661	-9.91545
0.662	-9.92329
0.663	-9.93109
0.664	-9.93884
0.665	-9.94656
0.666	-9.95423
0.667	-9.96187
0.668	-9.96946
0.669	-9.97701
0.67	-9.98452
0.671	-9.992
0.672	-9.99943
0.673	-10.0068
0.674	-10.0142
0.675	-10.0215
0.676	-10.0287
0.677	-10.036
0.678	-10.0432
0.679	-10.0503
0.68	-10.0574
0.681	-10.0645
0.682	-10.0715
0.683	-10.0785
0.684	-10.0855
0.685	-10.0924
0.686	-10.0993
0.687	-10.1062
0.688	-10.113
0.689	-10.1197
0.69	-10.1265
0.691	-10.1332
0.692	-10.1398
0.693	-10.1464
0.694	-10.153
0.695	-10.1596
0.696	-10.1661
0.697	-10.1725
0.698	-10.179
0.699	-10.1854
0.7	-10.1917
0.701	-10.1981
0.702	-10.2043
0.703	-10.2106
0.704	-10.2168
0.705	-10.223
0.706	-10.2292
0.707	-10.2353
0.708	-10.2414
0.709	-10.2474
0.71	-10.2534
0.711	-10.2594
0.712	-10.2653
0.713	-10.2712
0.714	-10.2771
0.715	-10.2829
0.716	-10.2888
0.717	-10.2945
0.718	-10.3003
0.719	-10.306
0.72	-10.3116
0.721	-10.3173
0.722	-10.3229
0.723	-10.3285
0.724	-10.334
0.725	-10.3395
0.726	-10.345
0.727	-10.3504
0.728	-10.3559
0.729	-10.3612
0.73	-10.3666
0.731	-10.3719
0.732	-10.3772
0.733	-10.3825
0.734	-10.3877
0.735	-10.3929
0.736	-10.398
0.737	-10.4032
0.738	-10.4083
0.739	-10.4134
0.74	-10.4184
0.741	-10.4234
0.742	-10.4284
0.743	-10.4334
0.744	-10.4383
0.745	-10.4432
0.746	-10.4481
0.747	-10.4529
0.748	-10.4577
0.749	-10.4625
0.75	-10.4672
0.751	-10.472
0.752	-10.4767
0.753	-10.4813
0.754	-10.486
0.755	-10.4906
0.756	-10.4952
0.757	-10.4997
0.758	-10.5043
0.759	-10.5088
0.76	-10.5132
0.761	-10.5177
0.762	-10.5221
0.763	-10.5265
0.764	-10.5309
0.765	-10.5352
0.766	-10.5395
0.767	-10.5438
0.768	-10.5481
0.769	-10.5523
0.77	-10.5565
0.771	-10.5607
0.772	-10.5649
0.773	-10.569
0.774	-10.5731
0.775	-10.5772
0.776	-10.5813
0.777	-10.5853
0.778	-10.5894
0.779	-10.5933
0.78	-10.5973
0.781	-10.6013
0.782	-10.6052
0.783	-10.6091
0.784	-10.6129
0.785	-10.6168
0.786	-10.6206
0.787	-10.6244
0.788	-10.6282
0.789	-10.632
0.79	-10.6357
0.791	-10.6394
0.792	-10.6431
0.793	-10.6468
0.794	-10.6504
0.795	-10.654
0.796	-10.6576
0.797	-10.6612
0.798	-10.6648
0.799	-10.6683
0.8	-10.6718
0.801	-10.6753
0.802	-10.6788
0.803	-10.6822
0.804	-10.6857
0.805	-10.6891
0.806	-10.6925
0.807	-10.6958
0.808	-10.6992
0.809	-10.7025
0.81	-10.7058
0.811	-10.7091
0.812	-10.7124
0.813	-10.7156
0.814	-10.7189
0.815	-10.7221
0.816	-10.7253
0.817	-10.7284
0.818	-10.7316
0.819	-10.7347
0.82	-10.7378
0.821	-10.7409
0.822	-10.744
0.823	-10.7471
0.824	-10.7501
0.825	-10.7531
0.826	-10.7562
0.827	-10.7591
0.828	-10.7621
0.829	-10.7651
0.83	-10.768
0.831	-10.7709
0.832	-10.7738
0.833	-10.7767
0.834	-10.7796
0.835	-10.7824
0.836	-10.7853
0.837	-10.7881
0.838	-10.7909
0.839	-10.7937
0.84	-10.7965
0.841	-10.7992
0.842	-10.8019
0.843	-10.8047
0.844	-10.8074
0.845	-10.8101
0.846	-10.8127
0.847	-10.8154
0.848	-10.8181
0.849	-10.8207
0.85	-10.8233
0.851	-10.8259
0.852	-10.8285
0.853	-10.8311
0.854	-10.8336
0.855	-10.8362
0.856	-10.8387
0.857	-10.8412
0.858	-10.8437
0.859	-10.8462
0.86	-10.8487
0.861	-10.8511
0.862	-10.8536
0.863	-10.856
0.864	-10.8584
0.865	-10.8608
0.866	-10.8632
0.867	-10.8656
0.868	-10.868
0.869	-10.8703
0.87	-10.8727
0.871	-10.875
0.872	-10.8773
0.873	-10.8796
0.874	-10.8819
0.875	-10.8842
0.876	-10.8864
0.877	-10.8887
0.878	-10.8909
0.879	-10.8932
0.88	-10.8954
0.881	-10.8976
0.882	-10.8998
0.883	-10.902
0.884	-10.9042
0.885	-10.9063
0.886	-10.9085
0.887	-10.9106
0.888	-10.9128
0.889	-10.9149
0.89	-10.917
0.891	-10.9191
0.892	-10.9212
0.893	-10.9233
0.894	-10.9253
0.895	-10.9274
0.896	-10.9294
0.897	-10.9315
0.898	-10.9335
0.899	-10.9355
0.9	-10.9375
0.901	-10.9395
0.902	-10.9415
0.903	-10.9435
0.904	-10.9455
0.905	-10.9475
0.906	-10.9494
0.907	-10.9514
0.908	-10.9533
0.909	-10.9552
0.91	-10.9572
0.911	-10.9591
0.912	-10.961
0.913	-10.9629
0.914	-10.9648
0.915	-10.9666
0.916	-10.9685
0.917	-10.9704
0.918	-10.9722
0.919	-10.9741
0.92	-10.9759
0.921	-10.9778
0.922	-10.9796
0.923	-10.9814
0.924	-10.9832
0.925	-10.985
0.926	-10.9868
0.927	-10.9886
0.928	-10.9904
0.929	-10.9922
0.93	-10.994
0.931	-10.9957
0.932	-10.9975
0.933	-10.9993
0.934	-11.001
0.935	-11.0028
0.936	-11.0045
0.937	-11.0062
0.938	-11.0079
0.939	-11.0097
0.94	-11.0114
0.941	-11.0131
0.942	-11.0148
0.943	-11.0165
0.944	-11.0182
0.945	-11.0199
0.946	-11.0216
0.947	-11.0232
0.948	-11.0249
0.949	-11.0266
0.95	-11.0282
0.951	-11.0299
0.952	-11.0315
0.953	-11.0332
0.954	-11.0348
0.955	-11.0365
0.956	-11.0381
0.957	-11.0397
0.958	-11.0414
0.959	-11.043
0.96	-11.0446
0.961	-11.0462
0.962	-11.0479
0.963	-11.0495
0.964	-11.0511
0.965	-11.0527
0.966	-11.0543
0.967	-11.0559
0.968	-11.0575
0.969	-11.0591
0.97	-11.0607
0.971	-11.0622
0.972	-11.0638
0.973	-11.0654
0.974	-11.067
0.975	-11.0686
0.976	-11.0701
0.977	-11.0717
0.978	-11.0733
0.979	-11.0748
0.98	-11.0764
0.981	-11.078
0.982	-11.0795
0.983	-11.0811
0.984	-11.0827
0.985	-11.0842
0.986	-11.0858
0.987	-11.0873
0.988	-11.0889
0.989	-11.0904
0.99	-11.092
0.991	-11.0935
0.992	-11.0951
0.993	-11.0966
0.994	-11.0982
0.995	-11.0997
0.996	-11.1013
0.997	-11.1028
0.998	-11.1044
0.999	-11.1059
1	-11.1075
