0	0
0.001	2.45128e+14
0.002	6.97511e+14
0.003	9.87216e+14
0.004	1.07771e+15
0.005	1.07506e+15
0.006	1.04785e+15
0.007	1.01652e+15
0.008	9.85884e+14
0.009	9.55971e+14
0.01	9.27218e+14
0.011	8.99269e+14
0.012	8.72308e+14
0.013	8.46174e+14
0.014	8.20886e+14
0.015	7.9643e+14
0.016	7.72708e+14
0.017	7.49806e+14
0.018	7.27552e+14
0.019	7.0609e+14
0.02	6.85213e+14
0.021	6.65083e+14
0.022	6.45503e+14
0.023	6.26603e+14
0.024	6.08245e+14
0.025	5.90483e+14
0.026	5.73274e+14
0.027	5.56573e+14
0.028	5.40434e+14
0.029	5.24734e+14
0.03	5.09581e+14
0.031	4.94832e+14
0.032	4.80587e+14
0.033	4.66741e+14
0.034	4.53334e+14
0.035	4.4034e+14
0.036	4.27717e+14
0.037	4.15515e+14
0.038	4.03635e+14
0.039	3.92163e+14
0.04	3.80995e+14
0.041	3.70191e+14
0.042	3.59702e+14
0.043	3.49517e+14
0.044	3.39664e+14
0.045	3.30067e+14
0.046	3.20798e+14
0.047	3.11768e+14
0.048	3.03031e+14
0.049	2.94546e+14
0.05	2.86301e+14
0.051	2.78326e+14
0.052	2.70551e+14
0.053	2.63041e+14
0.054	2.55724e+14
0.055	2.48635e+14
0.056	2.41758e+14
0.057	2.35062e+14
0.058	2.28592e+14
0.059	2.2228e+14
0.06	2.16174e+14
0.061	2.10238e+14
0.062	2.04466e+14
0.063	1.98883e+14
0.064	1.93432e+14
0.065	1.88166e+14
0.066	1.83036e+14
0.067	1.78054e+14
0.068	1.7323e+14
0.069	1.6852e+14
0.07	1.63971e+14
0.071	1.59535e+14
0.072	1.55228e+14
0.073	1.51057e+14
0.074	1.46981e+14
0.075	1.43046e+14
0.076	1.39207e+14
0.077	1.35478e+14
0.078	1.31869e+14
0.079	1.28339e+14
0.08	1.2493e+14
0.081	1.21606e+14
0.082	1.18372e+14
0.083	1.15246e+14
0.084	1.12185e+14
0.085	1.09227e+14
0.086	1.06348e+14
0.087	1.03539e+14
0.088	1.00828e+14
0.089	9.81743e+13
0.09	9.56022e+13
0.091	9.31082e+13
0.092	9.06658e+13
0.093	8.83101e+13
0.094	8.60094e+13
0.095	8.37682e+13
0.096	8.16047e+13
0.097	7.94823e+13
0.098	7.74287e+13
0.099	7.54352e+13
0.1	7.3481e+13
0.101	7.15979e+13
0.102	6.97573e+13
0.103	6.79619e+13
0.104	6.62312e+13
0.105	6.45315e+13
0.106	6.2884e+13
0.107	6.12891e+13
0.108	5.97212e+13
0.109	5.82093e+13
0.11	5.67367e+13
0.111	5.52924e+13
0.112	5.39032e+13
0.113	5.25421e+13
0.114	5.12134e+13
0.115	4.99347e+13
0.116	4.86766e+13
0.117	4.74548e+13
0.118	4.62759e+13
0.119	4.51134e+13
0.12	4.39898e+13
0.121	4.29014e+13
0.122	4.18278e+13
0.123	4.07939e+13
0.124	3.97883e+13
0.125	3.87971e+13
0.126	3.78451e+13
0.127	3.69155e+13
0.128	3.60005e+13
0.129	3.51231e+13
0.13	3.42636e+13
0.131	3.34188e+13
0.132	3.26096e+13
0.133	3.18148e+13
0.134	3.10346e+13
0.135	3.02877e+13
0.136	2.95528e+13
0.137	2.88318e+13
0.138	2.81421e+13
0.139	2.74627e+13
0.14	2.67959e+13
0.141	2.61586e+13
0.142	2.55307e+13
0.143	2.49135e+13
0.144	2.43243e+13
0.145	2.37443e+13
0.146	2.31726e+13
0.147	2.26273e+13
0.148	2.20917e+13
0.149	2.15619e+13
0.15	2.10567e+13
0.151	2.05624e+13
0.152	2.00713e+13
0.153	1.96024e+13
0.154	1.91466e+13
0.155	1.86916e+13
0.156	1.82555e+13
0.157	1.7835e+13
0.158	1.74141e+13
0.159	1.70077e+13
0.16	1.66193e+13
0.161	1.62308e+13
0.162	1.58516e+13
0.163	1.54918e+13
0.164	1.51343e+13
0.165	1.47805e+13
0.166	1.44457e+13
0.167	1.41173e+13
0.168	1.37882e+13
0.169	1.34749e+13
0.17	1.31731e+13
0.171	1.28688e+13
0.172	1.25743e+13
0.173	1.22954e+13
0.174	1.20161e+13
0.175	1.17395e+13
0.176	1.14793e+13
0.177	1.1224e+13
0.178	1.09663e+13
0.179	1.07207e+13
0.18	1.04866e+13
0.181	1.02496e+13
0.182	1.00171e+13
0.183	9.79924e+12
0.184	9.58358e+12
0.185	9.36553e+12
0.186	9.15913e+12
0.187	8.9624e+12
0.188	8.76206e+12
0.189	8.56519e+12
0.19	8.38175e+12
0.191	8.20065e+12
0.192	8.01597e+12
0.193	7.84044e+12
0.194	7.67524e+12
0.195	7.50721e+12
0.196	7.33914e+12
0.197	7.18289e+12
0.198	7.032e+12
0.199	6.87642e+12
0.2	6.72496e+12
0.201	6.58505e+12
0.202	6.44606e+12
0.203	6.3029e+12
0.204	6.16692e+12
0.205	6.04067e+12
0.206	5.91235e+12
0.207	5.78132e+12
0.208	5.65913e+12
0.209	5.54454e+12
0.21	5.42622e+12
0.211	5.30662e+12
0.212	5.19643e+12
0.213	5.09214e+12
0.214	4.98338e+12
0.215	4.87415e+12
0.216	4.77431e+12
0.217	4.67942e+12
0.218	4.5798e+12
0.219	4.4798e+12
0.22	4.38881e+12
0.221	4.30264e+12
0.222	4.21181e+12
0.223	4.11995e+12
0.224	4.03644e+12
0.225	3.95833e+12
0.226	3.87605e+12
0.227	3.79147e+12
0.228	3.7141e+12
0.229	3.64324e+12
0.23	3.56938e+12
0.231	3.49165e+12
0.232	3.41916e+12
0.233	3.35436e+12
0.234	3.28873e+12
0.235	3.21801e+12
0.236	3.14952e+12
0.237	3.08912e+12
0.238	3.03107e+12
0.239	2.96804e+12
0.24	2.90351e+12
0.241	2.84565e+12
0.242	2.79354e+12
0.243	2.73881e+12
0.244	2.67949e+12
0.245	2.62302e+12
0.246	2.57402e+12
0.247	2.52694e+12
0.248	2.475e+12
0.249	2.4208e+12
0.25	2.37207e+12
0.251	2.32957e+12
0.252	2.2861e+12
0.253	2.23747e+12
0.254	2.18867e+12
0.255	2.14626e+12
0.256	2.10866e+12
0.257	2.06861e+12
0.258	2.02368e+12
0.259	1.97961e+12
0.26	1.94199e+12
0.261	1.90845e+12
0.262	1.8721e+12
0.263	1.83098e+12
0.264	1.79057e+12
0.265	1.75627e+12
0.266	1.72627e+12
0.267	1.69404e+12
0.268	1.65685e+12
0.269	1.61914e+12
0.27	1.58672e+12
0.271	1.55948e+12
0.272	1.53166e+12
0.273	1.49898e+12
0.274	1.46371e+12
0.275	1.4318e+12
0.276	1.4058e+12
0.277	1.38201e+12
0.278	1.35481e+12
0.279	1.32306e+12
0.28	1.29123e+12
0.281	1.26432e+12
0.282	1.24244e+12
0.283	1.22083e+12
0.284	1.19498e+12
0.285	1.16527e+12
0.286	1.13646e+12
0.287	1.11276e+12
0.288	1.09364e+12
0.289	1.07452e+12
0.29	1.05126e+12
0.291	1.02406e+12
0.292	9.97128e+11
0.293	9.74699e+11
0.294	9.57224e+11
0.295	9.41078e+11
0.296	9.21843e+11
0.297	8.98098e+11
0.298	8.7251e+11
0.299	8.49489e+11
0.3	8.31557e+11
0.301	8.17408e+11
0.302	8.03054e+11
0.303	7.84961e+11
0.304	7.62671e+11
0.305	7.39016e+11
0.306	7.17958e+11
0.307	7.0176e+11
0.308	6.89493e+11
0.309	6.77782e+11
0.31	6.63119e+11
0.311	6.44112e+11
0.312	6.22263e+11
0.313	6.00921e+11
0.314	5.83205e+11
0.315	5.702e+11
0.316	5.60435e+11
0.317	5.50808e+11
0.318	5.38317e+11
0.319	5.2161e+11
0.32	5.01579e+11
0.321	4.80803e+11
0.322	4.62235e+11
0.323	4.47828e+11
0.324	4.37723e+11
0.325	4.30291e+11
0.326	4.22906e+11
0.327	4.13045e+11
0.328	3.9924e+11
0.329	3.81541e+11
0.33	3.6139e+11
0.331	3.41034e+11
0.332	3.22743e+11
0.333	3.0811e+11
0.334	2.97639e+11
0.335	2.90698e+11
0.336	2.85775e+11
0.337	2.80929e+11
0.338	2.74274e+11
0.339	2.64369e+11
0.34	2.50449e+11
0.341	2.32483e+11
0.342	2.1107e+11
0.343	1.87248e+11
0.344	1.62265e+11
0.345	1.37373e+11
0.346	1.13659e+11
0.347	9.19528e+10
0.348	7.27864e+10
0.349	5.64086e+10
0.35	4.28291e+10
0.351	3.188e+10
0.352	2.32787e+10
0.353	1.66851e+10
0.354	1.17457e+10
0.355	8.12554e+09
0.356	5.52681e+09
0.357	3.69795e+09
0.358	2.43508e+09
0.359	1.57878e+09
0.36	1.00825e+09
0.361	6.34487e+08
0.362	3.9359e+08
0.363	2.40761e+08
0.364	1.45275e+08
0.365	8.64959e+07
0.366	5.08312e+07
0.367	2.94929e+07
0.368	1.68995e+07
0.369	9.56561e+06
0.37	5.3498e+06
0.371	2.957e+06
0.372	1.61567e+06
0.373	872830
0.374	466310
0.375	246418
0.376	128826
0.377	66642.1
0.378	34117.8
0.379	17289.2
0.38	8673.57
0.381	4308.44
0.382	2119.36
0.383	1032.56
0.384	498.325
0.385	238.262
0.386	112.876
0.387	52.9909
0.388	24.6555
0.389	11.3707
0.39	5.19843
0.391	2.35624
0.392	1.05894
0.393	0.471932
0.394	0.208585
0.395	0.0914386
0.396	0.0397612
0.397	0.0171524
0.398	0.00734109
0.399	0.00311774
0.4	0.00131398
0.401	0.000549576
0.402	0.000228113
0.403	9.39793e-05
0.404	3.84396e-05
0.405	1.56194e-05
0.406	6.29862e-06
0.407	2.52454e-06
0.408	1.00715e-06
0.409	3.96966e-07
0.41	1.54666e-07
0.411	6.00866e-08
0.412	2.30252e-08
0.413	8.68934e-09
0.414	3.07076e-09
0.415	1.073e-09
0.416	3.64231e-10
0.417	1.59566e-10
0.418	7.24654e-11
0.419	3.41398e-11
0.42	1.01067e-11
0.421	1.21148e-12
0.422	8.59928e-13
0.423	1.20947e-11
0.424	1.59038e-11
0.425	9.41763e-12
0.426	2.87431e-12
0.427	3.66338e-12
0.428	6.11417e-12
0.429	1.158e-11
0.43	1.4927e-11
0.431	1.21909e-11
0.432	5.69185e-12
0.433	5.59135e-12
0.434	2.82016e-12
0.435	3.88267e-12
0.436	4.29341e-12
0.437	1.49883e-14
0.438	1.29178e-12
0.439	2.76621e-12
0.44	2.38027e-12
0.441	2.93488e-12
0.442	2.1479e-13
0.443	6.13445e-13
0.444	1.34893e-12
0.445	1.59987e-12
0.446	5.49475e-12
0.447	2.9795e-12
0.448	3.74784e-12
0.449	1.2341e-12
0.45	4.43852e-12
0.451	5.17663e-12
0.452	7.67348e-12
0.453	9.13649e-12
0.454	5.04875e-12
0.455	4.75717e-12
0.456	1.9115e-13
0.457	7.53531e-13
0.458	1.52656e-13
0.459	1.15008e-12
0.46	1.40269e-12
0.461	7.42792e-16
0.462	5.97575e-14
0.463	1.64674e-12
0.464	6.99999e-12
0.465	1.4887e-11
0.466	1.83779e-11
0.467	8.65901e-12
0.468	6.87134e-13
0.469	2.84673e-13
0.47	1.13925e-12
0.471	1.22603e-12
0.472	3.36639e-13
0.473	8.78495e-14
0.474	2.93309e-13
0.475	1.7543e-15
0.476	1.68348e-14
0.477	2.56633e-13
0.478	1.57537e-12
0.479	2.00072e-12
0.48	2.08865e-12
0.481	1.7193e-12
0.482	2.94508e-12
0.483	1.52088e-12
0.484	2.6443e-13
0.485	3.69049e-13
0.486	2.58954e-14
0.487	9.82436e-13
0.488	2.75966e-12
0.489	1.85588e-12
0.49	3.09799e-12
0.491	3.99037e-13
0.492	1.39361e-14
0.493	1.02812e-13
0.494	8.96552e-14
0.495	2.28638e-13
0.496	3.40311e-13
0.497	1.03257e-13
0.498	4.69958e-13
0.499	4.20136e-12
0.5	1.8183e-12
0.501	1.23468e-12
0.502	2.84324e-12
0.503	6.4825e-12
0.504	4.50508e-12
0.505	1.14123e-12
0.506	2.64743e-13
0.507	4.36482e-12
0.508	3.00497e-12
0.509	5.66148e-12
0.51	5.72778e-12
0.511	1.80811e-12
0.512	1.3165e-12
0.513	3.77805e-14
0.514	2.48646e-13
0.515	2.04375e-14
0.516	1.41792e-12
0.517	2.726e-12
0.518	6.11845e-12
0.519	4.94135e-12
0.52	3.90682e-12
0.521	1.40594e-12
0.522	1.0116e-12
0.523	3.37669e-12
0.524	2.26775e-12
0.525	2.99355e-13
0.526	2.40988e-12
0.527	5.74421e-12
0.528	2.07049e-12
0.529	1.2594e-12
0.53	1.70696e-12
0.531	4.13142e-13
0.532	1.43335e-13
0.533	7.44474e-14
0.534	1.53546e-14
0.535	1.10457e-13
0.536	6.11102e-13
0.537	5.94484e-15
0.538	1.98818e-15
0.539	2.18265e-13
0.54	1.38729e-13
0.541	1.05447e-13
0.542	1.77224e-12
0.543	8.96747e-13
0.544	1.2744e-13
0.545	1.03751e-13
0.546	9.35774e-13
0.547	7.18203e-15
0.548	2.46155e-13
0.549	1.37445e-12
0.55	1.06482e-12
0.551	2.02383e-12
0.552	4.23293e-13
0.553	9.022e-13
0.554	7.91078e-13
0.555	1.8418e-13
0.556	3.24896e-12
0.557	3.15958e-12
0.558	2.91682e-12
0.559	2.29984e-13
0.56	9.87471e-13
0.561	1.09193e-12
0.562	5.3896e-12
0.563	3.66938e-12
0.564	1.7653e-12
0.565	2.7204e-12
0.566	1.59049e-13
0.567	2.37414e-14
0.568	8.49097e-13
0.569	7.13578e-14
0.57	3.41529e-13
0.571	1.07049e-12
0.572	1.00532e-12
0.573	6.49951e-13
0.574	4.36637e-13
0.575	7.3631e-13
0.576	1.25704e-12
0.577	3.96882e-14
0.578	7.20309e-15
0.579	2.02084e-13
0.58	1.00318e-12
0.581	4.99566e-14
0.582	1.14143e-12
0.583	9.13768e-13
0.584	7.11814e-13
0.585	1.56074e-13
0.586	3.46137e-13
0.587	5.51223e-14
0.588	4.19395e-13
0.589	1.3214e-13
0.59	6.08124e-14
0.591	9.64055e-14
0.592	7.64254e-16
0.593	6.69248e-13
0.594	4.49282e-12
0.595	8.12869e-13
0.596	2.4016e-12
0.597	7.24398e-13
0.598	2.27146e-12
0.599	2.31626e-12
0.6	2.17024e-13
0.601	1.73676e-13
0.602	1.69875e-13
0.603	1.39463e-13
0.604	2.34492e-13
0.605	8.9259e-14
0.606	6.51314e-13
0.607	2.51449e-12
0.608	6.68936e-13
0.609	3.83903e-13
0.61	1.41544e-13
0.611	4.79771e-13
0.612	9.92966e-13
0.613	2.71066e-12
0.614	1.56925e-12
0.615	1.01218e-14
0.616	3.70341e-15
0.617	6.7306e-13
0.618	4.55058e-12
0.619	3.54212e-12
0.62	8.30667e-14
0.621	1.73e-14
0.622	6.85483e-15
0.623	1.55671e-13
0.624	8.33756e-14
0.625	9.95547e-15
0.626	2.07137e-14
0.627	3.10628e-13
0.628	4.02259e-15
0.629	5.95895e-13
0.63	6.06072e-14
0.631	1.21046e-13
0.632	4.34608e-13
0.633	1.03547e-12
0.634	6.95553e-13
0.635	1.05204e-12
0.636	1.81031e-12
0.637	2.45807e-12
0.638	3.18506e-13
0.639	3.69726e-13
0.64	9.05888e-13
0.641	1.53604e-12
0.642	1.2516e-12
0.643	9.30311e-13
0.644	3.66509e-13
0.645	6.44536e-13
0.646	8.12225e-13
0.647	3.1127e-14
0.648	3.6531e-13
0.649	9.47551e-15
0.65	2.00808e-13
0.651	4.64264e-13
0.652	1.6724e-13
0.653	4.27766e-15
0.654	4.67211e-14
0.655	6.71415e-15
0.656	5.47416e-13
0.657	1.00215e-14
0.658	2.98746e-13
0.659	3.30662e-13
0.66	1.22583e-13
0.661	2.66341e-12
0.662	4.54669e-13
0.663	1.32274e-13
0.664	7.66398e-13
0.665	3.39889e-13
0.666	8.07266e-13
0.667	4.63734e-14
0.668	2.1602e-13
0.669	2.56779e-13
0.67	5.86279e-15
0.671	2.32042e-13
0.672	1.32878e-12
0.673	3.09778e-13
0.674	3.15246e-14
0.675	6.66132e-14
0.676	1.19474e-14
0.677	2.5842e-13
0.678	3.24111e-13
0.679	5.88504e-13
0.68	1.09052e-14
0.681	2.95828e-14
0.682	1.91236e-13
0.683	4.08993e-13
0.684	4.54693e-14
0.685	1.02925e-12
0.686	6.10746e-14
0.687	8.32842e-14
0.688	5.91143e-14
0.689	1.39864e-15
0.69	1.4776e-14
0.691	1.49831e-12
0.692	2.45458e-14
0.693	4.9502e-14
0.694	7.36464e-13
0.695	6.47413e-13
0.696	5.21987e-12
0.697	1.64613e-12
0.698	5.74761e-13
0.699	1.18713e-13
0.7	1.84246e-13
0.701	1.63389e-13
0.702	6.29274e-15
0.703	4.46933e-14
0.704	3.74982e-13
0.705	1.13509e-13
0.706	1.69889e-14
0.707	2.8735e-13
0.708	1.15372e-15
0.709	9.87991e-14
0.71	2.66143e-14
0.711	7.80162e-14
0.712	5.29663e-13
0.713	3.83598e-13
0.714	4.91997e-13
0.715	2.16158e-14
0.716	6.03807e-13
0.717	4.63282e-13
0.718	2.05683e-12
0.719	3.4719e-13
0.72	6.05729e-14
0.721	1.15371e-13
0.722	7.43024e-14
0.723	1.5346e-14
0.724	5.39174e-13
0.725	6.19685e-13
0.726	3.67711e-13
0.727	3.5544e-12
0.728	2.52021e-12
0.729	9.08866e-13
0.73	6.0634e-13
0.731	5.93994e-14
0.732	1.09314e-12
0.733	5.36398e-14
0.734	3.8386e-13
0.735	3.12812e-13
0.736	1.73118e-13
0.737	8.26835e-15
0.738	1.32732e-13
0.739	4.38264e-15
0.74	1.48802e-13
0.741	2.31831e-15
0.742	1.09298e-13
0.743	2.02736e-12
0.744	6.57985e-13
0.745	3.72116e-13
0.746	1.04466e-14
0.747	2.81942e-14
0.748	1.66841e-13
0.749	4.86206e-13
0.75	2.16068e-13
0.751	4.47991e-14
0.752	8.72806e-15
0.753	1.97614e-13
0.754	5.71414e-14
0.755	5.99999e-14
0.756	8.87785e-15
0.757	4.9582e-15
0.758	9.44972e-16
0.759	1.35371e-15
0.76	1.03129e-12
0.761	2.24951e-12
0.762	1.52843e-12
0.763	9.60111e-13
0.764	2.1397e-12
0.765	3.88186e-12
0.766	1.14869e-12
0.767	5.08981e-14
0.768	3.23927e-14
0.769	5.01963e-13
0.77	6.13875e-13
0.771	1.52664e-13
0.772	3.15061e-13
0.773	1.62887e-12
0.774	9.95808e-13
0.775	1.06429e-13
0.776	7.42265e-15
0.777	3.33778e-14
0.778	3.2972e-14
0.779	4.52843e-13
0.78	3.41957e-13
0.781	4.8136e-13
0.782	2.29209e-13
0.783	6.08254e-14
0.784	6.86906e-14
0.785	1.68376e-14
0.786	1.85082e-13
0.787	2.88117e-13
0.788	1.68272e-13
0.789	2.74434e-13
0.79	1.93195e-13
0.791	1.87456e-13
0.792	5.8239e-15
0.793	4.32459e-13
0.794	3.16961e-14
0.795	1.26402e-14
0.796	1.75622e-14
0.797	7.72791e-13
0.798	4.39596e-15
0.799	8.4943e-14
0.8	7.26112e-13
0.801	1.17181e-13
0.802	2.01431e-14
0.803	8.6112e-13
0.804	6.73752e-13
0.805	3.07311e-14
0.806	4.01839e-13
0.807	9.78935e-14
0.808	1.04254e-12
0.809	1.18631e-12
0.81	2.43506e-13
0.811	1.63473e-13
0.812	1.76848e-13
0.813	1.99939e-13
0.814	3.43332e-13
0.815	1.07501e-12
0.816	2.28016e-12
0.817	8.38157e-13
0.818	7.34842e-14
0.819	1.21066e-15
0.82	4.55711e-13
0.821	6.35386e-13
0.822	2.43024e-13
0.823	1.302e-12
0.824	1.58962e-12
0.825	4.75277e-15
0.826	7.10408e-15
0.827	2.07785e-13
0.828	7.97304e-13
0.829	2.05988e-13
0.83	8.75487e-14
0.831	2.77845e-13
0.832	2.4724e-13
0.833	4.81879e-14
0.834	4.62328e-14
0.835	2.20668e-14
0.836	1.89843e-13
0.837	8.11039e-15
0.838	2.53959e-13
0.839	4.83082e-14
0.84	2.86011e-13
0.841	1.79335e-13
0.842	4.68681e-13
0.843	5.14703e-13
0.844	1.68025e-12
0.845	1.26551e-13
0.846	7.516e-14
0.847	1.82047e-14
0.848	8.55167e-13
0.849	1.332e-13
0.85	2.93543e-14
0.851	1.58414e-13
0.852	5.17868e-13
0.853	2.09301e-15
0.854	1.19561e-12
0.855	5.05726e-13
0.856	1.13429e-13
0.857	6.29911e-13
0.858	5.17868e-13
0.859	1.73505e-14
0.86	4.86284e-14
0.861	6.20836e-13
0.862	5.09622e-13
0.863	7.32155e-13
0.864	1.26966e-13
0.865	2.20701e-13
0.866	5.27545e-13
0.867	4.88826e-13
0.868	7.72119e-13
0.869	1.1364e-14
0.87	7.50342e-15
0.871	5.02119e-14
0.872	1.20117e-13
0.873	2.51242e-13
0.874	2.88193e-13
0.875	1.41424e-14
0.876	8.8209e-16
0.877	2.65732e-13
0.878	3.72035e-13
0.879	2.0823e-13
0.88	1.16431e-13
0.881	2.12909e-13
0.882	2.69059e-12
0.883	2.60542e-12
0.884	1.00584e-14
0.885	1.0906e-12
0.886	1.50571e-12
0.887	6.39459e-13
0.888	9.61022e-14
0.889	7.38142e-13
0.89	8.87865e-15
0.891	7.28544e-13
0.892	1.84268e-15
0.893	2.18118e-15
0.894	1.52946e-14
0.895	7.97503e-15
0.896	1.79806e-13
0.897	1.50655e-13
0.898	2.10635e-15
0.899	3.77203e-13
0.9	1.14807e-15
0.901	2.05822e-13
0.902	9.35577e-14
0.903	1.14522e-13
0.904	7.98662e-13
0.905	8.53655e-13
0.906	3.23174e-15
0.907	1.50703e-13
0.908	1.09619e-13
0.909	1.04847e-12
0.91	2.38831e-14
0.911	1.06047e-14
0.912	7.77954e-15
0.913	3.43e-13
0.914	3.52178e-13
0.915	3.10496e-14
0.916	1.39531e-13
0.917	4.22991e-13
0.918	1.75226e-14
0.919	1.98068e-14
0.92	4.75575e-13
0.921	1.88422e-13
0.922	3.36369e-13
0.923	1.72562e-12
0.924	1.31798e-12
0.925	1.7991e-13
0.926	2.06258e-14
0.927	2.1633e-13
0.928	3.3394e-13
0.929	1.55661e-13
0.93	1.98926e-15
0.931	2.14589e-13
0.932	5.76026e-14
0.933	4.35742e-15
0.934	1.77131e-14
0.935	2.39533e-13
0.936	1.44754e-14
0.937	1.84115e-14
0.938	8.72658e-13
0.939	3.76952e-14
0.94	1.74226e-13
0.941	1.27033e-13
0.942	5.04649e-13
0.943	7.93587e-13
0.944	3.06584e-15
0.945	3.61986e-14
0.946	1.36405e-12
0.947	7.68547e-13
0.948	2.54174e-13
0.949	1.29437e-12
0.95	1.06414e-13
0.951	3.43621e-13
0.952	2.31632e-12
0.953	3.06494e-12
0.954	6.43179e-13
0.955	1.57604e-12
0.956	8.39024e-13
0.957	1.75724e-13
0.958	1.9362e-12
0.959	4.5882e-13
0.96	2.46837e-15
0.961	5.5472e-14
0.962	3.85364e-14
0.963	3.88858e-13
0.964	6.00179e-15
0.965	3.29439e-15
0.966	3.30735e-15
0.967	1.53783e-12
0.968	5.89466e-13
0.969	1.9047e-13
0.97	4.66794e-13
0.971	4.81834e-13
0.972	6.02957e-13
0.973	6.77385e-14
0.974	9.96041e-14
0.975	2.06077e-15
0.976	3.55316e-13
0.977	6.21717e-13
0.978	5.60665e-13
0.979	1.31015e-12
0.98	9.56883e-13
0.981	4.82017e-13
0.982	5.84745e-13
0.983	3.93581e-14
0.984	1.05492e-13
0.985	1.41815e-14
0.986	1.88769e-13
0.987	5.86934e-13
0.988	2.28807e-13
0.989	4.53515e-13
0.99	1.06175e-13
0.991	4.56488e-13
0.992	3.16118e-13
0.993	8.27898e-14
0.994	2.81035e-15
0.995	4.63586e-13
0.996	7.99472e-14
0.997	1.92454e-15
0.998	4.00175e-13
0.999	3.86229e-13
1	0
