0	0
0.001	1.07465e+11
0.002	3.08927e+11
0.003	4.40365e+11
0.004	4.83668e+11
0.005	4.85549e+11
0.006	4.76279e+11
0.007	4.65363e+11
0.008	4.54211e+11
0.009	4.43573e+11
0.01	4.32979e+11
0.011	4.22787e+11
0.012	4.12821e+11
0.013	4.03034e+11
0.014	3.93631e+11
0.015	3.843e+11
0.016	3.7534e+11
0.017	3.66527e+11
0.018	3.5793e+11
0.019	3.4962e+11
0.02	3.41402e+11
0.021	3.33502e+11
0.022	3.2572e+11
0.023	3.18148e+11
0.024	3.10807e+11
0.025	3.03561e+11
0.026	2.96586e+11
0.027	2.89717e+11
0.028	2.83033e+11
0.029	2.76548e+11
0.03	2.70151e+11
0.031	2.63987e+11
0.032	2.57923e+11
0.033	2.52012e+11
0.034	2.46284e+11
0.035	2.40631e+11
0.036	2.35176e+11
0.037	2.29822e+11
0.038	2.24587e+11
0.039	2.19525e+11
0.04	2.14526e+11
0.041	2.09691e+11
0.042	2.04965e+11
0.043	2.00322e+11
0.044	1.95843e+11
0.045	1.91424e+11
0.046	1.8713e+11
0.047	1.82956e+11
0.048	1.78838e+11
0.049	1.74865e+11
0.05	1.70962e+11
0.051	1.67142e+11
0.052	1.6345e+11
0.053	1.59803e+11
0.054	1.56267e+11
0.055	1.52821e+11
0.056	1.49423e+11
0.057	1.46146e+11
0.058	1.42923e+11
0.059	1.39768e+11
0.06	1.3672e+11
0.061	1.33707e+11
0.062	1.30782e+11
0.063	1.27937e+11
0.064	1.25126e+11
0.065	1.22413e+11
0.066	1.19752e+11
0.067	1.17137e+11
0.068	1.14614e+11
0.069	1.12125e+11
0.07	1.09695e+11
0.071	1.07344e+11
0.072	1.05016e+11
0.073	1.02759e+11
0.074	1.00563e+11
0.075	9.83901e+10
0.076	9.62927e+10
0.077	9.42386e+10
0.078	9.22125e+10
0.079	9.02608e+10
0.08	8.83383e+10
0.081	8.6451e+10
0.082	8.46322e+10
0.083	8.28331e+10
0.084	8.10755e+10
0.085	7.93784e+10
0.086	7.76952e+10
0.087	7.60584e+10
0.088	7.44731e+10
0.089	7.28989e+10
0.09	7.1374e+10
0.091	6.9892e+10
0.092	6.84203e+10
0.093	6.69987e+10
0.094	6.56128e+10
0.095	6.4237e+10
0.096	6.29108e+10
0.097	6.16144e+10
0.098	6.03283e+10
0.099	5.90902e+10
0.1	5.78776e+10
0.101	5.6675e+10
0.102	5.55185e+10
0.103	5.43843e+10
0.104	5.32594e+10
0.105	5.21783e+10
0.106	5.11177e+10
0.107	5.0065e+10
0.108	4.90539e+10
0.109	4.80622e+10
0.11	4.70768e+10
0.111	4.61302e+10
0.112	4.52032e+10
0.113	4.42805e+10
0.114	4.33938e+10
0.115	4.25274e+10
0.116	4.16633e+10
0.117	4.08317e+10
0.118	4.00222e+10
0.119	3.92131e+10
0.12	3.84322e+10
0.121	3.76757e+10
0.122	3.69185e+10
0.123	3.61845e+10
0.124	3.54772e+10
0.125	3.47692e+10
0.126	3.40785e+10
0.127	3.34164e+10
0.128	3.27554e+10
0.129	3.21051e+10
0.13	3.14841e+10
0.131	3.08677e+10
0.132	3.02556e+10
0.133	2.96715e+10
0.134	2.90973e+10
0.135	2.85223e+10
0.136	2.79711e+10
0.137	2.7436e+10
0.138	2.68974e+10
0.139	2.63759e+10
0.14	2.58759e+10
0.141	2.53736e+10
0.142	2.48798e+10
0.143	2.44102e+10
0.144	2.39433e+10
0.145	2.34771e+10
0.146	2.30331e+10
0.147	2.25995e+10
0.148	2.21618e+10
0.149	2.17398e+10
0.15	2.13355e+10
0.151	2.09278e+10
0.152	2.05262e+10
0.153	2.01458e+10
0.154	1.97683e+10
0.155	1.93886e+10
0.156	1.90265e+10
0.157	1.86767e+10
0.158	1.83217e+10
0.159	1.79753e+10
0.16	1.76474e+10
0.161	1.73193e+10
0.162	1.69899e+10
0.163	1.66774e+10
0.164	1.63746e+10
0.165	1.60663e+10
0.166	1.57658e+10
0.167	1.54822e+10
0.168	1.51982e+10
0.169	1.49117e+10
0.17	1.46401e+10
0.171	1.43786e+10
0.172	1.41115e+10
0.173	1.3849e+10
0.174	1.36026e+10
0.175	1.33581e+10
0.176	1.31088e+10
0.177	1.28704e+10
0.178	1.26444e+10
0.179	1.24147e+10
0.18	1.21842e+10
0.181	1.19679e+10
0.182	1.17585e+10
0.183	1.1543e+10
0.184	1.13316e+10
0.185	1.11344e+10
0.186	1.09389e+10
0.187	1.07377e+10
0.188	1.05446e+10
0.189	1.03636e+10
0.19	1.01807e+10
0.191	9.99385e+09
0.192	9.8173e+09
0.193	9.65048e+09
0.194	9.47936e+09
0.195	9.3063e+09
0.196	9.14462e+09
0.197	8.99028e+09
0.198	8.83053e+09
0.199	8.67041e+09
0.2	8.52188e+09
0.201	8.37894e+09
0.202	8.23013e+09
0.203	8.08185e+09
0.204	7.94496e+09
0.205	7.81265e+09
0.206	7.67435e+09
0.207	7.53676e+09
0.208	7.41015e+09
0.209	7.28787e+09
0.21	7.15966e+09
0.211	7.03165e+09
0.212	6.91407e+09
0.213	6.80126e+09
0.214	6.6828e+09
0.215	6.56342e+09
0.216	6.45366e+09
0.217	6.3497e+09
0.218	6.24077e+09
0.219	6.12933e+09
0.22	6.02618e+09
0.221	5.93025e+09
0.222	5.83069e+09
0.223	5.72688e+09
0.224	5.62926e+09
0.225	5.5402e+09
0.226	5.44979e+09
0.227	5.35376e+09
0.228	5.26089e+09
0.229	5.17719e+09
0.23	5.09533e+09
0.231	5.00764e+09
0.232	4.91939e+09
0.233	4.83938e+09
0.234	4.76472e+09
0.235	4.68596e+09
0.236	4.60314e+09
0.237	4.52553e+09
0.238	4.45587e+09
0.239	4.38589e+09
0.24	4.31017e+09
0.241	4.23491e+09
0.242	4.16758e+09
0.243	4.10471e+09
0.244	4.03768e+09
0.245	3.96656e+09
0.246	3.89981e+09
0.247	3.8407e+09
0.248	3.78225e+09
0.249	3.71828e+09
0.25	3.65293e+09
0.251	3.59405e+09
0.252	3.5411e+09
0.253	3.48613e+09
0.254	3.42584e+09
0.255	3.36643e+09
0.256	3.31414e+09
0.257	3.26604e+09
0.258	3.21445e+09
0.259	3.15822e+09
0.26	3.10421e+09
0.261	3.05726e+09
0.262	3.01334e+09
0.263	2.96538e+09
0.264	2.91324e+09
0.265	2.86374e+09
0.266	2.82105e+09
0.267	2.78105e+09
0.268	2.73704e+09
0.269	2.68885e+09
0.27	2.64292e+09
0.271	2.60354e+09
0.272	2.56727e+09
0.273	2.52754e+09
0.274	2.48327e+09
0.275	2.4401e+09
0.276	2.40303e+09
0.277	2.37009e+09
0.278	2.33494e+09
0.279	2.29486e+09
0.28	2.25403e+09
0.281	2.21822e+09
0.282	2.18773e+09
0.283	2.15716e+09
0.284	2.12194e+09
0.285	2.08374e+09
0.286	2.04835e+09
0.287	2.01883e+09
0.288	1.99204e+09
0.289	1.96234e+09
0.29	1.92805e+09
0.291	1.89323e+09
0.292	1.86301e+09
0.293	1.8379e+09
0.294	1.81335e+09
0.295	1.78476e+09
0.296	1.75241e+09
0.297	1.72104e+09
0.298	1.69476e+09
0.299	1.67276e+09
0.3	1.65026e+09
0.301	1.62349e+09
0.302	1.59345e+09
0.303	1.5648e+09
0.304	1.54114e+09
0.305	1.5215e+09
0.306	1.5014e+09
0.307	1.4772e+09
0.308	1.44958e+09
0.309	1.42273e+09
0.31	1.40041e+09
0.311	1.38245e+09
0.312	1.36505e+09
0.313	1.34424e+09
0.314	1.31944e+09
0.315	1.29385e+09
0.316	1.27161e+09
0.317	1.25414e+09
0.318	1.23909e+09
0.319	1.22232e+09
0.32	1.20145e+09
0.321	1.1777e+09
0.322	1.15486e+09
0.323	1.13612e+09
0.324	1.12161e+09
0.325	1.10837e+09
0.326	1.0927e+09
0.327	1.073e+09
0.328	1.0509e+09
0.329	1.02996e+09
0.33	1.013e+09
0.331	1.00012e+09
0.332	9.88667e+08
0.333	9.75193e+08
0.334	9.57856e+08
0.335	9.3762e+08
0.336	9.17518e+08
0.337	9.00581e+08
0.338	8.87861e+08
0.339	8.77817e+08
0.34	8.67365e+08
0.341	8.53846e+08
0.342	8.3664e+08
0.343	8.17467e+08
0.344	7.9929e+08
0.345	7.84542e+08
0.346	7.73746e+08
0.347	7.6528e+08
0.348	7.56353e+08
0.349	7.4456e+08
0.35	7.29157e+08
0.351	7.1139e+08
0.352	6.93778e+08
0.353	6.78789e+08
0.354	6.6761e+08
0.355	6.5962e+08
0.356	6.52749e+08
0.357	6.44504e+08
0.358	6.33128e+08
0.359	6.18362e+08
0.36	6.01493e+08
0.361	5.84737e+08
0.362	5.70266e+08
0.363	5.59311e+08
0.364	5.51705e+08
0.365	5.46011e+08
0.366	5.40124e+08
0.367	5.32092e+08
0.368	5.20821e+08
0.369	5.06419e+08
0.37	4.90106e+08
0.371	4.73742e+08
0.372	4.59184e+08
0.373	4.47692e+08
0.374	4.39568e+08
0.375	4.34115e+08
0.376	4.29889e+08
0.377	4.25153e+08
0.378	4.18364e+08
0.379	4.08569e+08
0.38	3.95612e+08
0.381	3.80124e+08
0.382	3.63317e+08
0.383	3.46672e+08
0.384	3.31591e+08
0.385	3.19108e+08
0.386	3.097e+08
0.387	3.03241e+08
0.388	2.99065e+08
0.389	2.96126e+08
0.39	2.93204e+08
0.391	2.89109e+08
0.392	2.82855e+08
0.393	2.73777e+08
0.394	2.61582e+08
0.395	2.46342e+08
0.396	2.28443e+08
0.397	2.08496e+08
0.398	1.87244e+08
0.399	1.65469e+08
0.4	1.43913e+08
0.401	1.23217e+08
0.402	1.03892e+08
0.403	8.62957e+07
0.404	7.06428e+07
0.405	5.7015e+07
0.406	4.53865e+07
0.407	3.56491e+07
0.408	2.76388e+07
0.409	2.11591e+07
0.41	1.60005e+07
0.411	1.19556e+07
0.412	8.82986e+06
0.413	6.44778e+06
0.414	4.65657e+06
0.415	3.32692e+06
0.416	2.35209e+06
0.417	1.64591e+06
0.418	1.14027e+06
0.419	782265
0.42	531545
0.421	357813
0.422	238665
0.423	157768
0.424	103378
0.425	67156.9
0.426	43259.2
0.427	27635.1
0.428	17510.8
0.429	11007.2
0.43	6864.93
0.431	4248.57
0.432	2609.49
0.433	1590.84
0.434	962.751
0.435	578.45
0.436	345.09
0.437	204.439
0.438	120.283
0.439	70.2912
0.44	40.8034
0.441	23.5307
0.442	13.482
0.443	7.67536
0.444	4.34215
0.445	2.44124
0.446	1.36412
0.447	0.757647
0.448	0.418301
0.449	0.229589
0.45	0.125282
0.451	0.0679722
0.452	0.0366701
0.453	0.0196726
0.454	0.0104956
0.455	0.00556908
0.456	0.0029391
0.457	0.00154287
0.458	0.000805665
0.459	0.000418521
0.46	0.000216294
0.461	0.000111214
0.462	5.68972e-05
0.463	2.89641e-05
0.464	1.46721e-05
0.465	7.3962e-06
0.466	3.71052e-06
0.467	1.85265e-06
0.468	9.20671e-07
0.469	4.55398e-07
0.47	2.2422e-07
0.471	1.09894e-07
0.472	5.36184e-08
0.473	2.60442e-08
0.474	1.25946e-08
0.475	6.06396e-09
0.476	2.90699e-09
0.477	1.38761e-09
0.478	6.5954e-10
0.479	3.12168e-10
0.48	1.47138e-10
0.481	6.9067e-11
0.482	3.2288e-11
0.483	1.50331e-11
0.484	6.97138e-12
0.485	3.22018e-12
0.486	1.48167e-12
0.487	6.791e-13
0.488	3.1005e-13
0.489	1.4104e-13
0.49	6.39421e-14
0.491	2.88715e-14
0.492	1.29803e-14
0.493	5.81113e-15
0.494	2.59173e-15
0.495	1.1546e-15
0.496	5.11138e-16
0.497	2.25786e-16
0.498	9.96321e-17
0.499	4.38909e-17
0.5	1.93429e-17
0.501	8.74749e-18
0.502	4.13525e-18
0.503	2.14987e-18
0.504	1.21925e-18
0.505	8.16383e-19
0.506	5.67552e-19
0.507	4.10345e-19
0.508	3.83114e-19
0.509	2.86928e-19
0.51	3.44579e-19
0.511	4.14444e-19
0.512	4.71406e-19
0.513	4.82166e-19
0.514	4.46075e-19
0.515	4.68871e-19
0.516	3.66351e-19
0.517	3.63599e-19
0.518	3.49446e-19
0.519	3.73277e-19
0.52	3.60897e-19
0.521	2.96059e-19
0.522	3.48578e-19
0.523	3.47211e-19
0.524	3.47012e-19
0.525	4.72595e-19
0.526	4.82092e-19
0.527	4.49432e-19
0.528	3.92211e-19
0.529	3.05732e-19
0.53	3.25713e-19
0.531	4.12461e-19
0.532	3.85484e-19
0.533	3.47336e-19
0.534	3.90272e-19
0.535	3.91257e-19
0.536	3.94257e-19
0.537	2.96103e-19
0.538	3.38051e-19
0.539	3.89505e-19
0.54	3.74607e-19
0.541	3.81273e-19
0.542	3.01039e-19
0.543	2.82227e-19
0.544	2.70266e-19
0.545	2.53891e-19
0.546	3.134e-19
0.547	2.3428e-19
0.548	2.97696e-19
0.549	3.92543e-19
0.55	3.70433e-19
0.551	5.28638e-19
0.552	4.3073e-19
0.553	3.75678e-19
0.554	3.63606e-19
0.555	3.19319e-19
0.556	3.42134e-19
0.557	2.7046e-19
0.558	2.50597e-19
0.559	3.31395e-19
0.56	2.74383e-19
0.561	3.56894e-19
0.562	4.17249e-19
0.563	4.17928e-19
0.564	4.44437e-19
0.565	4.25939e-19
0.566	5.1414e-19
0.567	4.50946e-19
0.568	5.62834e-19
0.569	7.08668e-19
0.57	8.08991e-19
0.571	7.24286e-19
0.572	6.18714e-19
0.573	5.81509e-19
0.574	5.4752e-19
0.575	5.69267e-19
0.576	6.03244e-19
0.577	5.42259e-19
0.578	5.82383e-19
0.579	5.63652e-19
0.58	4.36722e-19
0.581	5.03942e-19
0.582	4.54802e-19
0.583	4.53515e-19
0.584	4.61044e-19
0.585	3.69683e-19
0.586	3.5036e-19
0.587	3.12893e-19
0.588	2.22912e-19
0.589	3.84098e-19
0.59	2.56928e-19
0.591	2.24938e-19
0.592	5.38658e-19
0.593	2.0937e-19
0.594	3.12485e-19
0.595	3.2993e-19
0.596	4.75041e-19
0.597	6.50838e-19
0.598	4.0607e-19
0.599	3.32168e-19
0.6	4.39209e-19
0.601	2.98726e-19
0.602	4.55854e-19
0.603	3.82042e-19
0.604	2.81637e-19
0.605	3.62186e-19
0.606	2.47423e-19
0.607	2.28519e-19
0.608	1.97248e-19
0.609	2.3158e-19
0.61	3.34562e-19
0.611	3.72727e-19
0.612	2.91317e-19
0.613	2.56209e-19
0.614	2.73992e-19
0.615	2.53372e-19
0.616	3.09337e-19
0.617	3.15676e-19
0.618	1.72663e-19
0.619	1.7047e-19
0.62	1.32758e-19
0.621	1.88783e-19
0.622	2.19039e-19
0.623	1.48056e-19
0.624	2.22987e-19
0.625	2.10418e-19
0.626	1.9847e-19
0.627	2.22207e-19
0.628	3.78099e-19
0.629	2.62847e-19
0.63	3.65731e-19
0.631	4.10565e-19
0.632	2.93174e-19
0.633	3.41911e-19
0.634	4.13271e-19
0.635	3.90092e-19
0.636	4.5445e-19
0.637	3.34979e-19
0.638	3.07529e-19
0.639	3.88186e-19
0.64	2.75751e-19
0.641	3.2638e-19
0.642	3.59182e-19
0.643	2.95206e-19
0.644	3.1694e-19
0.645	2.01975e-19
0.646	3.41525e-19
0.647	3.07462e-19
0.648	3.62045e-19
0.649	3.67886e-19
0.65	2.46569e-19
0.651	1.7597e-19
0.652	2.97473e-19
0.653	2.84066e-19
0.654	2.82793e-19
0.655	4.24235e-19
0.656	4.75969e-19
0.657	3.66053e-19
0.658	3.40751e-19
0.659	3.9879e-19
0.66	3.80566e-19
0.661	4.4174e-19
0.662	5.11457e-19
0.663	3.28663e-19
0.664	3.83955e-19
0.665	2.4921e-19
0.666	4.33909e-19
0.667	5.30986e-19
0.668	2.54499e-19
0.669	2.44011e-19
0.67	2.07667e-19
0.671	1.78254e-19
0.672	2.98331e-19
0.673	2.02252e-19
0.674	2.78948e-19
0.675	3.56903e-19
0.676	1.98644e-19
0.677	3.11274e-19
0.678	2.29977e-19
0.679	1.65979e-19
0.68	2.51875e-19
0.681	2.06863e-19
0.682	3.46778e-19
0.683	3.42843e-19
0.684	2.70475e-19
0.685	3.08769e-19
0.686	2.04306e-19
0.687	3.17433e-19
0.688	3.07455e-19
0.689	2.6258e-19
0.69	3.0779e-19
0.691	3.00976e-19
0.692	2.41105e-19
0.693	3.00327e-19
0.694	2.31302e-19
0.695	2.26411e-19
0.696	1.92793e-19
0.697	1.02229e-19
0.698	2.19491e-19
0.699	1.44162e-19
0.7	1.75633e-19
0.701	2.60181e-19
0.702	2.94468e-19
0.703	2.62562e-19
0.704	2.19273e-19
0.705	1.58775e-19
0.706	1.97009e-19
0.707	2.83074e-19
0.708	1.63173e-19
0.709	2.55921e-19
0.71	1.94776e-19
0.711	2.38631e-19
0.712	3.94871e-19
0.713	2.87121e-19
0.714	2.85254e-19
0.715	2.02745e-19
0.716	1.69173e-19
0.717	2.49467e-19
0.718	1.95832e-19
0.719	1.94698e-19
0.72	2.09914e-19
0.721	2.00749e-19
0.722	3.21155e-19
0.723	2.59528e-19
0.724	1.69583e-19
0.725	2.31563e-19
0.726	2.24661e-19
0.727	1.3296e-19
0.728	2.50871e-19
0.729	2.26016e-19
0.73	3.56957e-19
0.731	3.82798e-19
0.732	2.9977e-19
0.733	2.10314e-19
0.734	1.21995e-19
0.735	1.54063e-19
0.736	2.03851e-19
0.737	1.9307e-19
0.738	1.9657e-19
0.739	2.67983e-19
0.74	2.03846e-19
0.741	1.96802e-19
0.742	1.92683e-19
0.743	1.88886e-19
0.744	1.42326e-19
0.745	1.6811e-19
0.746	1.75254e-19
0.747	1.54358e-19
0.748	1.92898e-19
0.749	2.2284e-19
0.75	1.236e-19
0.751	1.68356e-19
0.752	1.97004e-19
0.753	1.47865e-19
0.754	2.16514e-19
0.755	2.1462e-19
0.756	2.7907e-19
0.757	3.27647e-19
0.758	2.12857e-19
0.759	2.13351e-19
0.76	3.05684e-19
0.761	1.97241e-19
0.762	2.56559e-19
0.763	2.83258e-19
0.764	2.90418e-19
0.765	2.36109e-19
0.766	2.45332e-19
0.767	2.11701e-19
0.768	2.14959e-19
0.769	2.03221e-19
0.77	1.61673e-19
0.771	1.85439e-19
0.772	2.03029e-19
0.773	2.3608e-19
0.774	2.55297e-19
0.775	3.3463e-19
0.776	2.58341e-19
0.777	1.77833e-19
0.778	1.39942e-19
0.779	1.49298e-19
0.78	1.38173e-19
0.781	1.92971e-19
0.782	1.92403e-19
0.783	2.17621e-19
0.784	2.23227e-19
0.785	1.94567e-19
0.786	1.79377e-19
0.787	1.39655e-19
0.788	1.20015e-19
0.789	9.77551e-20
0.79	1.49924e-19
0.791	1.43888e-19
0.792	1.41291e-19
0.793	2.40527e-19
0.794	1.71133e-19
0.795	2.56053e-19
0.796	2.48643e-19
0.797	2.27822e-19
0.798	3.10968e-19
0.799	2.53224e-19
0.8	2.51203e-19
0.801	3.58101e-19
0.802	2.4995e-19
0.803	2.67575e-19
0.804	2.67803e-19
0.805	3.29279e-19
0.806	3.13498e-19
0.807	2.82251e-19
0.808	2.63664e-19
0.809	2.57325e-19
0.81	2.78809e-19
0.811	3.40324e-19
0.812	3.55547e-19
0.813	2.93488e-19
0.814	2.21559e-19
0.815	2.57958e-19
0.816	1.4877e-19
0.817	2.38061e-19
0.818	2.68639e-19
0.819	1.89015e-19
0.82	2.09096e-19
0.821	2.40121e-19
0.822	1.62464e-19
0.823	4.03806e-19
0.824	2.65844e-19
0.825	2.12153e-19
0.826	2.78407e-19
0.827	1.69275e-19
0.828	1.42906e-19
0.829	2.41553e-19
0.83	1.69632e-19
0.831	3.68397e-19
0.832	4.14679e-19
0.833	1.98312e-19
0.834	1.79796e-19
0.835	2.15025e-19
0.836	1.5197e-19
0.837	1.31884e-19
0.838	1.57606e-19
0.839	2.34043e-19
0.84	3.22996e-19
0.841	2.35191e-19
0.842	2.9032e-19
0.843	1.83037e-19
0.844	2.40842e-19
0.845	2.94656e-19
0.846	1.76063e-19
0.847	2.33981e-19
0.848	2.72303e-19
0.849	2.07649e-19
0.85	2.18049e-19
0.851	1.51683e-19
0.852	1.92961e-19
0.853	2.23701e-19
0.854	2.63369e-19
0.855	2.25391e-19
0.856	1.82171e-19
0.857	1.78484e-19
0.858	1.56426e-19
0.859	1.66483e-19
0.86	1.73746e-19
0.861	1.60479e-19
0.862	1.59639e-19
0.863	1.52648e-19
0.864	1.32291e-19
0.865	2.42621e-19
0.866	1.95973e-19
0.867	2.30993e-19
0.868	2.27033e-19
0.869	1.85568e-19
0.87	2.42751e-19
0.871	1.77554e-19
0.872	1.31998e-19
0.873	2.39538e-19
0.874	2.01831e-19
0.875	1.90608e-19
0.876	1.64343e-19
0.877	1.2049e-19
0.878	2.46301e-19
0.879	2.32923e-19
0.88	1.63939e-19
0.881	2.86084e-19
0.882	1.92692e-19
0.883	2.14111e-19
0.884	2.71252e-19
0.885	1.6574e-19
0.886	2.63556e-19
0.887	3.36798e-19
0.888	1.94986e-19
0.889	2.12798e-19
0.89	2.5212e-19
0.891	2.17377e-19
0.892	2.7262e-19
0.893	3.0428e-19
0.894	1.88873e-19
0.895	2.77718e-19
0.896	2.30349e-19
0.897	2.24269e-19
0.898	2.32608e-19
0.899	2.79165e-19
0.9	1.57012e-19
0.901	1.66427e-19
0.902	2.83405e-19
0.903	1.27871e-19
0.904	1.91345e-19
0.905	2.69006e-19
0.906	1.57218e-19
0.907	3.03834e-19
0.908	1.73575e-19
0.909	1.42447e-19
0.91	3.3203e-19
0.911	1.99997e-19
0.912	1.5933e-19
0.913	2.49666e-19
0.914	2.46183e-19
0.915	2.83685e-19
0.916	3.15912e-19
0.917	2.99177e-19
0.918	2.84692e-19
0.919	3.16223e-19
0.92	3.46829e-19
0.921	2.40801e-19
0.922	3.82261e-19
0.923	3.10539e-19
0.924	2.49945e-19
0.925	3.17491e-19
0.926	1.53432e-19
0.927	2.81343e-19
0.928	3.51266e-19
0.929	2.03281e-19
0.93	3.3323e-19
0.931	2.81884e-19
0.932	1.69393e-19
0.933	4.03036e-19
0.934	3.7666e-19
0.935	2.54486e-19
0.936	4.76884e-19
0.937	3.38416e-19
0.938	3.18692e-19
0.939	3.76933e-19
0.94	2.05377e-19
0.941	4.09038e-19
0.942	3.4405e-19
0.943	1.86154e-19
0.944	2.69857e-19
0.945	2.13309e-19
0.946	2.21023e-19
0.947	2.80962e-19
0.948	2.10494e-19
0.949	2.09818e-19
0.95	3.22614e-19
0.951	2.34642e-19
0.952	3.16546e-19
0.953	2.99953e-19
0.954	2.33535e-19
0.955	2.01042e-19
0.956	2.78455e-19
0.957	2.48173e-19
0.958	1.81204e-19
0.959	4.46372e-19
0.96	2.39321e-19
0.961	1.78261e-19
0.962	3.94552e-19
0.963	2.47506e-19
0.964	1.91546e-19
0.965	5.56282e-19
0.966	1.75572e-19
0.967	2.27938e-19
0.968	5.16159e-19
0.969	2.28254e-19
0.97	3.76849e-19
0.971	5.54076e-19
0.972	2.51963e-19
0.973	4.47396e-19
0.974	5.31667e-19
0.975	2.7457e-19
0.976	5.68859e-19
0.977	3.94713e-19
0.978	5.53449e-19
0.979	4.70471e-19
0.98	2.89985e-19
0.981	4.80296e-19
0.982	5.77894e-19
0.983	2.55808e-19
0.984	4.64746e-19
0.985	3.1782e-19
0.986	1.35908e-19
0.987	5.54136e-19
0.988	2.7704e-19
0.989	1.34938e-19
0.99	4.91947e-19
0.991	1.8849e-19
0.992	1.9868e-19
0.993	4.92841e-19
0.994	1.9202e-19
0.995	1.92058e-19
0.996	5.87952e-19
0.997	1.59853e-19
0.998	1.95653e-19
0.999	2.14045e-19
1	0
