0	0
0.001	2.33013e+17
0.002	6.35984e+17
0.003	8.44878e+17
0.004	8.31199e+17
0.005	7.21916e+17
0.006	6.07092e+17
0.007	5.14028e+17
0.008	4.41737e+17
0.009	3.84436e+17
0.01	3.37893e+17
0.011	2.99479e+17
0.012	2.67372e+17
0.013	2.40244e+17
0.014	2.17085e+17
0.015	1.97146e+17
0.016	1.79836e+17
0.017	1.6471e+17
0.018	1.51402e+17
0.019	1.39631e+17
0.02	1.29159e+17
0.021	1.19803e+17
0.022	1.11402e+17
0.023	1.03833e+17
0.024	9.69822e+16
0.025	9.0765e+16
0.026	8.51001e+16
0.027	7.99267e+16
0.028	7.51854e+16
0.029	7.08314e+16
0.03	6.68212e+16
0.031	6.31203e+16
0.032	5.96971e+16
0.033	5.65237e+16
0.034	5.35775e+16
0.035	5.08353e+16
0.036	4.82811e+16
0.037	4.58952e+16
0.038	4.36663e+16
0.039	4.15778e+16
0.04	3.96211e+16
0.041	3.7783e+16
0.042	3.60559e+16
0.043	3.44303e+16
0.044	3.28986e+16
0.045	3.14544e+16
0.046	3.009e+16
0.047	2.88017e+16
0.048	2.75817e+16
0.049	2.64279e+16
0.05	2.53335e+16
0.051	2.42962e+16
0.052	2.33115e+16
0.053	2.23759e+16
0.054	2.14872e+16
0.055	2.0641e+16
0.056	1.98366e+16
0.057	1.90695e+16
0.058	1.83392e+16
0.059	1.76424e+16
0.06	1.69775e+16
0.061	1.63433e+16
0.062	1.57368e+16
0.063	1.51581e+16
0.064	1.46039e+16
0.065	1.40746e+16
0.066	1.35677e+16
0.067	1.30823e+16
0.068	1.26179e+16
0.069	1.21721e+16
0.07	1.17458e+16
0.071	1.13362e+16
0.072	1.09437e+16
0.073	1.05671e+16
0.074	1.02051e+16
0.075	9.85828e+15
0.076	9.52433e+15
0.077	9.20403e+15
0.078	8.89602e+15
0.079	8.59958e+15
0.08	8.31517e+15
0.081	8.04077e+15
0.082	7.77739e+15
0.083	7.5236e+15
0.084	7.27909e+15
0.085	7.04422e+15
0.086	6.81723e+15
0.087	6.59918e+15
0.088	6.38879e+15
0.089	6.18579e+15
0.09	5.99067e+15
0.091	5.80181e+15
0.092	5.62019e+15
0.093	5.44486e+15
0.094	5.27535e+15
0.095	5.1124e+15
0.096	4.95449e+15
0.097	4.80236e+15
0.098	4.65559e+15
0.099	4.51333e+15
0.1	4.37656e+15
0.101	4.24399e+15
0.102	4.1159e+15
0.103	3.99253e+15
0.104	3.87266e+15
0.105	3.75726e+15
0.106	3.64561e+15
0.107	3.53728e+15
0.108	3.43309e+15
0.109	3.33183e+15
0.11	3.23395e+15
0.111	3.1396e+15
0.112	3.04773e+15
0.113	2.95922e+15
0.114	2.87355e+15
0.115	2.7902e+15
0.116	2.71004e+15
0.117	2.6321e+15
0.118	2.5565e+15
0.119	2.48374e+15
0.12	2.41276e+15
0.121	2.34416e+15
0.122	2.27797e+15
0.123	2.21331e+15
0.124	2.151e+15
0.125	2.09067e+15
0.126	2.03175e+15
0.127	1.97509e+15
0.128	1.92002e+15
0.129	1.86632e+15
0.13	1.81473e+15
0.131	1.7644e+15
0.132	1.71543e+15
0.133	1.66838e+15
0.134	1.62237e+15
0.135	1.57768e+15
0.136	1.53472e+15
0.137	1.49262e+15
0.138	1.4518e+15
0.139	1.41253e+15
0.14	1.37399e+15
0.141	1.33667e+15
0.142	1.30075e+15
0.143	1.26545e+15
0.144	1.2313e+15
0.145	1.19842e+15
0.146	1.16607e+15
0.147	1.13477e+15
0.148	1.10466e+15
0.149	1.075e+15
0.15	1.04629e+15
0.151	1.0187e+15
0.152	9.91509e+14
0.153	9.6513e+14
0.154	9.39832e+14
0.155	9.14905e+14
0.156	8.90643e+14
0.157	8.67427e+14
0.158	8.44583e+14
0.159	8.22244e+14
0.16	8.0091e+14
0.161	7.79986e+14
0.162	7.59408e+14
0.163	7.39763e+14
0.164	7.20609e+14
0.165	7.01662e+14
0.166	6.83524e+14
0.167	6.65989e+14
0.168	6.48571e+14
0.169	6.31783e+14
0.17	6.15703e+14
0.171	5.99738e+14
0.172	5.84173e+14
0.173	5.69371e+14
0.174	5.54783e+14
0.175	5.40368e+14
0.176	5.26661e+14
0.177	5.1335e+14
0.178	5.00064e+14
0.179	4.87297e+14
0.18	4.75109e+14
0.181	4.62955e+14
0.182	4.51045e+14
0.183	4.39782e+14
0.184	4.28729e+14
0.185	4.17688e+14
0.186	4.07159e+14
0.187	3.97085e+14
0.188	3.8698e+14
0.189	3.77093e+14
0.19	3.6778e+14
0.191	3.58631e+14
0.192	3.49442e+14
0.193	3.40678e+14
0.194	3.32351e+14
0.195	3.23987e+14
0.196	3.15717e+14
0.197	3.07953e+14
0.198	3.00423e+14
0.199	2.9279e+14
0.2	2.85403e+14
0.201	2.78488e+14
0.202	2.71634e+14
0.203	2.64704e+14
0.204	2.58122e+14
0.205	2.51923e+14
0.206	2.45675e+14
0.207	2.39408e+14
0.208	2.33534e+14
0.209	2.27953e+14
0.21	2.22265e+14
0.211	2.16607e+14
0.212	2.11347e+14
0.213	2.06314e+14
0.214	2.01149e+14
0.215	1.96034e+14
0.216	1.91306e+14
0.217	1.86771e+14
0.218	1.82094e+14
0.219	1.77456e+14
0.22	1.73185e+14
0.221	1.69109e+14
0.222	1.64891e+14
0.223	1.60672e+14
0.224	1.56788e+14
0.225	1.53129e+14
0.226	1.4935e+14
0.227	1.45506e+14
0.228	1.41941e+14
0.229	1.38651e+14
0.23	1.35295e+14
0.231	1.31806e+14
0.232	1.285e+14
0.233	1.25512e+14
0.234	1.22558e+14
0.235	1.19432e+14
0.236	1.16352e+14
0.237	1.13577e+14
0.238	1.10973e+14
0.239	1.08238e+14
0.24	1.05399e+14
0.241	1.02758e+14
0.242	1.00399e+14
0.243	9.80534e+13
0.244	9.5532e+13
0.245	9.30132e+13
0.246	9.07582e+13
0.247	8.8708e+13
0.248	8.65778e+13
0.249	8.42852e+13
0.25	8.20652e+13
0.251	8.01178e+13
0.252	7.83182e+13
0.253	7.64008e+13
0.254	7.43356e+13
0.255	7.23622e+13
0.256	7.0652e+13
0.257	6.90754e+13
0.258	6.73817e+13
0.259	6.55334e+13
0.26	6.37481e+13
0.261	6.22099e+13
0.262	6.08338e+13
0.263	5.93788e+13
0.264	5.775e+13
0.265	5.61097e+13
0.266	5.46733e+13
0.267	5.34506e+13
0.268	5.22388e+13
0.269	5.08624e+13
0.27	4.93708e+13
0.271	4.7976e+13
0.272	4.68124e+13
0.273	4.57927e+13
0.274	4.47066e+13
0.275	4.34457e+13
0.276	4.21116e+13
0.277	4.09051e+13
0.278	3.99217e+13
0.279	3.90603e+13
0.28	3.81266e+13
0.281	3.70202e+13
0.282	3.5824e+13
0.283	3.47218e+13
0.284	3.38297e+13
0.285	3.30956e+13
0.286	3.23501e+13
0.287	3.14528e+13
0.288	3.04072e+13
0.289	2.93516e+13
0.29	2.84444e+13
0.291	2.774e+13
0.292	2.71522e+13
0.293	2.65225e+13
0.294	2.57373e+13
0.295	2.48056e+13
0.296	2.38468e+13
0.297	2.30059e+13
0.298	2.23581e+13
0.299	2.1864e+13
0.3	2.13992e+13
0.301	2.08321e+13
0.302	2.01006e+13
0.303	1.92425e+13
0.304	1.83696e+13
0.305	1.7605e+13
0.306	1.70192e+13
0.307	1.65992e+13
0.308	1.62589e+13
0.309	1.58826e+13
0.31	1.53773e+13
0.311	1.47094e+13
0.312	1.39142e+13
0.313	1.30769e+13
0.314	1.22974e+13
0.315	1.1655e+13
0.316	1.1183e+13
0.317	1.08629e+13
0.318	1.06338e+13
0.319	1.04131e+13
0.32	1.01201e+13
0.321	9.69418e+12
0.322	9.10616e+12
0.323	8.35958e+12
0.324	7.4852e+12
0.325	6.53111e+12
0.326	5.55183e+12
0.327	4.59887e+12
0.328	3.71405e+12
0.329	2.92627e+12
0.33	2.25098e+12
0.331	1.69182e+12
0.332	1.24336e+12
0.333	8.94179e+11
0.334	6.29725e+11
0.335	4.34586e+11
0.336	2.9409e+11
0.337	1.95269e+11
0.338	1.27288e+11
0.339	8.15029e+10
0.34	5.12883e+10
0.341	3.17344e+10
0.342	1.93155e+10
0.343	1.15699e+10
0.344	6.82308e+09
0.345	3.96296e+09
0.346	2.2678e+09
0.347	1.27904e+09
0.348	7.11208e+08
0.349	3.90011e+08
0.35	2.10985e+08
0.351	1.12626e+08
0.352	5.93415e+07
0.353	3.08685e+07
0.354	1.58568e+07
0.355	8.04561e+06
0.356	4.03312e+06
0.357	1.99781e+06
0.358	978106
0.359	473392
0.36	226538
0.361	107207
0.362	50181.5
0.363	23236.7
0.364	10646
0.365	4826.62
0.366	2165.78
0.367	961.971
0.368	423.006
0.369	184.173
0.37	79.4072
0.371	33.908
0.372	14.3419
0.373	6.0093
0.374	2.49464
0.375	1.02614
0.376	0.418278
0.377	0.168979
0.378	0.0676631
0.379	0.0268576
0.38	0.0105686
0.381	0.00412332
0.382	0.00159506
0.383	0.000611842
0.384	0.000232738
0.385	8.78077e-05
0.386	3.28525e-05
0.387	1.21981e-05
0.388	4.49393e-06
0.389	1.64429e-06
0.39	5.9751e-07
0.391	2.15516e-07
0.392	7.73982e-08
0.393	2.77691e-08
0.394	9.97687e-09
0.395	3.6163e-09
0.396	1.33271e-09
0.397	4.94652e-10
0.398	1.79587e-10
0.399	6.0747e-11
0.4	1.63248e-11
0.401	1.36087e-12
0.402	1.67602e-13
0.403	9.62775e-13
0.404	1.85781e-12
0.405	3.19366e-12
0.406	3.48693e-12
0.407	3.94367e-12
0.408	4.95676e-12
0.409	2.07407e-12
0.41	1.47164e-12
0.411	3.92022e-13
0.412	8.75573e-13
0.413	1.54945e-12
0.414	3.70272e-12
0.415	6.26972e-12
0.416	5.53902e-12
0.417	3.56609e-12
0.418	2.28543e-12
0.419	5.68416e-13
0.42	7.24093e-13
0.421	9.3453e-13
0.422	9.39188e-13
0.423	8.92106e-13
0.424	1.79701e-12
0.425	2.97234e-12
0.426	2.08181e-12
0.427	3.51034e-12
0.428	3.13677e-12
0.429	1.37088e-12
0.43	1.21727e-12
0.431	6.3958e-13
0.432	1.14031e-12
0.433	7.8169e-13
0.434	4.16545e-13
0.435	4.68982e-14
0.436	7.00467e-14
0.437	2.24557e-13
0.438	5.78595e-13
0.439	3.974e-14
0.44	3.42681e-14
0.441	2.86307e-14
0.442	3.21526e-13
0.443	6.81649e-13
0.444	8.30325e-14
0.445	2.50869e-13
0.446	7.27211e-14
0.447	4.22248e-13
0.448	1.14636e-13
0.449	5.35631e-14
0.45	1.64278e-13
0.451	3.23144e-13
0.452	1.2599e-13
0.453	3.67455e-13
0.454	8.59018e-14
0.455	2.48667e-13
0.456	3.78451e-14
0.457	1.47309e-13
0.458	1.73902e-13
0.459	3.06739e-13
0.46	3.99378e-13
0.461	2.62863e-13
0.462	3.8428e-13
0.463	3.88867e-13
0.464	2.81022e-13
0.465	6.73385e-14
0.466	5.5168e-14
0.467	8.943e-14
0.468	4.9808e-14
0.469	5.39859e-14
0.47	8.58878e-14
0.471	3.88158e-14
0.472	9.13869e-14
0.473	1.60646e-13
0.474	2.9999e-13
0.475	2.5167e-13
0.476	4.60371e-13
0.477	6.0097e-13
0.478	4.80437e-13
0.479	6.25722e-13
0.48	2.10912e-13
0.481	1.72763e-13
0.482	7.72637e-14
0.483	9.12724e-14
0.484	6.88335e-14
0.485	4.15417e-14
0.486	6.0393e-13
0.487	6.7947e-13
0.488	9.02732e-13
0.489	1.24418e-12
0.49	1.00852e-12
0.491	5.46349e-13
0.492	2.09577e-13
0.493	3.97482e-13
0.494	1.00705e-12
0.495	8.23055e-13
0.496	3.77191e-13
0.497	1.89273e-13
0.498	4.1744e-14
0.499	9.84701e-14
0.5	1.10504e-13
0.501	3.01593e-13
0.502	3.87395e-14
0.503	1.63555e-13
0.504	1.40336e-13
0.505	3.11256e-13
0.506	7.00311e-14
0.507	6.78854e-14
0.508	9.14049e-14
0.509	3.44097e-14
0.51	4.49498e-14
0.511	1.54492e-13
0.512	5.69836e-13
0.513	3.46426e-13
0.514	3.23092e-13
0.515	1.44881e-13
0.516	3.25325e-13
0.517	1.06504e-13
0.518	1.62288e-13
0.519	1.0622e-13
0.52	3.48627e-13
0.521	4.16714e-13
0.522	8.05187e-13
0.523	1.43117e-12
0.524	1.22916e-12
0.525	2.31485e-12
0.526	5.09491e-13
0.527	4.91511e-13
0.528	7.09514e-14
0.529	6.72522e-14
0.53	2.0345e-13
0.531	1.87548e-13
0.532	2.49769e-13
0.533	1.39263e-13
0.534	7.52673e-14
0.535	8.05834e-14
0.536	9.35412e-14
0.537	2.40126e-13
0.538	1.83265e-13
0.539	6.144e-13
0.54	8.67547e-13
0.541	8.61434e-14
0.542	3.79494e-14
0.543	8.17226e-14
0.544	1.9591e-13
0.545	5.20934e-13
0.546	1.03138e-13
0.547	1.31665e-13
0.548	6.94894e-14
0.549	2.36386e-13
0.55	1.15142e-13
0.551	2.15905e-13
0.552	2.10927e-13
0.553	8.6489e-14
0.554	7.3569e-14
0.555	4.29816e-13
0.556	5.74439e-13
0.557	2.3096e-13
0.558	2.92719e-13
0.559	1.87526e-13
0.56	7.64593e-14
0.561	1.19059e-13
0.562	1.92284e-13
0.563	2.57562e-13
0.564	4.14531e-13
0.565	2.43591e-13
0.566	1.07052e-13
0.567	6.26611e-14
0.568	2.12358e-13
0.569	4.04486e-13
0.57	3.76384e-13
0.571	4.40274e-13
0.572	2.8678e-13
0.573	4.95202e-14
0.574	1.19656e-13
0.575	1.64098e-13
0.576	2.77243e-13
0.577	4.21524e-13
0.578	8.89034e-13
0.579	3.42264e-13
0.58	1.16042e-13
0.581	3.34237e-14
0.582	3.8562e-14
0.583	1.80583e-13
0.584	1.476e-13
0.585	1.28418e-13
0.586	4.41397e-13
0.587	6.18465e-14
0.588	1.18354e-13
0.589	1.81761e-13
0.59	1.56536e-13
0.591	6.14325e-14
0.592	9.39149e-14
0.593	2.20907e-13
0.594	4.4561e-13
0.595	1.1216e-13
0.596	8.07579e-14
0.597	1.73279e-13
0.598	8.02797e-14
0.599	2.32067e-13
0.6	5.58854e-14
0.601	1.23121e-13
0.602	4.20371e-14
0.603	3.82171e-14
0.604	2.53941e-13
0.605	1.49476e-13
0.606	4.16485e-14
0.607	4.2954e-14
0.608	8.67934e-14
0.609	1.49268e-13
0.61	9.80372e-14
0.611	4.04397e-13
0.612	6.49107e-14
0.613	8.03739e-14
0.614	1.2409e-13
0.615	6.81853e-14
0.616	6.96205e-14
0.617	7.59441e-14
0.618	1.74877e-13
0.619	1.07879e-13
0.62	1.2234e-13
0.621	1.09209e-13
0.622	8.03156e-14
0.623	8.77527e-14
0.624	1.25975e-13
0.625	2.06108e-13
0.626	1.99064e-13
0.627	1.30228e-13
0.628	1.24881e-13
0.629	1.58541e-13
0.63	9.97073e-14
0.631	1.03945e-13
0.632	2.16401e-13
0.633	9.31348e-14
0.634	4.13349e-14
0.635	1.02434e-13
0.636	3.53265e-14
0.637	1.01192e-13
0.638	9.43009e-14
0.639	1.03905e-13
0.64	1.3505e-13
0.641	1.32274e-13
0.642	6.69184e-14
0.643	1.08229e-13
0.644	4.5401e-14
0.645	1.17897e-13
0.646	2.25715e-13
0.647	4.21178e-14
0.648	1.11214e-13
0.649	2.10648e-13
0.65	6.95218e-14
0.651	3.04666e-14
0.652	7.97929e-14
0.653	2.02155e-13
0.654	3.87843e-13
0.655	2.04249e-13
0.656	2.67757e-13
0.657	2.98687e-13
0.658	2.16075e-13
0.659	6.82596e-14
0.66	3.31785e-14
0.661	4.22981e-14
0.662	1.38293e-13
0.663	1.35488e-13
0.664	3.09918e-13
0.665	1.44907e-13
0.666	1.13139e-13
0.667	2.10404e-13
0.668	3.97413e-14
0.669	2.2754e-13
0.67	4.26987e-14
0.671	6.74821e-14
0.672	4.4896e-14
0.673	1.49137e-13
0.674	1.183e-13
0.675	1.67148e-13
0.676	1.594e-13
0.677	2.40055e-13
0.678	5.48146e-14
0.679	5.16207e-14
0.68	1.12267e-13
0.681	2.53271e-14
0.682	9.08191e-14
0.683	4.2983e-14
0.684	7.91803e-14
0.685	1.15589e-13
0.686	3.37956e-13
0.687	3.11775e-13
0.688	2.32379e-13
0.689	1.60246e-13
0.69	1.16972e-13
0.691	6.41816e-14
0.692	3.13612e-13
0.693	1.30864e-13
0.694	3.05926e-13
0.695	2.15556e-13
0.696	1.82704e-13
0.697	7.08425e-14
0.698	4.42465e-14
0.699	9.80984e-14
0.7	5.44783e-14
0.701	4.98026e-14
0.702	4.21041e-14
0.703	1.37034e-13
0.704	3.61492e-14
0.705	1.93973e-13
0.706	6.07568e-14
0.707	1.48258e-13
0.708	1.76225e-13
0.709	1.19867e-13
0.71	8.32788e-14
0.711	2.77766e-13
0.712	7.70664e-14
0.713	9.71359e-14
0.714	9.27042e-14
0.715	1.16686e-13
0.716	1.86549e-13
0.717	2.23439e-13
0.718	1.66183e-13
0.719	1.67764e-13
0.72	3.65427e-13
0.721	2.83337e-13
0.722	1.07357e-13
0.723	6.02075e-14
0.724	7.9316e-14
0.725	1.55845e-13
0.726	5.14798e-14
0.727	1.75005e-13
0.728	6.94976e-14
0.729	3.12417e-14
0.73	1.47583e-13
0.731	1.89007e-13
0.732	2.09784e-13
0.733	7.99024e-14
0.734	1.39095e-13
0.735	1.12352e-13
0.736	3.50739e-13
0.737	2.42223e-13
0.738	3.31882e-13
0.739	2.88186e-13
0.74	2.96201e-13
0.741	1.31452e-13
0.742	6.77753e-14
0.743	1.42235e-13
0.744	8.65936e-14
0.745	3.36689e-13
0.746	2.42343e-13
0.747	2.04577e-13
0.748	3.602e-13
0.749	5.09847e-13
0.75	4.40219e-13
0.751	4.12988e-13
0.752	3.28606e-13
0.753	3.0295e-13
0.754	4.67659e-13
0.755	1.85019e-13
0.756	1.55019e-13
0.757	3.55155e-14
0.758	8.92004e-14
0.759	7.48992e-14
0.76	1.26251e-13
0.761	2.60971e-13
0.762	3.96103e-13
0.763	1.56813e-13
0.764	1.16913e-13
0.765	2.45125e-13
0.766	2.74105e-13
0.767	1.79991e-13
0.768	9.75243e-14
0.769	2.91328e-14
0.77	8.9616e-14
0.771	4.7173e-14
0.772	5.16928e-14
0.773	5.3948e-14
0.774	8.84653e-14
0.775	1.616e-13
0.776	3.8935e-13
0.777	1.676e-13
0.778	1.35785e-13
0.779	1.24531e-13
0.78	1.60585e-13
0.781	2.05386e-13
0.782	7.652e-14
0.783	1.21424e-13
0.784	1.50466e-13
0.785	6.75315e-14
0.786	2.73502e-13
0.787	2.51614e-13
0.788	1.53835e-13
0.789	1.88103e-13
0.79	2.81117e-13
0.791	3.99197e-14
0.792	1.59902e-13
0.793	1.3809e-13
0.794	1.53255e-13
0.795	1.34634e-13
0.796	1.00763e-13
0.797	1.16946e-13
0.798	2.27435e-13
0.799	2.06901e-13
0.8	3.25544e-13
0.801	3.01431e-13
0.802	2.01005e-13
0.803	1.02416e-13
0.804	1.22618e-13
0.805	4.78322e-14
0.806	5.82908e-14
0.807	9.64786e-14
0.808	9.52493e-14
0.809	6.42009e-14
0.81	6.74393e-14
0.811	1.17106e-13
0.812	1.51012e-13
0.813	1.39598e-13
0.814	1.29629e-13
0.815	1.53613e-13
0.816	1.44382e-13
0.817	2.33638e-13
0.818	3.74909e-13
0.819	2.45137e-13
0.82	1.82846e-13
0.821	2.41463e-13
0.822	2.33797e-13
0.823	1.32386e-13
0.824	6.56682e-14
0.825	9.62049e-14
0.826	1.40802e-13
0.827	8.46306e-14
0.828	1.26108e-13
0.829	1.13589e-13
0.83	9.99801e-14
0.831	1.73613e-13
0.832	1.78832e-13
0.833	1.53916e-13
0.834	1.55038e-13
0.835	8.04125e-14
0.836	2.62766e-13
0.837	2.05035e-13
0.838	1.57406e-13
0.839	1.67091e-13
0.84	6.29511e-14
0.841	1.61218e-13
0.842	8.58031e-14
0.843	2.41061e-13
0.844	4.16922e-13
0.845	2.81187e-13
0.846	5.70332e-14
0.847	7.7502e-14
0.848	7.81657e-14
0.849	2.60987e-13
0.85	9.73238e-14
0.851	1.63348e-13
0.852	9.52469e-14
0.853	1.13051e-13
0.854	1.00876e-13
0.855	1.39295e-13
0.856	2.00161e-13
0.857	2.55985e-13
0.858	1.17437e-13
0.859	1.17491e-13
0.86	7.77111e-14
0.861	1.42896e-13
0.862	3.59883e-13
0.863	3.17041e-13
0.864	1.18236e-13
0.865	9.0856e-14
0.866	1.48961e-13
0.867	1.3488e-13
0.868	1.07037e-13
0.869	1.68407e-13
0.87	1.15005e-13
0.871	1.5321e-13
0.872	1.05144e-13
0.873	6.12445e-14
0.874	2.56502e-13
0.875	1.19397e-13
0.876	1.87948e-13
0.877	1.21244e-13
0.878	7.48871e-14
0.879	1.44808e-13
0.88	1.30442e-13
0.881	1.28248e-13
0.882	8.71643e-14
0.883	2.80333e-13
0.884	2.98489e-13
0.885	1.34853e-13
0.886	8.5525e-14
0.887	1.50193e-13
0.888	1.37775e-13
0.889	2.53059e-13
0.89	1.20189e-13
0.891	1.50871e-13
0.892	2.29899e-13
0.893	1.32881e-13
0.894	6.90796e-14
0.895	5.15905e-14
0.896	8.30924e-14
0.897	5.06267e-14
0.898	7.82992e-14
0.899	6.03266e-14
0.9	4.11177e-14
0.901	1.77239e-13
0.902	2.15574e-13
0.903	1.65099e-13
0.904	1.5816e-13
0.905	1.2262e-13
0.906	9.4903e-14
0.907	8.86028e-14
0.908	2.57585e-13
0.909	1.98395e-13
0.91	2.79897e-13
0.911	2.92401e-13
0.912	1.00651e-13
0.913	1.6071e-13
0.914	1.20405e-13
0.915	1.44944e-13
0.916	1.22998e-13
0.917	1.20884e-13
0.918	7.5938e-14
0.919	8.72489e-14
0.92	1.00904e-13
0.921	9.40691e-14
0.922	2.12344e-13
0.923	1.15866e-13
0.924	1.14391e-13
0.925	1.39917e-13
0.926	8.71339e-14
0.927	1.61194e-13
0.928	1.99956e-13
0.929	1.40168e-13
0.93	1.8525e-13
0.931	3.26899e-13
0.932	1.46524e-13
0.933	1.13907e-13
0.934	1.59869e-13
0.935	9.83788e-14
0.936	1.00217e-13
0.937	1.20016e-13
0.938	6.64749e-14
0.939	2.31197e-13
0.94	1.70881e-13
0.941	2.80742e-13
0.942	1.69869e-13
0.943	1.39448e-13
0.944	7.43758e-14
0.945	1.43167e-13
0.946	1.39136e-13
0.947	1.02813e-13
0.948	8.27784e-14
0.949	1.76754e-13
0.95	1.96822e-13
0.951	1.32785e-13
0.952	2.69585e-13
0.953	2.12032e-13
0.954	2.17394e-13
0.955	2.31797e-13
0.956	2.11591e-13
0.957	2.62201e-13
0.958	1.48012e-13
0.959	1.05776e-13
0.96	1.12873e-13
0.961	4.63485e-13
0.962	6.56014e-13
0.963	3.56844e-13
0.964	3.05007e-13
0.965	2.63997e-13
0.966	7.66942e-14
0.967	1.17933e-13
0.968	2.12176e-13
0.969	1.77852e-13
0.97	9.36501e-14
0.971	1.36025e-13
0.972	1.58624e-13
0.973	1.49534e-13
0.974	1.61586e-13
0.975	1.89708e-13
0.976	8.84595e-14
0.977	1.80673e-13
0.978	2.66195e-13
0.979	2.27633e-13
0.98	3.23214e-13
0.981	1.69269e-13
0.982	1.95127e-13
0.983	1.42631e-13
0.984	1.41188e-13
0.985	1.16137e-13
0.986	2.27878e-13
0.987	2.93492e-13
0.988	4.22218e-13
0.989	3.04817e-13
0.99	3.0472e-13
0.991	1.64872e-13
0.992	1.38081e-13
0.993	1.61282e-13
0.994	2.08955e-13
0.995	3.28814e-13
0.996	1.84523e-13
0.997	1.77343e-13
0.998	3.24744e-13
0.999	4.02123e-14
1	0
