0	0
0.001	1.07465e+11
0.002	3.08926e+11
0.003	4.40365e+11
0.004	4.83667e+11
0.005	4.85548e+11
0.006	4.76278e+11
0.007	4.65362e+11
0.008	4.5421e+11
0.009	4.43572e+11
0.01	4.32978e+11
0.011	4.22786e+11
0.012	4.1282e+11
0.013	4.03033e+11
0.014	3.9363e+11
0.015	3.84299e+11
0.016	3.75338e+11
0.017	3.66525e+11
0.018	3.57929e+11
0.019	3.49618e+11
0.02	3.41401e+11
0.021	3.335e+11
0.022	3.25719e+11
0.023	3.18146e+11
0.024	3.10805e+11
0.025	3.03559e+11
0.026	2.96584e+11
0.027	2.89715e+11
0.028	2.83031e+11
0.029	2.76547e+11
0.03	2.7015e+11
0.031	2.63985e+11
0.032	2.57921e+11
0.033	2.5201e+11
0.034	2.46283e+11
0.035	2.40629e+11
0.036	2.35174e+11
0.037	2.29821e+11
0.038	2.24585e+11
0.039	2.19523e+11
0.04	2.14524e+11
0.041	2.09689e+11
0.042	2.04963e+11
0.043	2.0032e+11
0.044	1.95841e+11
0.045	1.91422e+11
0.046	1.87128e+11
0.047	1.82954e+11
0.048	1.78836e+11
0.049	1.74863e+11
0.05	1.7096e+11
0.051	1.6714e+11
0.052	1.63448e+11
0.053	1.59801e+11
0.054	1.56265e+11
0.055	1.52819e+11
0.056	1.49422e+11
0.057	1.46144e+11
0.058	1.42921e+11
0.059	1.39766e+11
0.06	1.36718e+11
0.061	1.33705e+11
0.062	1.3078e+11
0.063	1.27935e+11
0.064	1.25125e+11
0.065	1.22411e+11
0.066	1.19751e+11
0.067	1.17135e+11
0.068	1.14613e+11
0.069	1.12123e+11
0.07	1.09693e+11
0.071	1.07342e+11
0.072	1.05015e+11
0.073	1.02758e+11
0.074	1.00562e+11
0.075	9.83887e+10
0.076	9.62913e+10
0.077	9.42372e+10
0.078	9.22111e+10
0.079	9.02594e+10
0.08	8.8337e+10
0.081	8.64496e+10
0.082	8.46309e+10
0.083	8.28318e+10
0.084	8.10743e+10
0.085	7.93771e+10
0.086	7.76939e+10
0.087	7.60572e+10
0.088	7.44719e+10
0.089	7.28977e+10
0.09	7.13728e+10
0.091	6.98909e+10
0.092	6.84192e+10
0.093	6.69976e+10
0.094	6.56117e+10
0.095	6.42359e+10
0.096	6.29097e+10
0.097	6.16134e+10
0.098	6.03272e+10
0.099	5.90892e+10
0.1	5.78766e+10
0.101	5.6674e+10
0.102	5.55175e+10
0.103	5.43834e+10
0.104	5.32584e+10
0.105	5.21774e+10
0.106	5.11168e+10
0.107	5.00641e+10
0.108	4.9053e+10
0.109	4.80613e+10
0.11	4.70759e+10
0.111	4.61294e+10
0.112	4.52024e+10
0.113	4.42797e+10
0.114	4.3393e+10
0.115	4.25266e+10
0.116	4.16625e+10
0.117	4.08309e+10
0.118	4.00214e+10
0.119	3.92123e+10
0.12	3.84315e+10
0.121	3.7675e+10
0.122	3.69178e+10
0.123	3.61838e+10
0.124	3.54765e+10
0.125	3.47686e+10
0.126	3.40779e+10
0.127	3.34158e+10
0.128	3.27548e+10
0.129	3.21044e+10
0.13	3.14835e+10
0.131	3.08671e+10
0.132	3.02551e+10
0.133	2.9671e+10
0.134	2.90968e+10
0.135	2.85217e+10
0.136	2.79706e+10
0.137	2.74354e+10
0.138	2.68969e+10
0.139	2.63754e+10
0.14	2.58754e+10
0.141	2.5373e+10
0.142	2.48793e+10
0.143	2.44097e+10
0.144	2.39429e+10
0.145	2.34766e+10
0.146	2.30326e+10
0.147	2.25991e+10
0.148	2.21614e+10
0.149	2.17393e+10
0.15	2.13351e+10
0.151	2.09274e+10
0.152	2.05258e+10
0.153	2.01453e+10
0.154	1.97679e+10
0.155	1.93882e+10
0.156	1.90261e+10
0.157	1.86763e+10
0.158	1.83213e+10
0.159	1.79749e+10
0.16	1.7647e+10
0.161	1.7319e+10
0.162	1.69895e+10
0.163	1.66771e+10
0.164	1.63743e+10
0.165	1.60659e+10
0.166	1.57655e+10
0.167	1.54819e+10
0.168	1.51979e+10
0.169	1.49114e+10
0.17	1.46398e+10
0.171	1.43782e+10
0.172	1.41112e+10
0.173	1.38487e+10
0.174	1.36023e+10
0.175	1.33579e+10
0.176	1.31085e+10
0.177	1.28701e+10
0.178	1.26442e+10
0.179	1.24145e+10
0.18	1.2184e+10
0.181	1.19676e+10
0.182	1.17582e+10
0.183	1.15427e+10
0.184	1.13313e+10
0.185	1.11341e+10
0.186	1.09386e+10
0.187	1.07375e+10
0.188	1.05443e+10
0.189	1.03634e+10
0.19	1.01805e+10
0.191	9.99364e+09
0.192	9.81709e+09
0.193	9.65027e+09
0.194	9.47916e+09
0.195	9.3061e+09
0.196	9.14442e+09
0.197	8.99009e+09
0.198	8.83034e+09
0.199	8.67022e+09
0.2	8.52169e+09
0.201	8.37876e+09
0.202	8.22995e+09
0.203	8.08168e+09
0.204	7.94479e+09
0.205	7.81249e+09
0.206	7.67418e+09
0.207	7.5366e+09
0.208	7.40998e+09
0.209	7.28771e+09
0.21	7.1595e+09
0.211	7.0315e+09
0.212	6.91391e+09
0.213	6.80112e+09
0.214	6.68266e+09
0.215	6.56328e+09
0.216	6.45352e+09
0.217	6.34956e+09
0.218	6.24063e+09
0.219	6.12919e+09
0.22	6.02605e+09
0.221	5.93012e+09
0.222	5.83057e+09
0.223	5.72675e+09
0.224	5.62914e+09
0.225	5.54008e+09
0.226	5.44967e+09
0.227	5.35365e+09
0.228	5.26078e+09
0.229	5.17708e+09
0.23	5.09522e+09
0.231	5.00753e+09
0.232	4.91928e+09
0.233	4.83927e+09
0.234	4.76462e+09
0.235	4.68586e+09
0.236	4.60304e+09
0.237	4.52543e+09
0.238	4.45577e+09
0.239	4.3858e+09
0.24	4.31007e+09
0.241	4.23482e+09
0.242	4.16749e+09
0.243	4.10462e+09
0.244	4.03759e+09
0.245	3.96648e+09
0.246	3.89973e+09
0.247	3.84062e+09
0.248	3.78216e+09
0.249	3.7182e+09
0.25	3.65285e+09
0.251	3.59397e+09
0.252	3.54103e+09
0.253	3.48605e+09
0.254	3.42576e+09
0.255	3.36636e+09
0.256	3.31407e+09
0.257	3.26597e+09
0.258	3.21438e+09
0.259	3.15816e+09
0.26	3.10414e+09
0.261	3.05719e+09
0.262	3.01327e+09
0.263	2.96532e+09
0.264	2.91318e+09
0.265	2.86368e+09
0.266	2.82099e+09
0.267	2.78099e+09
0.268	2.73698e+09
0.269	2.6888e+09
0.27	2.64286e+09
0.271	2.60349e+09
0.272	2.56721e+09
0.273	2.52748e+09
0.274	2.48321e+09
0.275	2.44005e+09
0.276	2.40298e+09
0.277	2.37004e+09
0.278	2.33489e+09
0.279	2.29481e+09
0.28	2.25398e+09
0.281	2.21817e+09
0.282	2.18769e+09
0.283	2.15712e+09
0.284	2.12189e+09
0.285	2.08369e+09
0.286	2.04831e+09
0.287	2.01879e+09
0.288	1.99199e+09
0.289	1.9623e+09
0.29	1.92801e+09
0.291	1.89319e+09
0.292	1.86297e+09
0.293	1.83787e+09
0.294	1.81332e+09
0.295	1.78472e+09
0.296	1.75237e+09
0.297	1.721e+09
0.298	1.69473e+09
0.299	1.67272e+09
0.3	1.65023e+09
0.301	1.62345e+09
0.302	1.59342e+09
0.303	1.56477e+09
0.304	1.54111e+09
0.305	1.52147e+09
0.306	1.50137e+09
0.307	1.47717e+09
0.308	1.44955e+09
0.309	1.4227e+09
0.31	1.40038e+09
0.311	1.38242e+09
0.312	1.36502e+09
0.313	1.34421e+09
0.314	1.31941e+09
0.315	1.29383e+09
0.316	1.27158e+09
0.317	1.25412e+09
0.318	1.23906e+09
0.319	1.22229e+09
0.32	1.20142e+09
0.321	1.17768e+09
0.322	1.15484e+09
0.323	1.13609e+09
0.324	1.12158e+09
0.325	1.10834e+09
0.326	1.09268e+09
0.327	1.07298e+09
0.328	1.05088e+09
0.329	1.02994e+09
0.33	1.01298e+09
0.331	1.0001e+09
0.332	9.88647e+08
0.333	9.75173e+08
0.334	9.57838e+08
0.335	9.37603e+08
0.336	9.17501e+08
0.337	9.00563e+08
0.338	8.87843e+08
0.339	8.77799e+08
0.34	8.67347e+08
0.341	8.5383e+08
0.342	8.36624e+08
0.343	8.17452e+08
0.344	7.99275e+08
0.345	7.84527e+08
0.346	7.7373e+08
0.347	7.65265e+08
0.348	7.56338e+08
0.349	7.44546e+08
0.35	7.29144e+08
0.351	7.11378e+08
0.352	6.93766e+08
0.353	6.78776e+08
0.354	6.67597e+08
0.355	6.59607e+08
0.356	6.52736e+08
0.357	6.44491e+08
0.358	6.33117e+08
0.359	6.18352e+08
0.36	6.01483e+08
0.361	5.84727e+08
0.362	5.70256e+08
0.363	5.593e+08
0.364	5.51694e+08
0.365	5.46e+08
0.366	5.40114e+08
0.367	5.32083e+08
0.368	5.20812e+08
0.369	5.06411e+08
0.37	4.90099e+08
0.371	4.73735e+08
0.372	4.59176e+08
0.373	4.47684e+08
0.374	4.3956e+08
0.375	4.34106e+08
0.376	4.29881e+08
0.377	4.25145e+08
0.378	4.18357e+08
0.379	4.08563e+08
0.38	3.95607e+08
0.381	3.80119e+08
0.382	3.63312e+08
0.383	3.46668e+08
0.384	3.31587e+08
0.385	3.19103e+08
0.386	3.09695e+08
0.387	3.03236e+08
0.388	2.99059e+08
0.389	2.9612e+08
0.39	2.93198e+08
0.391	2.89104e+08
0.392	2.82851e+08
0.393	2.73774e+08
0.394	2.61579e+08
0.395	2.46341e+08
0.396	2.28443e+08
0.397	2.08496e+08
0.398	1.87245e+08
0.399	1.65471e+08
0.4	1.43915e+08
0.401	1.23219e+08
0.402	1.03894e+08
0.403	8.62979e+07
0.404	7.06448e+07
0.405	5.70169e+07
0.406	4.53882e+07
0.407	3.56506e+07
0.408	2.764e+07
0.409	2.11601e+07
0.41	1.60013e+07
0.411	1.19563e+07
0.412	8.83037e+06
0.413	6.44817e+06
0.414	4.65687e+06
0.415	3.32715e+06
0.416	2.35225e+06
0.417	1.64604e+06
0.418	1.14036e+06
0.419	782328
0.42	531589
0.421	357844
0.422	238687
0.423	157783
0.424	103388
0.425	67163.6
0.426	43263.6
0.427	27638
0.428	17512.7
0.429	11008.4
0.43	6865.71
0.431	4249.07
0.432	2609.8
0.433	1591.04
0.434	962.871
0.435	578.524
0.436	345.135
0.437	204.466
0.438	120.299
0.439	70.301
0.44	40.8092
0.441	23.5341
0.442	13.484
0.443	7.67651
0.444	4.34281
0.445	2.44162
0.446	1.36434
0.447	0.757769
0.448	0.41837
0.449	0.229628
0.45	0.125303
0.451	0.067984
0.452	0.0366766
0.453	0.0196761
0.454	0.0104975
0.455	0.00557011
0.456	0.00293965
0.457	0.00154316
0.458	0.00080582
0.459	0.000418603
0.46	0.000216337
0.461	0.000111237
0.462	5.69088e-05
0.463	2.89701e-05
0.464	1.46751e-05
0.465	7.39777e-06
0.466	3.71132e-06
0.467	1.85305e-06
0.468	9.20874e-07
0.469	4.555e-07
0.47	2.24271e-07
0.471	1.0992e-07
0.472	5.36309e-08
0.473	2.60503e-08
0.474	1.25976e-08
0.475	6.06545e-09
0.476	2.90772e-09
0.477	1.38797e-09
0.478	6.59718e-10
0.479	3.12258e-10
0.48	1.47184e-10
0.481	6.90907e-11
0.482	3.23003e-11
0.483	1.50398e-11
0.484	6.97493e-12
0.485	3.22194e-12
0.486	1.48254e-12
0.487	6.79546e-13
0.488	3.10297e-13
0.489	1.4117e-13
0.49	6.39808e-14
0.491	2.88901e-14
0.492	1.2991e-14
0.493	5.81759e-15
0.494	2.59422e-15
0.495	1.15119e-15
0.496	5.08382e-16
0.497	2.22872e-16
0.498	9.64708e-17
0.499	4.1654e-17
0.5	1.77818e-17
0.501	7.69477e-18
0.502	3.5841e-18
0.503	1.88002e-18
0.504	1.20052e-18
0.505	9.39502e-19
0.506	7.77286e-19
0.507	6.56472e-19
0.508	5.5941e-19
0.509	4.90885e-19
0.51	5.52875e-19
0.511	6.22963e-19
0.512	6.61124e-19
0.513	6.39888e-19
0.514	6.81767e-19
0.515	7.0155e-19
0.516	6.98975e-19
0.517	6.83208e-19
0.518	6.51012e-19
0.519	5.35672e-19
0.52	4.31349e-19
0.521	3.15115e-19
0.522	2.67611e-19
0.523	2.98014e-19
0.524	3.37833e-19
0.525	4.92357e-19
0.526	8.54844e-19
0.527	9.45999e-19
0.528	1.007e-18
0.529	8.71486e-19
0.53	7.14972e-19
0.531	6.30328e-19
0.532	4.51494e-19
0.533	3.87567e-19
0.534	4.49962e-19
0.535	5.72553e-19
0.536	5.99167e-19
0.537	5.86628e-19
0.538	5.91466e-19
0.539	5.85886e-19
0.54	6.26774e-19
0.541	5.82696e-19
0.542	5.42632e-19
0.543	4.54375e-19
0.544	3.63815e-19
0.545	4.00169e-19
0.546	6.19296e-19
0.547	6.01668e-19
0.548	7.49434e-19
0.549	6.41674e-19
0.55	7.19393e-19
0.551	8.24142e-19
0.552	7.74863e-19
0.553	7.44493e-19
0.554	6.42699e-19
0.555	5.37263e-19
0.556	4.1824e-19
0.557	4.05778e-19
0.558	4.42179e-19
0.559	5.78949e-19
0.56	5.27479e-19
0.561	5.69142e-19
0.562	5.73823e-19
0.563	5.01103e-19
0.564	6.22202e-19
0.565	6.33459e-19
0.566	7.37728e-19
0.567	7.78821e-19
0.568	8.76471e-19
0.569	9.4505e-19
0.57	8.36819e-19
0.571	8.01465e-19
0.572	7.53722e-19
0.573	6.52122e-19
0.574	6.07665e-19
0.575	5.60753e-19
0.576	6.41968e-19
0.577	5.69549e-19
0.578	5.13527e-19
0.579	5.74756e-19
0.58	5.2377e-19
0.581	6.24539e-19
0.582	5.50152e-19
0.583	6.02985e-19
0.584	6.04519e-19
0.585	4.71704e-19
0.586	5.7914e-19
0.587	6.17682e-19
0.588	3.92475e-19
0.589	3.39192e-19
0.59	2.2461e-19
0.591	2.78668e-19
0.592	3.12652e-19
0.593	2.56126e-19
0.594	3.88626e-19
0.595	4.21907e-19
0.596	3.94061e-19
0.597	5.12694e-19
0.598	2.98896e-19
0.599	2.79556e-19
0.6	3.88755e-19
0.601	2.96585e-19
0.602	3.85229e-19
0.603	3.97061e-19
0.604	3.05856e-19
0.605	4.7588e-19
0.606	3.724e-19
0.607	4.79259e-19
0.608	5.41069e-19
0.609	4.17952e-19
0.61	4.42991e-19
0.611	5.21922e-19
0.612	5.10356e-19
0.613	5.6665e-19
0.614	5.63422e-19
0.615	3.73239e-19
0.616	3.039e-19
0.617	2.52393e-19
0.618	2.08192e-19
0.619	2.43943e-19
0.62	2.45374e-19
0.621	2.09293e-19
0.622	2.81278e-19
0.623	1.93415e-19
0.624	1.94783e-19
0.625	1.97493e-19
0.626	1.93902e-19
0.627	2.61521e-19
0.628	3.74071e-19
0.629	3.26206e-19
0.63	2.64442e-19
0.631	2.93389e-19
0.632	2.79711e-19
0.633	3.36424e-19
0.634	3.7524e-19
0.635	3.55683e-19
0.636	5.15503e-19
0.637	4.98133e-19
0.638	3.68715e-19
0.639	5.89737e-19
0.64	5.34087e-19
0.641	5.63136e-19
0.642	4.13615e-19
0.643	3.90158e-19
0.644	3.38568e-19
0.645	3.07905e-19
0.646	2.8917e-19
0.647	2.49106e-19
0.648	2.23177e-19
0.649	1.77917e-19
0.65	1.48293e-19
0.651	1.51436e-19
0.652	1.78549e-19
0.653	2.35104e-19
0.654	2.56376e-19
0.655	3.29549e-19
0.656	3.78646e-19
0.657	3.39438e-19
0.658	3.64452e-19
0.659	4.4107e-19
0.66	2.95182e-19
0.661	3.69628e-19
0.662	4.28775e-19
0.663	3.80148e-19
0.664	4.40721e-19
0.665	4.20252e-19
0.666	4.81957e-19
0.667	4.84803e-19
0.668	2.5044e-19
0.669	4.37311e-19
0.67	2.59304e-19
0.671	2.61188e-19
0.672	3.591e-19
0.673	2.82885e-19
0.674	3.6358e-19
0.675	3.11689e-19
0.676	2.11927e-19
0.677	2.62082e-19
0.678	2.50285e-19
0.679	2.31763e-19
0.68	2.71494e-19
0.681	2.82715e-19
0.682	3.51623e-19
0.683	3.59249e-19
0.684	2.98491e-19
0.685	2.7425e-19
0.686	2.78971e-19
0.687	2.96436e-19
0.688	2.6804e-19
0.689	3.21716e-19
0.69	2.7681e-19
0.691	3.10262e-19
0.692	3.18061e-19
0.693	2.65681e-19
0.694	2.64765e-19
0.695	2.33827e-19
0.696	2.59372e-19
0.697	1.52318e-19
0.698	1.29722e-19
0.699	1.68586e-19
0.7	1.53801e-19
0.701	2.00462e-19
0.702	2.06183e-19
0.703	2.60447e-19
0.704	3.30778e-19
0.705	2.76912e-19
0.706	2.90156e-19
0.707	2.19082e-19
0.708	1.90836e-19
0.709	2.34351e-19
0.71	2.61971e-19
0.711	3.39163e-19
0.712	3.0647e-19
0.713	2.47815e-19
0.714	3.17419e-19
0.715	2.37228e-19
0.716	1.60441e-19
0.717	2.80734e-19
0.718	1.92538e-19
0.719	2.45711e-19
0.72	2.64722e-19
0.721	1.54432e-19
0.722	2.40009e-19
0.723	2.07193e-19
0.724	1.9614e-19
0.725	3.73574e-19
0.726	2.71201e-19
0.727	2.64325e-19
0.728	4.52502e-19
0.729	2.8119e-19
0.73	2.7118e-19
0.731	2.5584e-19
0.732	2.24095e-19
0.733	2.8561e-19
0.734	2.6956e-19
0.735	2.98767e-19
0.736	3.6797e-19
0.737	4.05886e-19
0.738	3.4335e-19
0.739	2.72788e-19
0.74	3.15299e-19
0.741	2.31164e-19
0.742	2.49461e-19
0.743	1.89856e-19
0.744	1.53006e-19
0.745	1.98442e-19
0.746	1.42716e-19
0.747	1.53518e-19
0.748	3.2786e-19
0.749	2.26498e-19
0.75	2.15714e-19
0.751	2.04819e-19
0.752	2.14441e-19
0.753	1.97071e-19
0.754	1.38025e-19
0.755	1.75164e-19
0.756	2.05796e-19
0.757	2.25167e-19
0.758	2.40385e-19
0.759	3.4307e-19
0.76	4.96115e-19
0.761	3.16667e-19
0.762	3.03829e-19
0.763	3.15098e-19
0.764	2.64675e-19
0.765	2.49282e-19
0.766	2.34285e-19
0.767	2.27445e-19
0.768	3.01134e-19
0.769	2.81858e-19
0.77	2.49435e-19
0.771	2.89859e-19
0.772	2.6879e-19
0.773	2.42497e-19
0.774	2.25158e-19
0.775	2.74162e-19
0.776	2.37204e-19
0.777	2.05732e-19
0.778	2.52237e-19
0.779	1.64343e-19
0.78	1.70302e-19
0.781	2.48589e-19
0.782	2.62664e-19
0.783	2.99546e-19
0.784	2.77193e-19
0.785	1.87748e-19
0.786	2.40532e-19
0.787	2.11273e-19
0.788	1.2902e-19
0.789	1.07441e-19
0.79	1.47485e-19
0.791	1.81333e-19
0.792	1.7911e-19
0.793	2.33642e-19
0.794	2.36821e-19
0.795	2.48592e-19
0.796	2.05352e-19
0.797	2.1804e-19
0.798	2.22092e-19
0.799	2.89768e-19
0.8	2.72989e-19
0.801	3.24861e-19
0.802	2.37687e-19
0.803	2.89201e-19
0.804	3.6031e-19
0.805	2.70233e-19
0.806	3.24195e-19
0.807	3.25969e-19
0.808	2.84511e-19
0.809	3.01059e-19
0.81	2.7195e-19
0.811	3.96476e-19
0.812	4.51984e-19
0.813	3.34269e-19
0.814	3.14274e-19
0.815	1.75979e-19
0.816	1.40811e-19
0.817	1.81536e-19
0.818	2.27885e-19
0.819	2.85271e-19
0.82	4.16678e-19
0.821	3.30809e-19
0.822	2.07317e-19
0.823	2.60274e-19
0.824	2.59327e-19
0.825	1.84494e-19
0.826	2.25492e-19
0.827	1.50607e-19
0.828	2.20607e-19
0.829	1.55203e-19
0.83	1.34374e-19
0.831	1.94044e-19
0.832	2.62457e-19
0.833	1.44092e-19
0.834	2.16266e-19
0.835	1.35945e-19
0.836	1.49954e-19
0.837	1.02934e-19
0.838	9.81884e-20
0.839	2.29666e-19
0.84	1.88634e-19
0.841	2.51008e-19
0.842	2.14266e-19
0.843	1.86937e-19
0.844	1.40345e-19
0.845	1.88394e-19
0.846	1.47614e-19
0.847	1.82184e-19
0.848	2.49564e-19
0.849	1.76047e-19
0.85	1.74401e-19
0.851	3.04876e-19
0.852	2.4067e-19
0.853	2.50864e-19
0.854	2.27406e-19
0.855	2.58947e-19
0.856	2.52244e-19
0.857	1.74093e-19
0.858	2.38415e-19
0.859	1.51334e-19
0.86	2.00654e-19
0.861	1.68791e-19
0.862	1.60148e-19
0.863	1.43887e-19
0.864	1.11357e-19
0.865	1.79733e-19
0.866	1.24129e-19
0.867	1.14078e-19
0.868	1.77682e-19
0.869	1.52522e-19
0.87	2.24268e-19
0.871	1.90057e-19
0.872	1.55514e-19
0.873	2.37143e-19
0.874	1.85663e-19
0.875	1.6967e-19
0.876	2.37746e-19
0.877	1.49247e-19
0.878	1.96808e-19
0.879	2.9572e-19
0.88	1.67067e-19
0.881	1.9394e-19
0.882	2.27503e-19
0.883	1.5893e-19
0.884	2.25108e-19
0.885	1.56852e-19
0.886	1.52135e-19
0.887	1.77839e-19
0.888	1.52855e-19
0.889	2.37565e-19
0.89	2.17227e-19
0.891	2.13273e-19
0.892	1.81028e-19
0.893	2.20303e-19
0.894	1.85421e-19
0.895	1.92471e-19
0.896	2.52443e-19
0.897	1.7689e-19
0.898	2.80273e-19
0.899	2.51211e-19
0.9	1.46397e-19
0.901	2.36224e-19
0.902	2.71492e-19
0.903	1.72638e-19
0.904	2.50876e-19
0.905	1.96511e-19
0.906	1.83617e-19
0.907	3.23809e-19
0.908	2.74113e-19
0.909	1.91738e-19
0.91	3.80655e-19
0.911	2.68066e-19
0.912	2.54629e-19
0.913	2.50894e-19
0.914	2.54314e-19
0.915	2.36407e-19
0.916	3.10751e-19
0.917	2.97132e-19
0.918	2.87738e-19
0.919	3.30447e-19
0.92	3.46254e-19
0.921	3.41136e-19
0.922	4.80139e-19
0.923	2.87804e-19
0.924	3.03057e-19
0.925	3.17901e-19
0.926	1.82524e-19
0.927	1.94134e-19
0.928	2.64362e-19
0.929	2.05368e-19
0.93	3.45513e-19
0.931	2.93205e-19
0.932	2.29473e-19
0.933	2.83505e-19
0.934	3.96632e-19
0.935	1.6051e-19
0.936	2.86851e-19
0.937	3.61628e-19
0.938	2.27982e-19
0.939	3.13946e-19
0.94	2.31577e-19
0.941	2.3175e-19
0.942	2.43196e-19
0.943	1.34289e-19
0.944	3.67963e-19
0.945	3.01446e-19
0.946	1.55995e-19
0.947	3.49187e-19
0.948	2.37149e-19
0.949	1.46705e-19
0.95	3.08342e-19
0.951	2.61539e-19
0.952	1.48148e-19
0.953	2.44173e-19
0.954	2.00774e-19
0.955	9.9678e-20
0.956	2.05499e-19
0.957	2.44062e-19
0.958	1.35101e-19
0.959	2.92259e-19
0.96	2.79052e-19
0.961	2.33134e-19
0.962	3.37794e-19
0.963	3.1208e-19
0.964	1.97317e-19
0.965	3.78827e-19
0.966	2.82422e-19
0.967	2.40056e-19
0.968	4.17716e-19
0.969	2.25836e-19
0.97	3.7138e-19
0.971	5.37022e-19
0.972	2.65625e-19
0.973	3.74413e-19
0.974	3.56566e-19
0.975	3.32315e-19
0.976	4.5091e-19
0.977	4.24124e-19
0.978	5.66945e-19
0.979	7.07818e-19
0.98	4.13382e-19
0.981	4.65746e-19
0.982	5.74316e-19
0.983	2.1429e-19
0.984	5.17563e-19
0.985	3.9019e-19
0.986	2.00389e-19
0.987	4.7764e-19
0.988	4.51256e-19
0.989	2.38792e-19
0.99	3.5128e-19
0.991	2.03098e-19
0.992	1.86511e-19
0.993	5.3841e-19
0.994	2.30727e-19
0.995	2.24664e-19
0.996	4.00445e-19
0.997	2.34673e-19
0.998	3.01786e-19
0.999	1.73764e-19
1	0
