0.783539
0.782987
0.782434
0.781879
0.781322
0.780763
0.780202
0.779639
0.779075
0.778508
 0.77794
 0.77737
0.776798
0.776224
0.775648
0.775071
0.774491
 0.77391
0.773327
0.772742
0.772156
0.771567
0.770977
0.770385
0.769791
0.769195
0.768597
0.767998
0.767396
0.766793
0.766188
0.765582
0.764973
0.764363
0.763751
0.763137
0.762521
0.761904
0.761285
0.760664
0.760041
0.759416
 0.75879
0.758162
0.757532
  0.7569
0.756267
0.755631
0.754994
0.754356
0.753715
0.753073
0.752429
0.751783
0.751135
0.750486
0.749835
0.749182
0.748527
0.747871
0.747213
0.746553
0.745892
0.745228
0.744563
0.743897
0.743228
0.742558
0.741886
0.741212
0.740537
 0.73986
0.739181
  0.7385
0.737818
0.737134
0.736448
0.735761
0.735072
0.734381
0.733688
0.732994
0.732298
  0.7316
0.730901
0.730199
0.729497
0.728792
0.728086
0.727378
0.726668
0.725957
0.725244
0.724529
0.723813
0.723094
0.722375
0.721653
 0.72093
0.720205
0.719478
 0.71875
 0.71802
0.717289
0.716555
 0.71582
0.715084
0.714345
0.713605
0.712864
 0.71212
0.711375
0.710628
 0.70988
 0.70913
0.708378
0.707625
 0.70687
0.706113
0.705355
0.704594
0.703833
0.703069
0.702304
0.701537
0.700769
0.699999
0.699227
0.698454
0.697679
0.696902
0.696124
0.695344
0.694562
0.693779
0.692994
0.692207
0.691419
0.690629
0.689838
0.689045
 0.68825
0.687453
0.686655
0.685855
0.685054
0.684251
0.683446
 0.68264
0.681832
0.681022
0.680211
0.679398
0.678583
0.677767
0.676949
 0.67613
0.675309
0.674486
0.673662
0.672836
0.672008
0.671179
0.670348
0.669516
0.668681
0.667846
0.667008
0.666169
0.665329
0.664486
0.663642
0.662797
 0.66195
0.661101
 0.66025
0.659398
0.658545
0.657689
0.656832
0.655974
0.655114
0.654252
0.653389
0.652524
0.651657
0.650789
0.649919
0.649047
0.648174
0.647299
0.646423
0.645545
0.644666
0.643784
0.642902
0.642017
0.641131
0.640244
0.639354
0.638463
0.637571
0.636676
 0.63578
0.634881
 0.63398
0.633075
0.632165
0.631249
0.630326
0.629394
0.628451
0.627497
0.626531
0.625553
0.624563
0.623561
0.622547
 0.62152
0.620482
0.619432
0.618371
0.617298
0.616214
0.615118
0.614011
0.612892
0.611762
0.610621
0.609468
0.608304
0.607128
 0.60594
0.604741
0.603529
0.602306
0.601071
0.599823
0.598563
 0.59729
0.596004
0.594705
0.593393
0.592068
0.590729
0.589376
0.588009
0.586628
0.585232
0.583821
0.582395
0.580953
0.579495
 0.57802
0.576529
0.575021
0.573496
0.571952
 0.57039
0.568809
0.567208
0.565587
0.563945
0.562282
0.560597
0.558889
0.557158
0.555402
0.553621
0.551814
0.549979
0.548115
0.546223
0.544299
0.542342
0.540352
0.538326
0.536263
 0.53416
0.532015
0.529825
0.527589
0.525302
 0.52296
0.520561
0.518099
0.515568
0.512963
0.510275
0.507496
0.504615
0.501617
0.498486
0.495198
0.491723
0.488017
0.484014
0.479603
0.474575
0.468377
