0	3.86817
0.001	3.82727
0.002	3.78642
0.003	3.74563
0.004	3.7049
0.005	3.66424
0.006	3.62363
0.007	3.58308
0.008	3.54259
0.009	3.50217
0.01	3.4618
0.011	3.42149
0.012	3.38124
0.013	3.34105
0.014	3.30093
0.015	3.26086
0.016	3.22085
0.017	3.1809
0.018	3.14101
0.019	3.10119
0.02	3.06142
0.021	3.02171
0.022	2.98206
0.023	2.94247
0.024	2.90294
0.025	2.86347
0.026	2.82407
0.027	2.78472
0.028	2.74543
0.029	2.7062
0.03	2.66703
0.031	2.62792
0.032	2.58887
0.033	2.54988
0.034	2.51095
0.035	2.47209
0.036	2.43328
0.037	2.39453
0.038	2.35584
0.039	2.31721
0.04	2.27864
0.041	2.24013
0.042	2.20168
0.043	2.16329
0.044	2.12496
0.045	2.08669
0.046	2.04848
0.047	2.01033
0.048	1.97224
0.049	1.93421
0.05	1.89624
0.051	1.85833
0.052	1.82048
0.053	1.78269
0.054	1.74496
0.055	1.70729
0.056	1.66968
0.057	1.63213
0.058	1.59464
0.059	1.55721
0.06	1.51984
0.061	1.48253
0.062	1.44527
0.063	1.40808
0.064	1.37095
0.065	1.33388
0.066	1.29687
0.067	1.25992
0.068	1.22303
0.069	1.1862
0.07	1.14943
0.071	1.11271
0.072	1.07606
0.073	1.03947
0.074	1.00294
0.075	0.966467
0.076	0.930056
0.077	0.893704
0.078	0.857412
0.079	0.82118
0.08	0.785008
0.081	0.748896
0.082	0.712844
0.083	0.676851
0.084	0.640919
0.085	0.605047
0.086	0.569234
0.087	0.533482
0.088	0.497789
0.089	0.462156
0.09	0.426584
0.091	0.391071
0.092	0.355618
0.093	0.320225
0.094	0.284892
0.095	0.249619
0.096	0.214406
0.097	0.179253
0.098	0.144159
0.099	0.109126
0.1	0.0741525
0.101	0.039239
0.102	0.00438547
0.103	-0.0304082
0.104	-0.0651419
0.105	-0.0998157
0.106	-0.13443
0.107	-0.168983
0.108	-0.203477
0.109	-0.237911
0.11	-0.272286
0.111	-0.3066
0.112	-0.340854
0.113	-0.375048
0.114	-0.409183
0.115	-0.443257
0.116	-0.477272
0.117	-0.511227
0.118	-0.545121
0.119	-0.578956
0.12	-0.612731
0.121	-0.646446
0.122	-0.680101
0.123	-0.713696
0.124	-0.747231
0.125	-0.780706
0.126	-0.814121
0.127	-0.847477
0.128	-0.880772
0.129	-0.914008
0.13	-0.947183
0.131	-0.980299
0.132	-1.01335
0.133	-1.04635
0.134	-1.07929
0.135	-1.11216
0.136	-1.14498
0.137	-1.17773
0.138	-1.21043
0.139	-1.24307
0.14	-1.27564
0.141	-1.30816
0.142	-1.34062
0.143	-1.37301
0.144	-1.40535
0.145	-1.43763
0.146	-1.46984
0.147	-1.502
0.148	-1.5341
0.149	-1.56613
0.15	-1.59811
0.151	-1.63003
0.152	-1.66188
0.153	-1.69368
0.154	-1.72542
0.155	-1.7571
0.156	-1.78871
0.157	-1.82027
0.158	-1.85177
0.159	-1.88321
0.16	-1.91459
0.161	-1.9459
0.162	-1.97716
0.163	-2.00836
0.164	-2.0395
0.165	-2.07058
0.166	-2.10159
0.167	-2.13255
0.168	-2.16345
0.169	-2.19429
0.17	-2.22507
0.171	-2.25579
0.172	-2.28645
0.173	-2.31704
0.174	-2.34758
0.175	-2.37806
0.176	-2.40848
0.177	-2.43884
0.178	-2.46914
0.179	-2.49938
0.18	-2.52956
0.181	-2.55968
0.182	-2.58974
0.183	-2.61974
0.184	-2.64968
0.185	-2.67956
0.186	-2.70938
0.187	-2.73914
0.188	-2.76884
0.189	-2.79848
0.19	-2.82806
0.191	-2.85758
0.192	-2.88704
0.193	-2.91644
0.194	-2.94578
0.195	-2.97506
0.196	-3.00428
0.197	-3.03344
0.198	-3.06254
0.199	-3.09158
0.2	-3.12056
0.201	-3.14949
0.202	-3.17835
0.203	-3.20715
0.204	-3.23589
0.205	-3.26457
0.206	-3.29319
0.207	-3.32176
0.208	-3.35026
0.209	-3.3787
0.21	-3.40708
0.211	-3.4354
0.212	-3.46367
0.213	-3.49187
0.214	-3.52001
0.215	-3.54809
0.216	-3.57612
0.217	-3.60408
0.218	-3.63198
0.219	-3.65983
0.22	-3.68761
0.221	-3.71533
0.222	-3.743
0.223	-3.7706
0.224	-3.79814
0.225	-3.82563
0.226	-3.85305
0.227	-3.88041
0.228	-3.90772
0.229	-3.93496
0.23	-3.96215
0.231	-3.98927
0.232	-4.01634
0.233	-4.04334
0.234	-4.07028
0.235	-4.09717
0.236	-4.12399
0.237	-4.15076
0.238	-4.17747
0.239	-4.20411
0.24	-4.2307
0.241	-4.25722
0.242	-4.28369
0.243	-4.31009
0.244	-4.33644
0.245	-4.36273
0.246	-4.38895
0.247	-4.41512
0.248	-4.44123
0.249	-4.46727
0.25	-4.49326
0.251	-4.51919
0.252	-4.54505
0.253	-4.57086
0.254	-4.59661
0.255	-4.6223
0.256	-4.64792
0.257	-4.67349
0.258	-4.699
0.259	-4.72445
0.26	-4.74984
0.261	-4.77517
0.262	-4.80044
0.263	-4.82564
0.264	-4.85079
0.265	-4.87588
0.266	-4.90091
0.267	-4.92588
0.268	-4.95079
0.269	-4.97564
0.27	-5.00043
0.271	-5.02516
0.272	-5.04984
0.273	-5.07445
0.274	-5.099
0.275	-5.12349
0.276	-5.14792
0.277	-5.17229
0.278	-5.19661
0.279	-5.22086
0.28	-5.24505
0.281	-5.26918
0.282	-5.29326
0.283	-5.31727
0.284	-5.34122
0.285	-5.36512
0.286	-5.38895
0.287	-5.41273
0.288	-5.43644
0.289	-5.4601
0.29	-5.48369
0.291	-5.50723
0.292	-5.5307
0.293	-5.55412
0.294	-5.57748
0.295	-5.60077
0.296	-5.62401
0.297	-5.64719
0.298	-5.67031
0.299	-5.69336
0.3	-5.71636
0.301	-5.7393
0.302	-5.76218
0.303	-5.785
0.304	-5.80776
0.305	-5.83046
0.306	-5.8531
0.307	-5.87568
0.308	-5.8982
0.309	-5.92067
0.31	-5.94307
0.311	-5.96541
0.312	-5.98769
0.313	-6.00992
0.314	-6.03208
0.315	-6.05418
0.316	-6.07623
0.317	-6.09821
0.318	-6.12014
0.319	-6.14201
0.32	-6.16381
0.321	-6.18556
0.322	-6.20725
0.323	-6.22888
0.324	-6.25045
0.325	-6.27196
0.326	-6.29341
0.327	-6.3148
0.328	-6.33613
0.329	-6.3574
0.33	-6.37861
0.331	-6.39976
0.332	-6.42086
0.333	-6.44189
0.334	-6.46287
0.335	-6.48378
0.336	-6.50464
0.337	-6.52543
0.338	-6.54617
0.339	-6.56685
0.34	-6.58747
0.341	-6.60803
0.342	-6.62853
0.343	-6.64897
0.344	-6.66935
0.345	-6.68967
0.346	-6.70994
0.347	-6.73014
0.348	-6.75028
0.349	-6.77037
0.35	-6.7904
0.351	-6.81036
0.352	-6.83027
0.353	-6.85012
0.354	-6.86991
0.355	-6.88964
0.356	-6.90932
0.357	-6.92893
0.358	-6.94848
0.359	-6.96798
0.36	-6.98741
0.361	-7.00679
0.362	-7.02611
0.363	-7.04537
0.364	-7.06457
0.365	-7.08371
0.366	-7.10279
0.367	-7.12182
0.368	-7.14078
0.369	-7.15969
0.37	-7.17854
0.371	-7.19733
0.372	-7.21606
0.373	-7.23473
0.374	-7.25334
0.375	-7.27189
0.376	-7.29039
0.377	-7.30883
0.378	-7.3272
0.379	-7.34552
0.38	-7.36378
0.381	-7.38199
0.382	-7.40013
0.383	-7.41822
0.384	-7.43624
0.385	-7.45421
0.386	-7.47212
0.387	-7.48997
0.388	-7.50777
0.389	-7.5255
0.39	-7.54318
0.391	-7.5608
0.392	-7.57836
0.393	-7.59586
0.394	-7.61331
0.395	-7.63069
0.396	-7.64802
0.397	-7.66529
0.398	-7.6825
0.399	-7.69966
0.4	-7.71676
0.401	-7.73379
0.402	-7.75077
0.403	-7.7677
0.404	-7.78456
0.405	-7.80137
0.406	-7.81812
0.407	-7.83481
0.408	-7.85144
0.409	-7.86802
0.41	-7.88454
0.411	-7.901
0.412	-7.9174
0.413	-7.93375
0.414	-7.95004
0.415	-7.96627
0.416	-7.98244
0.417	-7.99856
0.418	-8.01462
0.419	-8.03062
0.42	-8.04657
0.421	-8.06246
0.422	-8.07829
0.423	-8.09406
0.424	-8.10978
0.425	-8.12544
0.426	-8.14104
0.427	-8.15659
0.428	-8.17208
0.429	-8.18751
0.43	-8.20289
0.431	-8.21821
0.432	-8.23347
0.433	-8.24868
0.434	-8.26383
0.435	-8.27892
0.436	-8.29396
0.437	-8.30894
0.438	-8.32386
0.439	-8.33873
0.44	-8.35354
0.441	-8.3683
0.442	-8.383
0.443	-8.39764
0.444	-8.41223
0.445	-8.42676
0.446	-8.44124
0.447	-8.45566
0.448	-8.47002
0.449	-8.48433
0.45	-8.49859
0.451	-8.51278
0.452	-8.52693
0.453	-8.54101
0.454	-8.55505
0.455	-8.56902
0.456	-8.58294
0.457	-8.59681
0.458	-8.61062
0.459	-8.62438
0.46	-8.63808
0.461	-8.65173
0.462	-8.66532
0.463	-8.67885
0.464	-8.69234
0.465	-8.70576
0.466	-8.71914
0.467	-8.73246
0.468	-8.74572
0.469	-8.75893
0.47	-8.77209
0.471	-8.78519
0.472	-8.79824
0.473	-8.81123
0.474	-8.82417
0.475	-8.83706
0.476	-8.84989
0.477	-8.86267
0.478	-8.87539
0.479	-8.88806
0.48	-8.90068
0.481	-8.91325
0.482	-8.92576
0.483	-8.93822
0.484	-8.95062
0.485	-8.96298
0.486	-8.97528
0.487	-8.98752
0.488	-8.99972
0.489	-9.01186
0.49	-9.02395
0.491	-9.03598
0.492	-9.04797
0.493	-9.0599
0.494	-9.07178
0.495	-9.0836
0.496	-9.09538
0.497	-9.1071
0.498	-9.11878
0.499	-9.13039
0.5	-9.14196
0.501	-9.15348
0.502	-9.16495
0.503	-9.17636
0.504	-9.18772
0.505	-9.19903
0.506	-9.21029
0.507	-9.2215
0.508	-9.23266
0.509	-9.24377
0.51	-9.25483
0.511	-9.26583
0.512	-9.27679
0.513	-9.2877
0.514	-9.29855
0.515	-9.30936
0.516	-9.32011
0.517	-9.33082
0.518	-9.34148
0.519	-9.35208
0.52	-9.36264
0.521	-9.37315
0.522	-9.3836
0.523	-9.39401
0.524	-9.40437
0.525	-9.41468
0.526	-9.42495
0.527	-9.43516
0.528	-9.44532
0.529	-9.45544
0.53	-9.46551
0.531	-9.47553
0.532	-9.4855
0.533	-9.49542
0.534	-9.50529
0.535	-9.51512
0.536	-9.5249
0.537	-9.53463
0.538	-9.54431
0.539	-9.55395
0.54	-9.56354
0.541	-9.57308
0.542	-9.58258
0.543	-9.59203
0.544	-9.60143
0.545	-9.61078
0.546	-9.62009
0.547	-9.62935
0.548	-9.63857
0.549	-9.64774
0.55	-9.65686
0.551	-9.66594
0.552	-9.67497
0.553	-9.68396
0.554	-9.6929
0.555	-9.7018
0.556	-9.71065
0.557	-9.71945
0.558	-9.72821
0.559	-9.73693
0.56	-9.7456
0.561	-9.75422
0.562	-9.76281
0.563	-9.77134
0.564	-9.77984
0.565	-9.78828
0.566	-9.79669
0.567	-9.80505
0.568	-9.81337
0.569	-9.82164
0.57	-9.82987
0.571	-9.83806
0.572	-9.84621
0.573	-9.85431
0.574	-9.86237
0.575	-9.87038
0.576	-9.87836
0.577	-9.88629
0.578	-9.89418
0.579	-9.90203
0.58	-9.90983
0.581	-9.91759
0.582	-9.92531
0.583	-9.93299
0.584	-9.94063
0.585	-9.94823
0.586	-9.95579
0.587	-9.9633
0.588	-9.97078
0.589	-9.97821
0.59	-9.9856
0.591	-9.99295
0.592	-10.0003
0.593	-10.0075
0.594	-10.0148
0.595	-10.022
0.596	-10.0291
0.597	-10.0362
0.598	-10.0433
0.599	-10.0503
0.6	-10.0573
0.601	-10.0643
0.602	-10.0712
0.603	-10.0781
0.604	-10.0849
0.605	-10.0917
0.606	-10.0985
0.607	-10.1052
0.608	-10.1119
0.609	-10.1186
0.61	-10.1252
0.611	-10.1317
0.612	-10.1383
0.613	-10.1448
0.614	-10.1512
0.615	-10.1577
0.616	-10.1641
0.617	-10.1704
0.618	-10.1767
0.619	-10.183
0.62	-10.1893
0.621	-10.1955
0.622	-10.2016
0.623	-10.2078
0.624	-10.2139
0.625	-10.2199
0.626	-10.226
0.627	-10.232
0.628	-10.2379
0.629	-10.2439
0.63	-10.2497
0.631	-10.2556
0.632	-10.2614
0.633	-10.2672
0.634	-10.273
0.635	-10.2787
0.636	-10.2844
0.637	-10.29
0.638	-10.2956
0.639	-10.3012
0.64	-10.3068
0.641	-10.3123
0.642	-10.3178
0.643	-10.3232
0.644	-10.3287
0.645	-10.334
0.646	-10.3394
0.647	-10.3447
0.648	-10.35
0.649	-10.3553
0.65	-10.3605
0.651	-10.3657
0.652	-10.3709
0.653	-10.376
0.654	-10.3811
0.655	-10.3862
0.656	-10.3912
0.657	-10.3962
0.658	-10.4012
0.659	-10.4062
0.66	-10.4111
0.661	-10.416
0.662	-10.4208
0.663	-10.4257
0.664	-10.4305
0.665	-10.4352
0.666	-10.44
0.667	-10.4447
0.668	-10.4494
0.669	-10.454
0.67	-10.4587
0.671	-10.4633
0.672	-10.4678
0.673	-10.4724
0.674	-10.4769
0.675	-10.4814
0.676	-10.4858
0.677	-10.4903
0.678	-10.4947
0.679	-10.499
0.68	-10.5034
0.681	-10.5077
0.682	-10.512
0.683	-10.5163
0.684	-10.5205
0.685	-10.5247
0.686	-10.5289
0.687	-10.5331
0.688	-10.5372
0.689	-10.5413
0.69	-10.5454
0.691	-10.5494
0.692	-10.5535
0.693	-10.5575
0.694	-10.5614
0.695	-10.5654
0.696	-10.5693
0.697	-10.5732
0.698	-10.5771
0.699	-10.581
0.7	-10.5848
0.701	-10.5886
0.702	-10.5924
0.703	-10.5961
0.704	-10.5999
0.705	-10.6036
0.706	-10.6073
0.707	-10.6109
0.708	-10.6146
0.709	-10.6182
0.71	-10.6218
0.711	-10.6253
0.712	-10.6289
0.713	-10.6324
0.714	-10.6359
0.715	-10.6394
0.716	-10.6428
0.717	-10.6463
0.718	-10.6497
0.719	-10.6531
0.72	-10.6564
0.721	-10.6598
0.722	-10.6631
0.723	-10.6664
0.724	-10.6697
0.725	-10.673
0.726	-10.6762
0.727	-10.6794
0.728	-10.6826
0.729	-10.6858
0.73	-10.6889
0.731	-10.6921
0.732	-10.6952
0.733	-10.6983
0.734	-10.7014
0.735	-10.7044
0.736	-10.7075
0.737	-10.7105
0.738	-10.7135
0.739	-10.7164
0.74	-10.7194
0.741	-10.7223
0.742	-10.7252
0.743	-10.7281
0.744	-10.731
0.745	-10.7339
0.746	-10.7367
0.747	-10.7396
0.748	-10.7424
0.749	-10.7451
0.75	-10.7479
0.751	-10.7507
0.752	-10.7534
0.753	-10.7561
0.754	-10.7588
0.755	-10.7615
0.756	-10.7641
0.757	-10.7668
0.758	-10.7694
0.759	-10.772
0.76	-10.7746
0.761	-10.7772
0.762	-10.7798
0.763	-10.7823
0.764	-10.7848
0.765	-10.7873
0.766	-10.7898
0.767	-10.7923
0.768	-10.7948
0.769	-10.7972
0.77	-10.7996
0.771	-10.802
0.772	-10.8044
0.773	-10.8068
0.774	-10.8092
0.775	-10.8115
0.776	-10.8139
0.777	-10.8162
0.778	-10.8185
0.779	-10.8208
0.78	-10.8231
0.781	-10.8253
0.782	-10.8276
0.783	-10.8298
0.784	-10.832
0.785	-10.8342
0.786	-10.8364
0.787	-10.8386
0.788	-10.8407
0.789	-10.8429
0.79	-10.845
0.791	-10.8471
0.792	-10.8492
0.793	-10.8513
0.794	-10.8534
0.795	-10.8554
0.796	-10.8575
0.797	-10.8595
0.798	-10.8616
0.799	-10.8636
0.8	-10.8656
0.801	-10.8675
0.802	-10.8695
0.803	-10.8715
0.804	-10.8734
0.805	-10.8753
0.806	-10.8773
0.807	-10.8792
0.808	-10.8811
0.809	-10.883
0.81	-10.8848
0.811	-10.8867
0.812	-10.8885
0.813	-10.8904
0.814	-10.8922
0.815	-10.894
0.816	-10.8958
0.817	-10.8976
0.818	-10.8994
0.819	-10.9011
0.82	-10.9029
0.821	-10.9046
0.822	-10.9064
0.823	-10.9081
0.824	-10.9098
0.825	-10.9115
0.826	-10.9132
0.827	-10.9149
0.828	-10.9166
0.829	-10.9182
0.83	-10.9199
0.831	-10.9215
0.832	-10.9231
0.833	-10.9248
0.834	-10.9264
0.835	-10.928
0.836	-10.9295
0.837	-10.9311
0.838	-10.9327
0.839	-10.9343
0.84	-10.9358
0.841	-10.9373
0.842	-10.9389
0.843	-10.9404
0.844	-10.9419
0.845	-10.9434
0.846	-10.9449
0.847	-10.9464
0.848	-10.9479
0.849	-10.9493
0.85	-10.9508
0.851	-10.9522
0.852	-10.9537
0.853	-10.9551
0.854	-10.9565
0.855	-10.958
0.856	-10.9594
0.857	-10.9608
0.858	-10.9622
0.859	-10.9635
0.86	-10.9649
0.861	-10.9663
0.862	-10.9676
0.863	-10.969
0.864	-10.9703
0.865	-10.9717
0.866	-10.973
0.867	-10.9743
0.868	-10.9756
0.869	-10.977
0.87	-10.9782
0.871	-10.9795
0.872	-10.9808
0.873	-10.9821
0.874	-10.9834
0.875	-10.9846
0.876	-10.9859
0.877	-10.9871
0.878	-10.9884
0.879	-10.9896
0.88	-10.9909
0.881	-10.9921
0.882	-10.9933
0.883	-10.9945
0.884	-10.9957
0.885	-10.9969
0.886	-10.9981
0.887	-10.9993
0.888	-11.0005
0.889	-11.0016
0.89	-11.0028
0.891	-11.004
0.892	-11.0051
0.893	-11.0063
0.894	-11.0074
0.895	-11.0085
0.896	-11.0097
0.897	-11.0108
0.898	-11.0119
0.899	-11.013
0.9	-11.0141
0.901	-11.0152
0.902	-11.0163
0.903	-11.0174
0.904	-11.0185
0.905	-11.0196
0.906	-11.0207
0.907	-11.0218
0.908	-11.0228
0.909	-11.0239
0.91	-11.0249
0.911	-11.026
0.912	-11.0271
0.913	-11.0281
0.914	-11.0291
0.915	-11.0302
0.916	-11.0312
0.917	-11.0322
0.918	-11.0333
0.919	-11.0343
0.92	-11.0353
0.921	-11.0363
0.922	-11.0373
0.923	-11.0383
0.924	-11.0393
0.925	-11.0403
0.926	-11.0413
0.927	-11.0423
0.928	-11.0432
0.929	-11.0442
0.93	-11.0452
0.931	-11.0462
0.932	-11.0471
0.933	-11.0481
0.934	-11.0491
0.935	-11.05
0.936	-11.051
0.937	-11.0519
0.938	-11.0529
0.939	-11.0538
0.94	-11.0548
0.941	-11.0557
0.942	-11.0566
0.943	-11.0576
0.944	-11.0585
0.945	-11.0594
0.946	-11.0603
0.947	-11.0613
0.948	-11.0622
0.949	-11.0631
0.95	-11.064
0.951	-11.0649
0.952	-11.0658
0.953	-11.0667
0.954	-11.0676
0.955	-11.0685
0.956	-11.0694
0.957	-11.0703
0.958	-11.0712
0.959	-11.0721
0.96	-11.073
0.961	-11.0739
0.962	-11.0748
0.963	-11.0757
0.964	-11.0765
0.965	-11.0774
0.966	-11.0783
0.967	-11.0792
0.968	-11.0801
0.969	-11.0809
0.97	-11.0818
0.971	-11.0827
0.972	-11.0835
0.973	-11.0844
0.974	-11.0853
0.975	-11.0861
0.976	-11.087
0.977	-11.0879
0.978	-11.0887
0.979	-11.0896
0.98	-11.0904
0.981	-11.0913
0.982	-11.0921
0.983	-11.093
0.984	-11.0939
0.985	-11.0947
0.986	-11.0956
0.987	-11.0964
0.988	-11.0973
0.989	-11.0981
0.99	-11.099
0.991	-11.0998
0.992	-11.1007
0.993	-11.1015
0.994	-11.1024
0.995	-11.1032
0.996	-11.1041
0.997	-11.1049
0.998	-11.1058
0.999	-11.1066
1	-11.1075
