0.000000000000000000e+00 1.000000000000000000e+00
1.010101010101010187e-02 1.030303919681114344e+00
2.020202020202020374e-02 1.060607655929941107e+00
3.030303030303030387e-02 1.090911208746417227e+00
4.040404040404040747e-02 1.121214578130494743e+00
5.050505050505051108e-02 1.151517764082141682e+00
6.060606060606060774e-02 1.181820766601341832e+00
7.070707070707071829e-02 1.212123769120305505e+00
8.080808080808081495e-02 1.242426771639033145e+00
9.090909090909091161e-02 1.272729774157525418e+00
1.010101010101010222e-01 1.303032776675782545e+00
1.111111111111111188e-01 1.333335779193805415e+00
1.212121212121212155e-01 1.363638781711594250e+00
1.313131313131313260e-01 1.393941784229149716e+00
1.414141414141414366e-01 1.424244786746472258e+00
1.515151515151515194e-01 1.454547789263562541e+00
1.616161616161616299e-01 1.484850791780421009e+00
1.717171717171717404e-01 1.515153794297048551e+00
1.818181818181818232e-01 1.545456796813445388e+00
1.919191919191919338e-01 1.575759799329612632e+00
2.020202020202020443e-01 1.606062801845550725e+00
2.121212121212121271e-01 1.636365804361260112e+00
2.222222222222222376e-01 1.666668806876741904e+00
2.323232323232323482e-01 1.696971809391996766e+00
2.424242424242424310e-01 1.727274811907025143e+00
2.525252525252525415e-01 1.757577814421828144e+00
2.626262626262626521e-01 1.787880816936406214e+00
2.727272727272727626e-01 1.818183819450760463e+00
2.828282828282828731e-01 1.848486821964891780e+00
2.929292929292929282e-01 1.878789824478800607e+00
3.030303030303030387e-01 1.909092826992488501e+00
3.131313131313131493e-01 1.939395829505955904e+00
3.232323232323232598e-01 1.969698832019203927e+00
3.333333333333333703e-01 2.000001834532233680e+00
3.434343434343434809e-01 2.030304837045045829e+00
3.535353535353535914e-01 2.060607839557641707e+00
3.636363636363636465e-01 2.090910842070021758e+00
3.737373737373737570e-01 2.121213844582188202e+00
3.838383838383838675e-01 2.151516847094141482e+00
3.939393939393939781e-01 2.181819849605883377e+00
4.040404040404040886e-01 2.212122852117413885e+00
4.141414141414141992e-01 2.242425854628735671e+00
4.242424242424242542e-01 2.272728857139848735e+00
4.343434343434343647e-01 2.303031859650755742e+00
4.444444444444444753e-01 2.333334862161457135e+00
4.545454545454545858e-01 2.363637864671954691e+00
4.646464646464646964e-01 2.393940867182249299e+00
4.747474747474748069e-01 2.424243869692343178e+00
4.848484848484848619e-01 2.454546872202237662e+00
4.949494949494949725e-01 2.484849874711934525e+00
5.050505050505050830e-01 2.515152877221435102e+00
5.151515151515152491e-01 2.545455879730741167e+00
5.252525252525253041e-01 2.575758882239854497e+00
5.353535353535353591e-01 2.606061884748776425e+00
5.454545454545455252e-01 2.636364887257510059e+00
5.555555555555555802e-01 2.666667889766056287e+00
5.656565656565657463e-01 2.696970892274417331e+00
5.757575757575758013e-01 2.727273894782594965e+00
5.858585858585858563e-01 2.757576897290591855e+00
5.959595959595960224e-01 2.787879899798410221e+00
6.060606060606060774e-01 2.818182902306051396e+00
6.161616161616162435e-01 2.848485904813518488e+00
6.262626262626262985e-01 2.878788907320813717e+00
6.363636363636364646e-01 2.909091909827939304e+00
6.464646464646465196e-01 2.939394912334897914e+00
6.565656565656565746e-01 2.969697914841692210e+00
6.666666666666667407e-01 3.000000917348324858e+00
6.767676767676767957e-01 3.030303919854798522e+00
6.868686868686869618e-01 3.060606922361116311e+00
6.969696969696970168e-01 3.090909924867280445e+00
7.070707070707071829e-01 3.121212927373294921e+00
7.171717171717172379e-01 3.151515929879161959e+00
7.272727272727272929e-01 3.181818932384885112e+00
7.373737373737374590e-01 3.212121934890468378e+00
7.474747474747475140e-01 3.242424937395913975e+00
7.575757575757576801e-01 3.272727939901226346e+00
7.676767676767677351e-01 3.303030942406408599e+00
7.777777777777777901e-01 3.333333944911464286e+00
7.878787878787879562e-01 3.363636947416398293e+00
7.979797979797980112e-01 3.393939949921213728e+00
8.080808080808081773e-01 3.424242952425915032e+00
8.181818181818182323e-01 3.454545954930505758e+00
8.282828282828283983e-01 3.484848957434991235e+00
8.383838383838384534e-01 3.515151959939375459e+00
8.484848484848485084e-01 3.545454962443662872e+00
8.585858585858586745e-01 3.575757964947858358e+00
8.686868686868687295e-01 3.606060967451967247e+00
8.787878787878788955e-01 3.636363969955993980e+00
8.888888888888889506e-01 3.666666972459944329e+00
8.989898989898991166e-01 3.696969974963823180e+00
9.090909090909091717e-01 3.727272977467636306e+00
9.191919191919192267e-01 3.757575979971389479e+00
9.292929292929293927e-01 3.787878982475088474e+00
9.393939393939394478e-01 3.818181984978739507e+00
9.494949494949496138e-01 3.848484987482348796e+00
9.595959595959596689e-01 3.878787989985922557e+00
9.696969696969697239e-01 3.909090992489467453e+00
9.797979797979798899e-01 3.939393994992991033e+00
9.898989898989899450e-01 3.969696997496499069e+00
1.000000000000000000e+00 4.000000000000000000e+00
