0	136870.589865881
0.00499001996007984	177884.426965948
0.00998003992015968	230408.212924062
0.0149700598802395	297561.732131611
0.0199600798403194	383281.729197527
0.0249500998003992	492527.706103559
0.029940119760479	631537.446223717
0.0349301397205589	808143.723071928
0.0399201596806387	1032166.15527492
0.0449101796407186	1315895.18666074
0.0499001996007984	1674688.79937278
0.0548902195608782	2127706.9233712
0.0598802395209581	2698813.72189336
0.0648702594810379	3417684.16615091
0.0698602794411178	4321158.7461315
0.0748502994011976	5454899.00949019
0.0798403193612774	6875407.12204
0.0848303393213573	8652485.08379687
0.0898203592814371	10872223.9388509
0.094810379241517	13640630.6581374
0.0998003992015968	17088020.7773898
0.104790419161677	21374328.8234561
0.109780439121756	26695516.6118148
0.114770459081836	33291292.2701654
0.119760479041916	41454391.0406091
0.124750499001996	51541713.3262381
0.129740518962076	63987666.9611344
0.134730538922156	79320120.2815012
0.139720558882236	98179441.3540605
0.144710578842315	121341177.885235
0.149700598802395	149743023.221326
0.154690618762475	184516817.912355
0.159680638722555	227026455.136593
0.164670658682635	278912693.586965
0.169660678642715	342146035.053934
0.174650698602794	419088997.88024
0.179640718562874	512569313.81189
0.184630738522954	625965796.740613
0.189620758483034	763308879.737607
0.194610778443114	929398094.007638
0.199600798403194	1129939072.39035
0.204590818363273	1371703003.26662
0.209580838323353	1662711840.63755
0.214570858283433	2012452995.10966
0.219560878243513	2432127690.79465
0.224550898203593	2934937676.77404
0.229540918163673	3536415530.57592
0.234530938123753	4254804386.48763
0.239520958083832	5111493564.44675
0.244510978043912	6131517266.09706
0.249500998003992	7344124243.04661
0.254491017964072	8783427127.25993
0.259481037924152	10489140942.6999
0.264471057884232	12507421187.5009
0.269461077844311	14891812782.4674
0.274451097804391	17704322118.4251
0.279441117764471	21016625394.071
0.284431137724551	24911427407.7991
0.289421157684631	29483985939.7546
0.294411177644711	34843817820.1155
0.29940119760479	41116603709.9108
0.30439121756487	48446309502.617
0.30938123752495	56997543066.6669
0.31437125748503	66958165766.4185
0.31936127744511	78542178794.7694
0.32435129740519	91992904794.266
0.329341317365269	107586485502.244
0.334331337325349	125635716193.452
0.339321357285429	146494237472.458
0.344311377245509	170561104447.217
0.349301397205589	198285752451.97
0.354291417165669	230173377237.946
0.359281437125749	266790745869.211
0.364271457085828	308772452403.064
0.369261477045908	356827629754.982
0.374251497005988	411747125903.914
0.379241516966068	474411148744.109
0.384231536926148	545797379397.725
0.389221556886228	626989548636.184
0.394211576846307	719186465192.47
0.399201596806387	823711478163.778
0.404191616766467	942022348396.548
0.409181636726547	1075721495717.48
0.414171656686627	1226566580141.39
0.419161676646707	1396481365780.82
0.424151696606786	1587566806151.39
0.429141716566866	1802112278975.71
0.434131736526946	2042606887523.43
0.439121756487026	2311750734089.68
0.444111776447106	2612466059537.29
0.449101796407186	2947908131057.15
0.454091816367265	3321475748608.56
0.459081836327345	3736821229079.33
0.464071856287425	4197859716269.19
0.469061876247505	4708777654583.2
0.474051896207585	5274040255075.83
0.479041916167665	5898397774478.84
0.484031936127745	6586890421353.18
0.489021956087824	7344851698813.74
0.494011976047904	8177909990670.53
0.499001996007984	9091988197594.84
0.503992015968064	10093301232326.8
0.508982035928144	11188351188243.3
0.513972055888224	12383920004037.8
0.518962075848303	13687059459012.1
0.523952095808383	15105078348713.4
0.528942115768463	16645526709455.1
0.533932135728543	18316176982701.4
0.538922155688623	20125002036339.4
0.543912175648703	22080149989427.5
0.548902195608782	24189915819925.3
0.553892215568862	26462709770919.6
0.558882235528942	28907022609640.9
0.563872255489022	31531387834680.1
0.568862275449102	34344340969773.6
0.573852295409182	37354376126730.8
0.578842315369261	40569900064877.7
0.583832335329341	43999184019059.1
0.588822355289421	47650313612000.2
0.593812375249501	51531137208857.5
0.598802395209581	55649213111252.6
0.603792415169661	60011756024124.9
0.608782435129741	64625583260544.1
0.61377245508982	69497061176368.2
0.6187624750499	74632052347606.4
0.62375249500998	80035864017864.1
0.62874251497006	85713198350746.8
0.63373253493014	91668105022147.2
0.63872255489022	97903936679598.8
0.643712574850299	104423307780203
0.648702594810379	111228057294999
0.653692614770459	118319215736211
0.658682634730539	125696976924903
0.663672654690619	133360674870658
0.668662674650699	141308766082640
0.673652694610778	149538817573601
0.678642714570858	158047500755906
0.683632734530938	166830591362575
0.688622754491018	175882975457746
0.693612774451098	185198661531025
0.698602794411178	194770798600140
0.703592814371258	204591700177276
0.708582834331337	214652873887785
0.713572854291417	224945056466539
0.718562874251497	235458253798293
0.723552894211577	246181785614837
0.728542914171657	257104334414330
0.733532934131736	268213998127692
0.738522954091816	279498346023779
0.743512974051896	290944477319708
0.748502994011976	302539081945234
0.753493013972056	314268502900649
0.758483033932136	326118799646058
0.763473053892216	338075811965913
0.768463073852295	350125223765833
0.773453093812375	362252626278601
0.778443113772455	374443580182086
0.783433133732535	386683676163045
0.788423153692615	398958593496488
0.793413173652695	411254156249825
0.798403193612774	423556386763390
0.803393213572854	435851556103484
0.808383233532934	448126231229844
0.813373253493014	460367318665733
0.818363273453094	472562104504952
0.823353293413174	484698290635161
0.828343313373254	496764027100648
0.833333333333333	508747940569247
0.838323353293413	520639158907291
0.843313373253493	532427331902803
0.848303393213573	544102648210256
0.853293413173653	555655848620107
0.858283433133733	567078235782634
0.863273453093812	578361680538398
0.868263473053892	589498625026972
0.873253493013972	600482082761293
0.878243512974052	611305635867466
0.883233532934132	621963429698998
0.888223552894212	632450165040607
0.893213572854291	642761088120090
0.898203592814371	652891978647442
0.903193612774451	662839136098856
0.908183632734531	672599364459540
0.913173652694611	682169955633768
0.918163672654691	691548671723532
0.92315369261477	700733726368781
0.92814371257485	709723765332729
0.93313373253493	718517846505451
0.93812375249501	727115419488022
0.94311377245509	735516304908056
0.94810379241517	743720673605871
0.953093812375249	751729025818767
0.958083832335329	759542170479169
0.963073852295409	767161204730908
0.968063872255489	774587493756583
0.973053892215569	781822650998099
0.978043912175649	788868518842000
0.983033932135729	795727149831226
0.988023952095808	802400788455539
0.993013972055888	808891853563987
0.998003992015968	815202921434498
1.00299401197605	821336709528108
1.00798403193613	827296060948236
1.01297405189621	833083929618988
1.01796407185629	838703366190688
1.02295409181637	844157504675489
1.02794411177645	849449549811300
1.03293413173653	854582765148017
1.03792415169661	859560461846468
1.04291417165669	864385988177198
1.04790419161677	869062719703574
1.05289421157685	873594050131303
1.05788423153693	877983382804555
1.06287425149701	882234122827304
1.06786427145709	886349669787181
1.07285429141717	890333411058298
1.07784431137725	894188715658659
1.08283433133733	897918928637414
1.08782435129741	901527365966972
1.09281437125748	905017309914840
1.09780439121756	908392004870289
1.10279441117764	911654653601125
1.10778443113772	914808413916233
1.1127744510978	917856395710076
1.11776447105788	920801658365896
1.12275449101796	923647208494974
1.12774451097804	926395997990099
1.13273453093812	929050922372074
1.1377245508982	931614819408927
1.14271457085828	934090467988302
1.14770459081836	936480587224343
1.15269461077844	938787835781238
1.15768463073852	941014811396440
1.1626746506986	943164050587418
1.16766467065868	945238028526658
1.17265469061876	947239159070411
1.17764471057884	949169794927564
1.18263473053892	951032227955734
1.187624750499	952828689572492
1.19261477045908	954561351270363
1.19760479041916	956232325224939
1.20259481037924	957843664986183
1.20758483033932	959397366243615
1.2125748502994	960895367656725
1.21756487025948	962339551742592
1.22255489021956	963731745813198
1.22754491017964	965073722955563
1.23253493013972	966367203048250
1.2375249500998	967613853808380
1.24251497005988	968815291863678
1.24750499001996	969973083844576
1.25249500998004	971088747491763
1.25748502994012	972163752774995
1.2624750499002	973199523019328
1.26746506986028	974197436035291
1.27245508982036	975158825249792
1.27744510978044	976084980834954
1.28243512974052	976977150832207
1.2874251497006	977836542269367
1.29241516966068	978664322268580
1.29740518962076	979461619143274
1.30239520958084	980229523482451
1.30738522954092	980969089220884
1.312375249501	981681334693886
1.31736526946108	982367243675582
1.32235528942116	983027766399672
1.32734530938124	983663820561880
1.33233532934132	984276292303381
1.3373253493014	984866037174620
1.34231536926148	985433881079055
1.34730538922156	985980621196435
1.35229540918164	986507026885346
1.35728542914172	987013840564801
1.3622754491018	987501778574746
1.36726546906188	987971532015433
1.37225548902196	988423767565641
1.37724550898204	988859128279803
1.38223552894212	989278234364148
1.3872255489022	989681683931978
1.39221556886228	990070053738308
1.39720558882236	990443899894034
1.40219560878244	990803758559931
1.40718562874252	991150146620706
1.41217564870259	991483562339468
1.41716566866267	991804485992868
1.42215568862275	992113380487298
1.42714570858283	992410691956476
1.43213572854291	992696850340796
1.43712574850299	992972269948797
1.44211576846307	993237350001172
1.44710578842315	993492475157660
1.45209580838323	993738016027248
1.45708582834331	993974329662069
1.46207584830339	994201760035400
1.46706586826347	994420638504146
1.47205588822355	994631284256224
1.47704590818363	994834004743242
1.48203592814371	995029096098849
1.48702594810379	995216843543179
1.49201596806387	995397521773751
1.49700598802395	995571395343212
1.50199600798403	995738719024309
1.50698602794411	995899738162466
1.51197604790419	996054689016301
1.51696606786427	996203799086493
1.52195608782435	996347287433296
1.52694610778443	996485364983105
1.53193612774451	996618234824349
1.53692614770459	996746092493105
1.54191616766467	996869126248705
1.54690618762475	996987517339703
1.55189620758483	997101440260451
1.55688622754491	997211062998648
1.56187624750499	997316547274115
1.56686626746507	997418048769096
1.57185628742515	997515717350362
1.57684630738523	997609697283398
1.58183632734531	997700127438917
1.58682634730539	997787141491990
1.59181636726547	997870868113992
1.59680638722555	997951431157679
1.60179640718563	998028949835541
1.60678642714571	998103538891747
1.61177644710579	998175308767838
1.61676646706587	998244365762418
1.62175648702595	998310812185043
1.62674650698603	998374746504501
1.63173652694611	998436263491694
1.63672654690619	998495454357288
1.64171656686627	998552406884351
1.64670658682635	998607205556107
1.65169660678643	998659931679032
1.65668662674651	998710663501413
1.66167664670659	998759476327544
1.66666666666667	998806442627739
1.67165668662675	998851632144280
1.67664670658683	998895111993445
1.68163672654691	998936946763790
1.68662674650699	998977198610787
1.69161676646707	999015927347956
1.69660678642715	999053190534632
1.70159680638723	999089043560472
1.70658682634731	999123539726833
1.71157684630739	999156730325118
1.71656686626747	999188664712223
1.72155688622754	999219390383166
1.72654690618762	999248953041033
1.7315369261477	999277396664292
1.73652694610778	999304763571621
1.74151696606786	999331094484308
1.74650698602794	999356428586328
1.75149700598802	999380803582169
1.7564870259481	999404255752510
1.76147704590818	999426820007809
1.76646706586826	999448529939889
1.77145708582834	999469417871594
1.77644710578842	999489514904590
1.7814371257485	999508850965369
1.78642714570858	999527454849537
1.79141716566866	999545354264433
1.79640718562874	999562575870162
1.80139720558882	999579145319076
1.8063872255489	999595087293783
1.81137724550898	999610425543722
1.81636726546906	999625182920374
1.82135728542914	999639381411131
1.82634730538922	999653042171923
1.8313373253493	999666185558588
1.83632734530938	999678831157076
1.84131736526946	999690997812523
1.84630738522954	999702703657218
1.85129740518962	999713966137528
1.8562874251497	999724802039798
1.86127744510978	999735227515291
1.86626746506986	999745258104178
1.87125748502994	999754908758625
1.87624750499002	999764193865012
1.8812375249501	999773127265318
1.88622754491018	999781722277694
1.89121756487026	999789991716260
1.89620758483034	999797947910163
1.90119760479042	999805602721913
1.9061876247505	999812967565016
1.91117764471058	999820053420965
1.91616766467066	999826870855562
1.92115768463074	999833430034655
1.92614770459082	999839740739248
1.9311377245509	999845812380065
1.93612774451098	999851654011558
1.94111776447106	999857274345375
1.94610778443114	999862681763342
1.95109780439122	999867884329928
1.9560878243513	999872889804256
1.96107784431138	999877705651664
1.96606786427146	999882339054807
1.97105788423154	999886796924371
1.97604790419162	999891085909346
1.9810379241517	999895212406948
1.98602794411178	999899182572136
1.99101796407186	999903002326783
1.99600798403194	999906677368501
2.00099800399202	999910213179127
2.0059880239521	999913615032893
2.01097804391218	999916888004284
2.01596806387226	999920036975594
2.02095808383234	999923066644212
2.02594810379242	999925981529613
2.03093812375249	999928785980097
2.03592814371257	999931484179273
2.04091816367265	999934080152288
2.04590818363273	999936577771831
2.05089820359281	999938980763904
2.05588822355289	999941292713380
2.06087824351297	999943517069340
2.06586826347305	999945657150221
2.07085828343313	999947716148760
2.07584830339321	999949697136755
2.08083832335329	999951603069646
2.08582834331337	999953436790917
2.09081836327345	999955201036342
2.09580838323353	999956898438063
2.10079840319361	999958531528508
2.10578842315369	999960102744175
2.11077844311377	999961614429264
2.11576846307385	999963068839168
2.12075848303393	999964468143843
2.12574850299401	999965814431040
2.13073852295409	999967109709420
2.13572854291417	999968355911544
2.14071856287425	999969554896769
2.14570858283433	999970708454006
2.15069860279441	999971818304396
2.15568862275449	999972886103875
2.16067864271457	999973913445647
2.16566866267465	999974901862555
2.17065868263473	999975852829373
2.17564870259481	999976767764999
2.18063872255489	999977648034581
2.18562874251497	999978494951540
2.19061876247505	999979309779545
2.19560878243513	999980093734385
2.20059880239521	999980847985787
2.20558882235529	999981573659164
2.21057884231537	999982271837289
2.21556886227545	999982943561915
2.22055888223553	999983589835325
2.22554890219561	999984211621828
2.23053892215569	999984809849199
2.23552894211577	999985385410060
2.24051896207585	999985939163220
2.24550898203593	999986471934943
2.25049900199601	999986984520194
2.25548902195609	999987477683814
2.26047904191617	999987952161670
2.26546906187625	999988408661745
2.27045908183633	999988847865200
2.27544910179641	999989270427389
2.28043912175649	999989676978833
2.28542914171657	999990068126168
2.29041916167665	999990444453043
2.29540918163673	999990806520992
2.30039920159681	999991154870278
2.30538922155689	999991490020690
2.31037924151697	999991812472324
2.31536926147705	999992122706332
2.32035928143713	999992421185629
2.32534930139721	999992708355597
2.33033932135729	999992984644740
2.33532934131737	999993250465326
2.34031936127745	999993506214002
2.34530938123752	999993752272393
2.3502994011976	999993989007656
2.35528942115768	999994216773043
2.36027944111776	999994435908416
2.36526946107784	999994646740765
2.37025948103792	999994849584690
2.375249500998	999995044742867
2.38023952095808	999995232506510
2.38522954091816	999995413155793
2.39021956087824	999995586960280
2.39520958083832	999995754179316
2.4001996007984	999995915062425
2.40518962075848	999996069849671
2.41017964071856	999996218772026
2.41516966067864	999996362051712
2.42015968063872	999996499902526
2.4251497005988	999996632530167
2.43013972055888	999996760132543
2.43512974051896	999996882900059
2.44011976047904	999997001015908
2.44510978043912	999997114656340
2.4500998003992	999997223990929
2.45508982035928	999997329182823
2.46007984031936	999997430388987
2.46506986027944	999997527760442
2.47005988023952	999997621442485
2.4750499001996	999997711574907
2.48003992015968	999997798292204
2.48502994011976	999997881723774
2.49001996007984	999997961994112
2.49500998003992	999998039222999
2.5	999998113525676
2.50499001996008	999998185013016
2.50998003992016	999998253791693
2.51497005988024	999998319964336
2.51996007984032	999998383629689
2.5249500998004	999998444882756
2.52994011976048	999998503814936
2.53493013972056	999998560514166
2.53992015968064	999998615065057
2.54491017964072	999998667549006
2.5499001996008	999998718044330
2.55489021956088	999998766626381
2.55988023952096	999998813367650
2.56487025948104	999998858337885
2.56986027944112	999998901604190
2.5748502994012	999998943231130
2.57984031936128	999998983280819
2.58483033932136	999999021813018
2.58982035928144	999999058885226
2.59481037924152	999999094552763
2.5998003992016	999999128868851
2.60479041916168	999999161884697
2.60978043912176	999999193649566
2.61477045908184	999999224210860
2.61976047904192	999999253614182
2.624750499002	999999281903406
2.62974051896208	999999309120745
2.63473053892216	999999335306817
2.63972055888224	999999360500692
2.64471057884232	999999384739969
2.6497005988024	999999408060814
2.65469061876248	999999430498029
2.65968063872256	999999452085094
2.66467065868263	999999472854220
2.66966067864271	999999492836402
2.67465069860279	999999512061452
2.67964071856287	999999530558065
2.68463073852295	999999548353836
2.68962075848303	999999565475324
2.69461077844311	999999581948074
2.69960079840319	999999597796668
2.70459081836327	999999613044756
2.70958083832335	999999627715092
2.71457085828343	999999641829566
2.71956087824351	999999655409240
2.72455089820359	999999668474376
2.72954091816367	999999681044473
2.73453093812375	999999693138287
2.73952095808383	999999704773863
2.74451097804391	999999715968565
2.74950099800399	999999726739099
2.75449101796407	999999737101534
2.75948103792415	999999747071334
2.76447105788423	999999756663378
2.76946107784431	999999765891976
2.77445109780439	999999774770902
2.77944111776447	999999783313402
2.78443113772455	999999791532227
2.78942115768463	999999799439638
2.79441117764471	999999807047436
2.79940119760479	999999814366973
2.80439121756487	999999821409170
2.80938123752495	999999828184538
2.81437125748503	999999834703186
2.81936127744511	999999840974842
2.82435129740519	999999847008862
2.82934131736527	999999852814253
2.83433133732535	999999858399676
2.83932135728543	999999863773465
2.84431137724551	999999868943642
2.84930139720559	999999873917920
2.85429141716567	999999878703720
2.85928143712575	999999883308187
2.86427145708583	999999887738188
2.86926147704591	999999892000337
2.87425149700599	999999896100991
2.87924151696607	999999900046270
2.88423153692615	999999903842063
2.88922155688623	999999907494032
2.89421157684631	999999911007627
2.89920159680639	999999914388092
2.90419161676647	999999917640470
2.90918163672655	999999920769615
2.91417165668663	999999923780195
2.91916167664671	999999926676704
2.92415169660679	999999929463465
2.92914171656687	999999932144634
2.93413173652695	999999934724213
2.93912175648703	999999937206052
2.94411177644711	999999939593852
2.94910179640719	999999941891178
2.95409181636727	999999944101458
2.95908183632735	999999946227991
2.96407185628743	999999948273949
2.96906187624751	999999950242385
2.97405189620758	999999952136236
2.97904191616766	999999953958330
2.98403193612774	999999955711383
2.98902195608782	999999957398014
2.9940119760479	999999959020737
2.99900199600798	999999960581974
3.00399201596806	999999962084058
3.00898203592814	999999963529225
3.01397205588822	999999964919636
3.0189620758483	999999966257362
3.02395209580838	999999967544404
3.02894211576846	999999968782678
3.03393213572854	999999969974034
3.03892215568862	999999971120249
3.0439121756487	999999972223035
3.04890219560878	999999973284035
3.05389221556886	999999974304834
3.05888223552894	999999975286954
3.06387225548902	999999976231862
3.0688622754491	999999977140967
3.07385229540918	999999978015626
3.07884231536926	999999978857143
3.08383233532934	999999979666776
3.08882235528942	999999980445732
3.0938123752495	999999981195171
3.09880239520958	999999981916216
3.10379241516966	999999982609940
3.10878243512974	999999983277378
3.11377245508982	999999983919527
3.1187624750499	999999984537344
3.12375249500998	999999985131752
3.12874251497006	999999985703640
3.13373253493014	999999986253857
3.13872255489022	999999986783226
3.1437125748503	999999987292537
3.14870259481038	999999987782551
3.15369261477046	999999988253998
3.15868263473054	999999988707581
3.16367265469062	999999989143979
3.1686626746507	999999989563840
3.17365269461078	999999989967795
3.17864271457086	999999990356442
3.18363273453094	999999990730363
3.18862275449102	999999991090118
3.1936127744511	999999991436240
3.19860279441118	999999991769248
3.20359281437126	999999992089639
3.20858283433134	999999992397888
3.21357285429142	999999992694460
3.2185628742515	999999992979794
3.22355289421158	999999993254316
3.22854291417166	999999993518437
3.23353293413174	999999993772550
3.23852295409182	999999994017034
3.2435129740519	999999994252256
3.24850299401198	999999994478563
3.25349301397206	999999994696297
3.25848303393214	999999994905781
3.26347305389222	999999995107328
3.2684630738523	999999995301237
3.27345309381238	999999995487800
3.27844311377246	999999995667292
3.28343313373253	999999995839986
3.28842315369261	999999996006134
3.29341317365269	999999996165988
3.29840319361277	999999996319786
3.30339321357285	999999996467754
3.30838323353293	999999996610117
3.31337325349301	999999996747086
3.31836327345309	999999996878866
3.32335329341317	999999997005651
3.32834331337325	999999997127632
3.33333333333333	999999997244992
3.33832335329341	999999997357906
3.34331337325349	999999997466540
3.34830339321357	999999997571058
3.35329341317365	999999997671618
3.35828343313373	999999997768366
3.36327345309381	999999997861448
3.36826347305389	999999997951004
3.37325349301397	999999998037166
3.37824351297405	999999998120063
3.38323353293413	999999998199820
3.38822355289421	999999998276555
3.39321357285429	999999998350382
3.39820359281437	999999998421411
3.40319361277445	999999998489749
3.40818363273453	999999998555498
3.41317365269461	999999998618755
3.41816367265469	999999998679617
3.42315369261477	999999998738171
3.42814371257485	999999998794508
3.43313373253493	999999998848710
3.43812375249501	999999998900857
3.44311377245509	999999998951030
3.44810379241517	999999998999301
3.45309381237525	999999999045742
3.45808383233533	999999999090424
3.46307385229541	999999999133414
3.46806387225549	999999999174775
3.47305389221557	999999999214569
3.47804391217565	999999999252853
3.48303393213573	999999999289689
3.48802395209581	999999999325127
3.49301397205589	999999999359224
3.49800399201597	999999999392028
3.50299401197605	999999999423589
3.50798403193613	999999999453956
3.51297405189621	999999999483170
3.51796407185629	999999999511279
3.52295409181637	999999999538322
3.52794411177645	999999999564340
3.53293413173653	999999999589373
3.53792415169661	999999999613457
3.54291417165669	999999999636628
3.54790419161677	999999999658922
3.55289421157685	999999999680370
3.55788423153693	999999999701006
3.56287425149701	999999999720861
3.56786427145709	999999999739964
3.57285429141717	999999999758342
3.57784431137725	999999999776024
3.58283433133733	999999999793034
3.58782435129741	999999999809401
3.59281437125748	999999999825149
3.59780439121757	999999999840299
3.60279441117764	999999999854876
3.60778443113772	999999999868900
3.6127744510978	999999999882394
3.61776447105788	999999999895375
3.62275449101796	999999999907865
3.62774451097804	999999999919880
3.63273453093812	999999999931441
3.6377245508982	999999999942564
3.64271457085828	999999999953267
3.64770459081836	999999999963562
3.65269461077844	999999999973467
3.65768463073852	999999999982999
3.6626746506986	999999999992169
3.66766467065868	1.00000000000099e+15
3.67265469061876	1.00000000000948e+15
3.67764471057884	1.00000000001764e+15
3.68263473053892	1.0000000000255e+15
3.687624750499	1.00000000003306e+15
3.69261477045908	1.00000000004033e+15
3.69760479041916	1.00000000004733e+15
3.70259481037924	1.00000000005406e+15
3.70758483033932	1.00000000006054e+15
3.7125748502994	1.00000000006677e+15
3.71756487025948	1.00000000007277e+15
3.72255489021956	1.00000000007853e+15
3.72754491017964	1.00000000008408e+15
3.73253493013972	1.00000000008942e+15
3.7375249500998	1.00000000009456e+15
3.74251497005988	1.0000000000995e+15
3.74750499001996	1.00000000010426e+15
3.75249500998004	1.00000000010883e+15
3.75748502994012	1.00000000011323e+15
3.7624750499002	1.00000000011747e+15
3.76746506986028	1.00000000012154e+15
3.77245508982036	1.00000000012546e+15
3.77744510978044	1.00000000012924e+15
3.78243512974052	1.00000000013287e+15
3.7874251497006	1.00000000013636e+15
3.79241516966068	1.00000000013971e+15
3.79740518962076	1.00000000014295e+15
3.80239520958084	1.00000000014605e+15
3.80738522954092	1.00000000014905e+15
3.812375249501	1.00000000015193e+15
3.81736526946108	1.00000000015469e+15
3.82235528942116	1.00000000015736e+15
3.82734530938124	1.00000000015992e+15
3.83233532934132	1.00000000016239e+15
3.8373253493014	1.00000000016476e+15
3.84231536926148	1.00000000016704e+15
3.84730538922156	1.00000000016924e+15
3.85229540918164	1.00000000017135e+15
3.85728542914172	1.00000000017338e+15
3.8622754491018	1.00000000017534e+15
3.86726546906188	1.00000000017722e+15
3.87225548902196	1.00000000017903e+15
3.87724550898204	1.00000000018078e+15
3.88223552894212	1.00000000018245e+15
3.8872255489022	1.00000000018406e+15
3.89221556886228	1.00000000018561e+15
3.89720558882236	1.00000000018711e+15
3.90219560878243	1.00000000018854e+15
3.90718562874252	1.00000000018993e+15
3.91217564870259	1.00000000019125e+15
3.91716566866267	1.00000000019253e+15
3.92215568862275	1.00000000019376e+15
3.92714570858283	1.00000000019495e+15
3.93213572854291	1.00000000019609e+15
3.93712574850299	1.00000000019718e+15
3.94211576846307	1.00000000019824e+15
3.94710578842315	1.00000000019925e+15
3.95209580838323	1.00000000020023e+15
3.95708582834331	1.00000000020117e+15
3.96207584830339	1.00000000020207e+15
3.96706586826347	1.00000000020294e+15
3.97205588822355	1.00000000020378e+15
3.97704590818363	1.00000000020458e+15
3.98203592814371	1.00000000020535e+15
3.98702594810379	1.0000000002061e+15
3.99201596806387	1.00000000020682e+15
3.99700598802395	1.00000000020751e+15
4.00199600798403	1.00000000020817e+15
4.00698602794411	1.00000000020881e+15
4.01197604790419	1.00000000020942e+15
4.01696606786427	1.00000000021001e+15
4.02195608782435	1.00000000021058e+15
4.02694610778443	1.00000000021113e+15
4.03193612774451	1.00000000021166e+15
4.03692614770459	1.00000000021216e+15
4.04191616766467	1.00000000021265e+15
4.04690618762475	1.00000000021312e+15
4.05189620758483	1.00000000021357e+15
4.05688622754491	1.000000000214e+15
4.06187624750499	1.00000000021442e+15
4.06686626746507	1.00000000021482e+15
4.07185628742515	1.00000000021521e+15
4.07684630738523	1.00000000021558e+15
4.08183632734531	1.00000000021594e+15
4.08682634730539	1.00000000021628e+15
4.09181636726547	1.00000000021662e+15
4.09680638722555	1.00000000021693e+15
4.10179640718563	1.00000000021724e+15
4.10678642714571	1.00000000021754e+15
4.11177644710579	1.00000000021782e+15
4.11676646706587	1.00000000021809e+15
4.12175648702595	1.00000000021836e+15
4.12674650698603	1.00000000021861e+15
4.13173652694611	1.00000000021886e+15
4.13672654690619	1.00000000021909e+15
4.14171656686627	1.00000000021932e+15
4.14670658682635	1.00000000021953e+15
4.15169660678643	1.00000000021974e+15
4.15668662674651	1.00000000021994e+15
4.16167664670659	1.00000000022014e+15
4.16666666666667	1.00000000022032e+15
4.17165668662675	1.0000000002205e+15
4.17664670658683	1.00000000022068e+15
4.18163672654691	1.00000000022084e+15
4.18662674650699	1.000000000221e+15
4.19161676646707	1.00000000022116e+15
4.19660678642715	1.00000000022131e+15
4.20159680638723	1.00000000022145e+15
4.2065868263473	1.00000000022159e+15
4.21157684630739	1.00000000022172e+15
4.21656686626747	1.00000000022185e+15
4.22155688622755	1.00000000022197e+15
4.22654690618762	1.00000000022209e+15
4.2315369261477	1.0000000002222e+15
4.23652694610778	1.00000000022231e+15
4.24151696606786	1.00000000022242e+15
4.24650698602794	1.00000000022252e+15
4.25149700598802	1.00000000022262e+15
4.2564870259481	1.00000000022272e+15
4.26147704590818	1.00000000022281e+15
4.26646706586826	1.00000000022289e+15
4.27145708582834	1.00000000022298e+15
4.27644710578842	1.00000000022306e+15
4.2814371257485	1.00000000022314e+15
4.28642714570858	1.00000000022322e+15
4.29141716566866	1.00000000022329e+15
4.29640718562874	1.00000000022336e+15
4.30139720558882	1.00000000022343e+15
4.3063872255489	1.0000000002235e+15
4.31137724550898	1.00000000022356e+15
4.31636726546906	1.00000000022362e+15
4.32135728542914	1.00000000022368e+15
4.32634730538922	1.00000000022374e+15
4.3313373253493	1.0000000002238e+15
4.33632734530938	1.00000000022385e+15
4.34131736526946	1.0000000002239e+15
4.34630738522954	1.00000000022395e+15
4.35129740518962	1.000000000224e+15
4.3562874251497	1.00000000022405e+15
4.36127744510978	1.0000000002241e+15
4.36626746506986	1.00000000022414e+15
4.37125748502994	1.00000000022419e+15
4.37624750499002	1.00000000022423e+15
4.3812375249501	1.00000000022427e+15
4.38622754491018	1.00000000022431e+15
4.39121756487026	1.00000000022435e+15
4.39620758483034	1.00000000022439e+15
4.40119760479042	1.00000000022443e+15
4.4061876247505	1.00000000022446e+15
4.41117764471058	1.0000000002245e+15
4.41616766467066	1.00000000022453e+15
4.42115768463074	1.00000000022457e+15
4.42614770459082	1.0000000002246e+15
4.4311377245509	1.00000000022464e+15
4.43612774451098	1.00000000022467e+15
4.44111776447106	1.0000000002247e+15
4.44610778443114	1.00000000022473e+15
4.45109780439122	1.00000000022476e+15
4.4560878243513	1.00000000022479e+15
4.46107784431138	1.00000000022482e+15
4.46606786427146	1.00000000022485e+15
4.47105788423154	1.00000000022488e+15
4.47604790419162	1.00000000022491e+15
4.4810379241517	1.00000000022494e+15
4.48602794411178	1.00000000022497e+15
4.49101796407186	1.000000000225e+15
4.49600798403194	1.00000000022503e+15
4.50099800399202	1.00000000022506e+15
4.5059880239521	1.00000000022509e+15
4.51097804391218	1.00000000022512e+15
4.51596806387226	1.00000000022515e+15
4.52095808383234	1.00000000022518e+15
4.52594810379242	1.00000000022521e+15
4.5309381237525	1.00000000022524e+15
4.53592814371257	1.00000000022528e+15
4.54091816367265	1.00000000022531e+15
4.54590818363273	1.00000000022534e+15
4.55089820359281	1.00000000022537e+15
4.55588822355289	1.00000000022541e+15
4.56087824351297	1.00000000022544e+15
4.56586826347305	1.00000000022547e+15
4.57085828343313	1.00000000022551e+15
4.57584830339321	1.00000000022554e+15
4.58083832335329	1.00000000022558e+15
4.58582834331337	1.00000000022562e+15
4.59081836327345	1.00000000022566e+15
4.59580838323353	1.0000000002257e+15
4.60079840319361	1.00000000022574e+15
4.60578842315369	1.00000000022578e+15
4.61077844311377	1.00000000022582e+15
4.61576846307385	1.00000000022587e+15
4.62075848303393	1.00000000022591e+15
4.62574850299401	1.00000000022596e+15
4.63073852295409	1.00000000022601e+15
4.63572854291417	1.00000000022606e+15
4.64071856287425	1.00000000022611e+15
4.64570858283433	1.00000000022616e+15
4.65069860279441	1.00000000022622e+15
4.65568862275449	1.00000000022627e+15
4.66067864271457	1.00000000022633e+15
4.66566866267465	1.00000000022639e+15
4.67065868263473	1.00000000022645e+15
4.67564870259481	1.00000000022652e+15
4.68063872255489	1.00000000022659e+15
4.68562874251497	1.00000000022666e+15
4.69061876247505	1.00000000022673e+15
4.69560878243513	1.0000000002268e+15
4.70059880239521	1.00000000022688e+15
4.70558882235529	1.00000000022696e+15
4.71057884231537	1.00000000022704e+15
4.71556886227545	1.00000000022713e+15
4.72055888223553	1.00000000022721e+15
4.72554890219561	1.00000000022731e+15
4.73053892215569	1.0000000002274e+15
4.73552894211577	1.0000000002275e+15
4.74051896207585	1.0000000002276e+15
4.74550898203593	1.00000000022771e+15
4.75049900199601	1.00000000022782e+15
4.75548902195609	1.00000000022794e+15
4.76047904191617	1.00000000022806e+15
4.76546906187625	1.00000000022818e+15
4.77045908183633	1.00000000022831e+15
4.77544910179641	1.00000000022844e+15
4.78043912175649	1.00000000022858e+15
4.78542914171657	1.00000000022873e+15
4.79041916167665	1.00000000022888e+15
4.79540918163673	1.00000000022903e+15
4.80039920159681	1.00000000022919e+15
4.80538922155689	1.00000000022936e+15
4.81037924151697	1.00000000022953e+15
4.81536926147705	1.00000000022972e+15
4.82035928143713	1.0000000002299e+15
4.82534930139721	1.0000000002301e+15
4.83033932135729	1.0000000002303e+15
4.83532934131737	1.00000000023051e+15
4.84031936127745	1.00000000023073e+15
4.84530938123752	1.00000000023096e+15
4.8502994011976	1.0000000002312e+15
4.85528942115768	1.00000000023144e+15
4.86027944111776	1.0000000002317e+15
4.86526946107784	1.00000000023196e+15
4.87025948103792	1.00000000023224e+15
4.875249500998	1.00000000023253e+15
4.88023952095808	1.00000000023283e+15
4.88522954091816	1.00000000023314e+15
4.89021956087824	1.00000000023346e+15
4.89520958083832	1.00000000023379e+15
4.9001996007984	1.00000000023414e+15
4.90518962075848	1.0000000002345e+15
4.91017964071856	1.00000000023487e+15
4.91516966067864	1.00000000023526e+15
4.92015968063872	1.00000000023567e+15
4.9251497005988	1.00000000023609e+15
4.93013972055888	1.00000000023653e+15
4.93512974051896	1.00000000023698e+15
4.94011976047904	1.00000000023746e+15
4.94510978043912	1.00000000023795e+15
4.9500998003992	1.00000000023846e+15
4.95508982035928	1.00000000023899e+15
4.96007984031936	1.00000000023954e+15
4.96506986027944	1.00000000024012e+15
4.97005988023952	1.00000000024071e+15
4.9750499001996	1.00000000024133e+15
4.98003992015968	1.00000000024198e+15
4.98502994011976	1.00000000024264e+15
4.99001996007984	1.00000000024334e+15
4.99500998003992	1.00000000024406e+15
5	1.00000000024481e+15
