0	19785.4812798213
0.00499001996007984	27098.9259871713
0.00998003992015968	36604.0142548817
0.0149700598802395	48918.5720616054
0.0199600798403194	64832.0928640312
0.0249500998003992	85351.1088462209
0.029940119760479	111756.256694044
0.0349301397205589	145673.893134226
0.0399201596806387	189165.788494964
0.0449101796407186	244841.248007261
0.0499001996007984	315997.011680569
0.0548902195608782	406791.50152996
0.0598802395209581	522461.463914842
0.0648702594810379	669590.847238059
0.0698602794411178	856443.923375152
0.0748502994011976	1093377.27834762
0.0798403193612774	1393348.45040563
0.0848303393213573	1772542.78350111
0.0898203592814371	2251144.61029172
0.094810379241517	2854284.32067246
0.0998003992015968	3613199.37188628
0.104790419161677	4566655.04348656
0.109780439121756	5762679.95394319
0.114770459081836	7260682.28887185
0.119760479041916	9134025.63582581
0.124750499001996	11473158.6130582
0.129740518962076	14389410.5043409
0.134730538922156	18019586.3082154
0.139720558882236	22531519.4782057
0.144710578842315	28130769.7381479
0.149700598802395	35068687.3456972
0.154690618762475	43652104.77037
0.159680638722555	54254962.7618262
0.164670658682635	67332231.1170671
0.169660678642715	83436546.1225182
0.174650698602794	103238057.769381
0.179640718562874	127548061.655592
0.184630738522954	157347084.355002
0.189620758483034	193818198.440787
0.194610778443114	238386465.912911
0.199600798403194	292765548.247716
0.204590818363273	359012679.541734
0.209580838323353	439593378.269398
0.214570858283433	537457475.144073
0.219560878243513	656128261.702009
0.224550898203593	799806818.852207
0.229540918163673	973493869.157483
0.234530938123753	1183131813.48551
0.239520958083832	1435769964.35718
0.244510978043912	1739756377.25742
0.249500998003992	2104960109.71436
0.254491017964072	2543028208.30916
0.259481037924152	3067682237.95322
0.264471057884232	3695059727.4723
0.269461077844311	4444106512.09239
0.274451097804391	5337026607.66798
0.279441117764471	6399796953.65702
0.284431137724551	7662755111.4233
0.289421157684631	9161268800.05414
0.294411177644711	10936496991.1043
0.29940119760479	13036253162.9127
0.30439121756487	15515982229.4137
0.30938123752495	18439863601.1652
0.31437125748503	21882053799.3937
0.31936127744511	25928083017.0471
0.32435129740519	30676420991.8949
0.329341317365269	36240228511.0673
0.334331337325349	42749311787.1042
0.339321357285429	50352297813.0035
0.344311377245509	59219049595.6154
0.349301397205589	69543340857.9074
0.354291417165669	81545810363.1436
0.359281437125749	95477216417.0176
0.364271457085828	111622012313.559
0.369261477045908	130302263470.83
0.374251497005988	151881926714.096
0.379241516966068	176771511566.196
0.384231536926148	205433142454.189
0.389221556886228	238386039393.745
0.394211576846307	276212432922.837
0.399201596806387	319563926779.059
0.404191616766467	369168319005.654
0.409181636726547	425836888787.534
0.414171656686627	490472152320.129
0.419161676646707	564076086365.114
0.424151696606786	647758812817.35
0.429141716566866	742747731573.198
0.434131736526946	850397082236.475
0.439121756487026	972197907719.599
0.444111776447106	1109788384600.37
0.449101796407186	1264964476199.5
0.454091816367265	1439690854785.16
0.459081836327345	1636112029140.79
0.464071856287425	1856563603020.79
0.469061876247505	2103583578855.31
0.474051896207585	2379923609561.04
0.479041916167665	2688560089601.02
0.484031936127745	3032704964668.25
0.489021956087824	3415816127720.52
0.494011976047904	3841607257767.24
0.499001996007984	4314056947020.52
0.503992015968064	4837416952012.89
0.508982035928144	5416219395305.79
0.513972055888224	6055282736738.88
0.518962075848303	6759716327077.14
0.523952095808383	7534923352689.41
0.528942115768463	8386601977821.63
0.533932135728543	9320744491394.95
0.538922155688623	10343634268328.7
0.543912175648703	11461840361411.6
0.548902195608782	12682209548946.2
0.553892215568862	14011855675950.5
0.558882235528942	15458146142773.1
0.563872255489022	17028685414641.7
0.568862275449102	18731295448960.8
0.573852295409182	20573992964064
0.578842315369261	22564963503503.7
0.583832335329341	24712532283629.3
0.588822355289421	27025131848910.7
0.593812375249501	29511266598831.8
0.598802395209581	32179474291781
0.603792415169661	35038284674674.5
0.608782435129741	38096175431456.5
0.61377245508982	41361525688457.8
0.6187624750499	44842567359117.5
0.62375249500998	48547334653999.8
0.62874251497006	52483612123532.7
0.63373253493014	56658881639630.7
0.63872255489022	61080268757472.9
0.643712574850299	65754488929389.2
0.648702594810379	70687794068252.1
0.653692614770459	75885919977270
0.658682634730539	81354035175988
0.663672654690619	87096691658069.9
0.668662674650699	93117778114668.3
0.673652694610778	99420476147574.4
0.678642714570858	106007219978782
0.683632734530938	112879660137592
0.688622754491018	120038631573145
0.693612774451098	127484126599670
0.698602794411178	135215273034237
0.703592814371258	143230317833190
0.708582834331337	151526616474394
0.713572854291417	160100628269057
0.718562874251497	168947917720056
0.723552894211577	178063161974727
0.728542914171657	187440164349955
0.733532934131736	197071873837533
0.738522954091816	206950410429132
0.743512974051896	217067096034221
0.748502994011976	227412490701856
0.753493013972056	237976433799487
0.758483033932136	248748089749783
0.763473053892216	259715997880631
0.768463073852295	270868125904665
0.773453093812375	282191926513345
0.778443113772455	293674396547086
0.783433133732535	305302138187406
0.788423153692615	317061421609462
0.793413173652695	328938248533603
0.798403193612774	340918416122273
0.803393213572854	352987580683442
0.808383233532934	365131320663024
0.813373253493014	377335198435984
0.818363273453094	389584820438134
0.823353293413174	401865895217379
0.828343313373254	414164289023383
0.833333333333333	426466078597671
0.838323353293413	438757600871010
0.843313373253493	451025499320950
0.848303393213573	463256766788634
0.853293413173653	475438784599969
0.858283433133733	487559357881060
0.863273453093812	499606747001051
0.868263473053892	511569695116614
0.873253493013972	523437451830810
0.878243512974052	535199793014658
0.883233532934132	546847036872133
0.888223552894212	558370056358320
0.893213572854291	569760288085982
0.898203592814371	581009737877754
0.903193612774451	592110983139615
0.908183632734531	603057172246262
0.913173652694611	613842021140662
0.918163672654691	624459807358480
0.92315369261477	634905361693564
0.92814371257485	645174057723364
0.93313373253493	655261799413321
0.93812375249501	665165007017135
0.94311377245509	674880601485725
0.94810379241517	684405987591744
0.953093812375249	693739035969157
0.958083832335329	702878064258680
0.963073852295409	711821817540248
0.968063872255489	720569448223149
0.973053892215569	729120495553427
0.978043912175649	737474864886683
0.983033932135729	745632806862718
0.988023952095808	753594896606728
0.993013972055888	761362013070059
0.998003992015968	768935318612098
1.00299401197605	776316238913621
1.00798403193613	783506443301208
1.01297405189621	790507825551891
1.01796407185629	797322485237429
1.02295409181637	803952709658285
1.02794411177645	810400956408654
1.03293413173653	816669836605823
1.03792415169661	822762098809576
1.04291417165669	828680613650532
1.04790419161677	834428359179948
1.05289421157685	840008406947883
1.05788423153693	845423908811423
1.06287425149701	850678084470158
1.06786427145709	855774209722022
1.07285429141717	860715605429042
1.07784431137725	865505627179515
1.08283433133733	870147655630449
1.08782435129741	874645087511902
1.09281437125748	879001327272982
1.09780439121756	883219779347806
1.10279441117764	887303841018492
1.10778443113772	891256895851366
1.1127744510978	895082307681987
1.11776447105788	898783415124082
1.12275449101796	902363526577405
1.12774451097804	905825915709419
1.13273453093812	909173817385928
1.1377245508982	912410424026012
1.14271457085828	915538882357064
1.14770459081836	918562290546219
1.15269461077844	921483695685063
1.15768463073852	924306091605183
1.1626746506986	927032417002830
1.16766467065868	929665553851743
1.17265469061876	932208326083984
1.17764471057884	934663498519464
1.18263473053892	937033776025646
1.187624750499	939321802889838
1.19261477045908	941530162387251
1.19760479041916	943661376528901
1.20259481037924	945717905974257
1.20758483033932	947702150094346
1.2125748502994	949616447171844
1.21756487025948	951463074725474
1.22255489021956	953244249946786
1.22754491017964	954962130238100
1.23253493013972	956618813841196
1.2375249500998	958216340546885
1.24251497005988	959756692476402
1.24750499001996	961241794926054
1.25249500998004	962673517267238
1.25748502994012	964053673894502
1.2624750499002	965384025214833
1.26746506986028	966666278671904
1.27245508982036	967902089799477
1.27744510978044	969093063298636
1.28243512974052	970240754133941
1.2874251497006	971346668644006
1.29241516966068	972412265662398
1.29740518962076	973438957645109
1.30239520958084	974428111801167
1.30738522954092	975381051223320
1.312375249501	976299056015950
1.31736526946108	977183364417729
1.32235528942116	978035173916702
1.32734530938124	978855642355801
1.33233532934132	979645889026936
1.3373253493014	980406995752084
1.34231536926148	981140007949947
1.34730538922156	981845935686909
1.35229540918164	982525754711253
1.35728542914172	983180407469655
1.3622754491018	983810804105199
1.36726546906188	984417823436212
1.37225548902196	985002313915369
1.37724550898204	985565094568632
1.38223552894212	986106955913639
1.3872255489022	986628660857317
1.39221556886228	987130945572485
1.39720558882236	987614520353365
1.40219560878244	988080070449958
1.40718562874252	988528256881261
1.41217564870259	988959717227419
1.41716566866267	989375066400916
1.42215568862275	989774897396961
1.42714570858283	990159782023252
1.43213572854291	990530271609352
1.43712574850299	990886897695951
1.44211576846307	991230172704250
1.44710578842315	991560590585832
1.45209580838323	991878627453286
1.45708582834331	992184742191980
1.46207584830339	992479377053287
1.46706586826347	992762958229678
1.47205588822355	993035896412030
1.47704590818363	993298587329539
1.48203592814371	993551412272631
1.48702594810379	993794738599283
1.49201596806387	994028920225109
1.49700598802395	994254298097660
1.50199600798403	994471200655294
1.50698602794411	994679944271051
1.51197604790419	994880833681910
1.51696606786427	995074162403802
1.52195608782435	995260213132828
1.52694610778443	995439258133002
1.53193612774451	995611559610945
1.53692614770459	995777370077895
1.54191616766467	995936932699386
1.54690618762475	996090481632989
1.55189620758483	996238242354453
1.55688622754491	996380431972609
1.56187624750499	996517259533364
1.56686626746507	996648926313152
1.57185628742515	996775626102134
1.57684630738523	996897545477516
1.58183632734531	997014864067239
1.58682634730539	997127754804424
1.59181636726547	997236384172797
1.59680638722555	997340912443441
1.60179640718563	997441493903135
1.60678642714571	997538277074556
1.61177644710579	997631404928631
1.61676646706587	997721015089284
1.62175648702595	997807240030834
1.62674650698603	997890207268309
1.63173652694611	997970039540895
1.63672654690619	998046854988768
1.64171656686627	998120767323530
1.64670658682635	998191885992468
1.65169660678643	998260316336852
1.65668662674651	998326159744481
1.66167664670659	998389513796665
1.66666666666667	998450472409855
1.67165668662675	998509125972095
1.67664670658683	998565561474475
1.68163672654691	998619862637791
1.68662674650699	998672110034527
1.69161676646707	998722381206385
1.69660678642715	998770750777474
1.70159680638723	998817290563348
1.70658682634731	998862069676004
1.71157684630739	998905154625030
1.71656686626747	998946609414996
1.72155688622754	998986495639259
1.72654690618762	999024872570288
1.7315369261477	999061797246644
1.73652694610778	999097324556746
1.74151696606786	999131507319508
1.74650698602794	999164396362000
1.75149700598802	999196040594214
1.7564870259481	999226487081058
1.76147704590818	999255781111650
1.76646706586826	999283966266060
1.77145708582834	999311084479540
1.77644710578842	999337176104371
1.7814371257485	999362279969397
1.78642714570858	999386433437348
1.79141716566866	999409672459995
1.79640718562874	999432031631276
1.80139720558882	999453544238412
1.8063872255489	999474242311114
1.81137724550898	999494156668958
1.81636726546906	999513316966982
1.82135728542914	999531751739561
1.82634730538922	999549488442654
1.8313373253493	999566553494462
1.83632734530938	999582972314556
1.84131736526946	999598769361543
1.84630738522954	999613968169314
1.85129740518962	999628591381926
1.8562874251497	999642660787186
1.86127744510978	999656197348963
1.86626746506986	999669221238285
1.87125748502994	999681751863273
1.87624750499002	999693807897944
1.8812375249501	999705407309937
1.88622754491018	999716567387176
1.89121756487026	999727304763559
1.89620758483034	999737635443657
1.90119760479042	999747574826487
1.9061876247505	999757137728402
1.91117764471058	999766338405096
1.91616766467066	999775190572804
1.92115768463074	999783707428680
1.92614770459082	999791901670430
1.9311377245509	999799785515182
1.93612774451098	999807370717661
1.94111776447106	999814668587670
1.94610778443114	999821690006912
1.95109780439122	999828445445181
1.9560878243513	999834944975936
1.96107784431138	999841198291300
1.96606786427146	999847214716471
1.97105788423154	999853003223607
1.97604790419162	999858572445187
1.9810379241517	999863930686847
1.98602794411178	999869085939760
1.99101796407186	999874045892526
1.99600798403194	999878817942619
2.00099800399202	999883409207412
2.0059880239521	999887826534764
2.01097804391218	999892076513229
2.01596806387226	999896165481865
2.02095808383234	999900099539679
2.02594810379242	999903884554709
2.03093812375249	999907526172769
2.03592814371257	999911029825858
2.04091816367265	999914400740259
2.04590818363273	999917643944320
2.05089820359281	999920764275946
2.05588822355289	999923766389817
2.06087824351297	999926654764318
2.06586826347305	999929433708212
2.07085828343313	999932107367067
2.07584830339321	999934679729433
2.08083832335329	999937154632785
2.08582834331337	999939535769250
2.09081836327345	999941826691096
2.09580838323353	999944030816047
2.10079840319361	999946151432365
2.10578842315369	999948191703750
2.11077844311377	999950154674072
2.11576846307385	999952043271891
2.12075848303393	999953860314839
2.12574850299401	999955608513811
2.13073852295409	999957290477009
2.13572854291417	999958908713835
2.14071856287425	999960465638629
2.14570858283433	999961963574272
2.15069860279441	999963404755649
2.15568862275449	999964791332980
2.16067864271457	999966125375031
2.16566866267465	999967408872192
2.17065868263473	999968643739453
2.17564870259481	999969831819260
2.18063872255489	999970974884254
2.18562874251497	999972074639924
2.19061876247505	999973132727147
2.19560878243513	999974150724635
2.20059880239521	999975130151294
2.20558882235529	999976072468481
2.21057884231537	999976979082193
2.21556886227545	999977851345160
2.22055888223553	999978690558860
2.22554890219561	999979497975468
2.23053892215569	999980274799713
2.23552894211577	999981022190687
2.24051896207585	999981741263564
2.24550898203593	999982433091275
2.25049900199601	999983098706092
2.25548902195609	999983739101186
2.26047904191617	999984355232092
2.26546906187625	999984948018150
2.27045908183633	999985518343864
2.27544910179641	999986067060227
2.28043912175649	999986594985994
2.28542914171657	999987102908896
2.29041916167665	999987591586818
2.29540918163673	999988061748935
2.30039920159681	999988514096790
2.30538922155689	999988949305349
2.31037924151697	999989368024004
2.31536926147705	999989770877544
2.32035928143713	999990158467084
2.32534930139721	999990531370966
2.33033932135729	999990890145616
2.33532934131737	999991235326386
2.34031936127745	999991567428333
2.34530938123752	999991886947009
2.3502994011976	999992194359184
2.35528942115768	999992490123568
2.36027944111776	999992774681488
2.36526946107784	999993048457552
2.37025948103792	999993311860278
2.375249500998	999993565282710
2.38023952095808	999993809102992
2.38522954091816	999994043684949
2.39021956087824	999994269378618
2.39520958083832	999994486520769
2.4001996007984	999994695435420
2.40518962075848	999994896434307
2.41017964071856	999995089817355
2.41516966067864	999995275873126
2.42015968063872	999995454879250
2.4251497005988	999995627102836
2.43013972055888	999995792800870
2.43512974051896	999995952220607
2.44011976047904	999996105599931
2.44510978043912	999996253167709
2.4500998003992	999996395144140
2.45508982035928	999996531741081
2.46007984031936	999996663162359
2.46506986027944	999996789604079
2.47005988023952	999996911254918
2.4750499001996	999997028296399
2.48003992015968	999997140903171
2.48502994011976	999997249243265
2.49001996007984	999997353478346
2.49500998003992	999997453763952
2.5	999997550249728
2.50499001996008	999997643079650
2.50998003992016	999997732392238
2.51497005988024	999997818320765
2.51996007984032	999997900993450
2.5249500998004	999997980533659
2.52994011976048	999998057060081
2.53493013972056	999998130686908
2.53992015968064	999998201524006
2.54491017964072	999998269677079
2.5499001996008	999998335247823
2.55489021956088	999998398334085
2.55988023952096	999998459029999
2.56487025948104	999998517426138
2.56986027944112	999998573609638
2.5748502994012	999998627664339
2.57984031936128	999998679670899
2.58483033932136	999998729706925
2.58982035928144	999998777847077
2.59481037924152	999998824163192
2.5998003992016	999998868724382
2.60479041916168	999998911597142
2.60978043912176	999998952845449
2.61477045908184	999998992530849
2.61976047904192	999999030712564
2.624750499002	999999067447567
2.62974051896208	999999102790675
2.63473053892216	999999136794626
2.63972055888224	999999169510162
2.64471057884232	999999200986102
2.6497005988024	999999231269413
2.65469061876248	999999260405285
2.65968063872256	999999288437193
2.66467065868263	999999315406968
2.66966067864271	999999341354852
2.67465069860279	999999366319567
2.67964071856287	999999390338365
2.68463073852295	999999413447086
2.68962075848303	999999435680215
2.69461077844311	999999457070925
2.69960079840319	999999477651138
2.70459081836327	999999497451563
2.70958083832335	999999516501746
2.71457085828343	999999534830112
2.71956087824351	999999552464016
2.72455089820359	999999569429767
2.72954091816367	999999585752682
2.73453093812375	999999601457120
2.73952095808383	999999616566514
2.74451097804391	999999631103408
2.74950099800399	999999645089499
2.75449101796407	999999658545653
2.75948103792415	999999671491950
2.76447105788423	999999683947711
2.76946107784431	999999695931520
2.77445109780439	999999707461261
2.77944111776447	999999718554137
2.78443113772455	999999729226703
2.78942115768463	999999739494881
2.79441117764471	999999749373999
2.79940119760479	999999758878793
2.80439121756487	999999768023449
2.80938123752495	999999776821611
2.81437125748503	999999785286412
2.81936127744511	999999793430478
2.82435129740519	999999801265964
2.82934131736527	999999808804562
2.83433133732535	999999816057521
2.83932135728543	999999823035664
2.84431137724551	999999829749404
2.84930139720559	999999836208758
2.85429141716567	999999842423366
2.85928143712575	999999848402503
2.86427145708583	999999854155088
2.86926147704591	999999859689707
2.87425149700599	999999865014616
2.87924151696607	999999870137766
2.88423153692615	999999875066798
2.88922155688623	999999879809066
2.89421157684631	999999884371651
2.89920159680639	999999888761358
2.90419161676647	999999892984739
2.90918163672655	999999897048094
2.91417165668663	999999900957488
2.91916167664671	999999904718754
2.92415169660679	999999908337505
2.92914171656687	999999911819141
2.93413173652695	999999915168856
2.93912175648703	999999918391652
2.94411177644711	999999921492334
2.94910179640719	999999924475530
2.95409181636727	999999927345694
2.95908183632735	999999930107105
2.96407185628743	999999932763886
2.96906187624751	999999935320001
2.97405189620758	999999937779266
2.97904191616766	999999940145348
2.98403193612774	999999942421778
2.98902195608782	999999944611954
2.9940119760479	999999946719143
2.99900199600798	999999948746490
3.00399201596806	999999950697023
3.00898203592814	999999952573648
3.01397205588822	999999954379167
3.0189620758483	999999956116275
3.02395209580838	999999957787564
3.02894211576846	999999959395527
3.03393213572854	999999960942563
3.03892215568862	999999962430983
3.0439121756487	999999963863006
3.04890219560878	999999965240770
3.05389221556886	999999966566330
3.05888223552894	999999967841663
3.06387225548902	999999969068674
3.0688622754491	999999970249195
3.07385229540918	999999971384983
3.07884231536926	999999972477738
3.08383233532934	999999973529087
3.08882235528942	999999974540601
3.0938123752495	999999975513789
3.09880239520958	999999976450101
3.10379241516966	999999977350936
3.10878243512974	999999978217640
3.11377245508982	999999979051503
3.1187624750499	999999979853772
3.12375249500998	999999980625641
3.12874251497006	999999981368265
3.13373253493014	999999982082751
3.13872255489022	999999982770164
3.1437125748503	999999983431532
3.14870259481038	999999984067839
3.15369261477046	999999984680037
3.15868263473054	999999985269040
3.16367265469062	999999985835724
3.1686626746507	999999986380936
3.17365269461078	999999986905491
3.17864271457086	999999987410170
3.18363273453094	999999987895726
3.18862275449102	999999988362885
3.1936127744511	999999988812344
3.19860279441118	999999989244771
3.20359281437126	999999989660814
3.20858283433134	999999990061092
3.21357285429142	999999990446207
3.2185628742515	999999990816726
3.22355289421158	999999991173207
3.22854291417166	999999991516183
3.23353293413174	999999991846161
3.23852295409182	999999992163636
3.2435129740519	999999992469084
3.24850299401198	999999992762956
3.25349301397206	999999993045695
3.25848303393214	999999993317721
3.26347305389222	999999993579439
3.2684630738523	999999993831241
3.27345309381238	999999994073501
3.27844311377246	999999994306584
3.28343313373253	999999994530833
3.28842315369261	999999994746585
3.29341317365269	999999994954165
3.29840319361277	999999995153878
3.30339321357285	999999995346024
3.30838323353293	999999995530890
3.31337325349301	999999995708749
3.31836327345309	999999995879871
3.32335329341317	999999996044509
3.32834331337325	999999996202908
3.33333333333333	999999996355307
3.33832335329341	999999996501930
3.34331337325349	999999996642997
3.34830339321357	999999996778722
3.35329341317365	999999996909302
3.35828343313373	999999997034934
3.36327345309381	999999997155807
3.36826347305389	999999997272098
3.37325349301397	999999997383985
3.37824351297405	999999997491630
3.38323353293413	999999997595199
3.38822355289421	999999997694842
3.39321357285429	999999997790710
3.39820359281437	999999997882946
3.40319361277445	999999997971687
3.40818363273453	999999998057066
3.41317365269461	999999998139210
3.41816367265469	999999998218240
3.42315369261477	999999998294277
3.42814371257485	999999998367433
3.43313373253493	999999998437816
3.43812375249501	999999998505532
3.44311377245509	999999998570684
3.44810379241517	999999998633366
3.45309381237525	999999998693674
3.45808383233533	999999998751696
3.46307385229541	999999998807520
3.46806387225549	999999998861228
3.47305389221557	999999998912902
3.47804391217565	999999998962617
3.48303393213573	999999999010449
3.48802395209581	999999999056469
3.49301397205589	999999999100745
3.49800399201597	999999999143344
3.50299401197605	999999999184328
3.50798403193613	999999999223760
3.51297405189621	999999999261695
3.51796407185629	999999999298196
3.52295409181637	999999999333313
3.52794411177645	999999999367099
3.53293413173653	999999999399605
3.53792415169661	999999999430879
3.54291417165669	999999999460969
3.54790419161677	999999999489918
3.55289421157685	999999999517770
3.55788423153693	999999999544568
3.56287425149701	999999999570350
3.56786427145709	999999999595155
3.57285429141717	999999999619019
3.57784431137725	999999999641980
3.58283433133733	999999999664070
3.58782435129741	999999999685325
3.59281437125748	999999999705772
3.59780439121757	999999999725447
3.60279441117764	999999999744374
3.60778443113772	999999999762586
3.6127744510978	999999999780107
3.61776447105788	999999999796963
3.62275449101796	999999999813183
3.62774451097804	999999999828787
3.63273453093812	999999999843799
3.6377245508982	999999999858242
3.64271457085828	999999999872139
3.64770459081836	999999999885509
3.65269461077844	999999999898372
3.65768463073852	999999999910750
3.6626746506986	999999999922656
3.66766467065868	999999999934112
3.67265469061876	999999999945135
3.67764471057884	999999999955738
3.68263473053892	999999999965941
3.687624750499	999999999975755
3.69261477045908	999999999985200
3.69760479041916	999999999994286
3.70259481037924	1.00000000000303e+15
3.70758483033932	1.00000000001144e+15
3.7125748502994	1.00000000001953e+15
3.71756487025948	1.00000000002732e+15
3.72255489021956	1.00000000003481e+15
3.72754491017964	1.00000000004201e+15
3.73253493013972	1.00000000004895e+15
3.7375249500998	1.00000000005562e+15
3.74251497005988	1.00000000006203e+15
3.74750499001996	1.00000000006821e+15
3.75249500998004	1.00000000007415e+15
3.75748502994012	1.00000000007987e+15
3.7624750499002	1.00000000008537e+15
3.76746506986028	1.00000000009066e+15
3.77245508982036	1.00000000009575e+15
3.77744510978044	1.00000000010065e+15
3.78243512974052	1.00000000010536e+15
3.7874251497006	1.00000000010989e+15
3.79241516966068	1.00000000011425e+15
3.79740518962076	1.00000000011845e+15
3.80239520958084	1.00000000012249e+15
3.80738522954092	1.00000000012637e+15
3.812375249501	1.00000000013011e+15
3.81736526946108	1.0000000001337e+15
3.82235528942116	1.00000000013716e+15
3.82734530938124	1.00000000014049e+15
3.83233532934132	1.00000000014369e+15
3.8373253493014	1.00000000014677e+15
3.84231536926148	1.00000000014974e+15
3.84730538922156	1.00000000015259e+15
3.85229540918164	1.00000000015533e+15
3.85728542914172	1.00000000015797e+15
3.8622754491018	1.00000000016051e+15
3.86726546906188	1.00000000016296e+15
3.87225548902196	1.00000000016531e+15
3.87724550898204	1.00000000016757e+15
3.88223552894212	1.00000000016975e+15
3.8872255489022	1.00000000017184e+15
3.89221556886228	1.00000000017385e+15
3.89720558882236	1.00000000017579e+15
3.90219560878243	1.00000000017766e+15
3.90718562874252	1.00000000017945e+15
3.91217564870259	1.00000000018118e+15
3.91716566866267	1.00000000018284e+15
3.92215568862275	1.00000000018444e+15
3.92714570858283	1.00000000018597e+15
3.93213572854291	1.00000000018745e+15
3.93712574850299	1.00000000018888e+15
3.94211576846307	1.00000000019024e+15
3.94710578842315	1.00000000019156e+15
3.95209580838323	1.00000000019283e+15
3.95708582834331	1.00000000019405e+15
3.96207584830339	1.00000000019522e+15
3.96706586826347	1.00000000019635e+15
3.97205588822355	1.00000000019744e+15
3.97704590818363	1.00000000019848e+15
3.98203592814371	1.00000000019949e+15
3.98702594810379	1.00000000020046e+15
3.99201596806387	1.00000000020138e+15
3.99700598802395	1.00000000020228e+15
4.00199600798403	1.00000000020314e+15
4.00698602794411	1.00000000020397e+15
4.01197604790419	1.00000000020477e+15
4.01696606786427	1.00000000020554e+15
4.02195608782435	1.00000000020628e+15
4.02694610778443	1.00000000020698e+15
4.03193612774451	1.00000000020767e+15
4.03692614770459	1.00000000020832e+15
4.04191616766467	1.00000000020896e+15
4.04690618762475	1.00000000020957e+15
4.05189620758483	1.00000000021015e+15
4.05688622754491	1.00000000021072e+15
4.06187624750499	1.00000000021126e+15
4.06686626746507	1.00000000021178e+15
4.07185628742515	1.00000000021228e+15
4.07684630738523	1.00000000021277e+15
4.08183632734531	1.00000000021323e+15
4.08682634730539	1.00000000021368e+15
4.09181636726547	1.00000000021411e+15
4.09680638722555	1.00000000021452e+15
4.10179640718563	1.00000000021492e+15
4.10678642714571	1.0000000002153e+15
4.11177644710579	1.00000000021567e+15
4.11676646706587	1.00000000021603e+15
4.12175648702595	1.00000000021637e+15
4.12674650698603	1.0000000002167e+15
4.13173652694611	1.00000000021701e+15
4.13672654690619	1.00000000021732e+15
4.14171656686627	1.00000000021761e+15
4.14670658682635	1.00000000021789e+15
4.15169660678643	1.00000000021816e+15
4.15668662674651	1.00000000021843e+15
4.16167664670659	1.00000000021868e+15
4.16666666666667	1.00000000021892e+15
4.17165668662675	1.00000000021915e+15
4.17664670658683	1.00000000021938e+15
4.18163672654691	1.00000000021959e+15
4.18662674650699	1.0000000002198e+15
4.19161676646707	1.00000000022e+15
4.19660678642715	1.00000000022019e+15
4.20159680638723	1.00000000022038e+15
4.2065868263473	1.00000000022056e+15
4.21157684630739	1.00000000022073e+15
4.21656686626747	1.00000000022089e+15
4.22155688622755	1.00000000022105e+15
4.22654690618762	1.00000000022121e+15
4.2315369261477	1.00000000022135e+15
4.23652694610778	1.00000000022149e+15
4.24151696606786	1.00000000022163e+15
4.24650698602794	1.00000000022176e+15
4.25149700598802	1.00000000022189e+15
4.2564870259481	1.00000000022201e+15
4.26147704590818	1.00000000022213e+15
4.26646706586826	1.00000000022224e+15
4.27145708582834	1.00000000022235e+15
4.27644710578842	1.00000000022246e+15
4.2814371257485	1.00000000022256e+15
4.28642714570858	1.00000000022266e+15
4.29141716566866	1.00000000022276e+15
4.29640718562874	1.00000000022285e+15
4.30139720558882	1.00000000022294e+15
4.3063872255489	1.00000000022302e+15
4.31137724550898	1.0000000002231e+15
4.31636726546906	1.00000000022318e+15
4.32135728542914	1.00000000022326e+15
4.32634730538922	1.00000000022333e+15
4.3313373253493	1.0000000002234e+15
4.33632734530938	1.00000000022347e+15
4.34131736526946	1.00000000022354e+15
4.34630738522954	1.0000000002236e+15
4.35129740518962	1.00000000022367e+15
4.3562874251497	1.00000000022373e+15
4.36127744510978	1.00000000022379e+15
4.36626746506986	1.00000000022384e+15
4.37125748502994	1.0000000002239e+15
4.37624750499002	1.00000000022395e+15
4.3812375249501	1.000000000224e+15
4.38622754491018	1.00000000022405e+15
4.39121756487026	1.0000000002241e+15
4.39620758483034	1.00000000022415e+15
4.40119760479042	1.0000000002242e+15
4.4061876247505	1.00000000022424e+15
4.41117764471058	1.00000000022429e+15
4.41616766467066	1.00000000022433e+15
4.42115768463074	1.00000000022437e+15
4.42614770459082	1.00000000022441e+15
4.4311377245509	1.00000000022445e+15
4.43612774451098	1.00000000022449e+15
4.44111776447106	1.00000000022453e+15
4.44610778443114	1.00000000022457e+15
4.45109780439122	1.00000000022461e+15
4.4560878243513	1.00000000022464e+15
4.46107784431138	1.00000000022468e+15
4.46606786427146	1.00000000022472e+15
4.47105788423154	1.00000000022475e+15
4.47604790419162	1.00000000022479e+15
4.4810379241517	1.00000000022482e+15
4.48602794411178	1.00000000022486e+15
4.49101796407186	1.00000000022489e+15
4.49600798403194	1.00000000022492e+15
4.50099800399202	1.00000000022496e+15
4.5059880239521	1.00000000022499e+15
4.51097804391218	1.00000000022502e+15
4.51596806387226	1.00000000022506e+15
4.52095808383234	1.00000000022509e+15
4.52594810379242	1.00000000022513e+15
4.5309381237525	1.00000000022516e+15
4.53592814371257	1.0000000002252e+15
4.54091816367265	1.00000000022523e+15
4.54590818363273	1.00000000022527e+15
4.55089820359281	1.0000000002253e+15
4.55588822355289	1.00000000022534e+15
4.56087824351297	1.00000000022537e+15
4.56586826347305	1.00000000022541e+15
4.57085828343313	1.00000000022545e+15
4.57584830339321	1.00000000022549e+15
4.58083832335329	1.00000000022553e+15
4.58582834331337	1.00000000022556e+15
4.59081836327345	1.00000000022561e+15
4.59580838323353	1.00000000022565e+15
4.60079840319361	1.00000000022569e+15
4.60578842315369	1.00000000022573e+15
4.61077844311377	1.00000000022578e+15
4.61576846307385	1.00000000022582e+15
4.62075848303393	1.00000000022587e+15
4.62574850299401	1.00000000022592e+15
4.63073852295409	1.00000000022597e+15
4.63572854291417	1.00000000022602e+15
4.64071856287425	1.00000000022607e+15
4.64570858283433	1.00000000022613e+15
4.65069860279441	1.00000000022618e+15
4.65568862275449	1.00000000022624e+15
4.66067864271457	1.0000000002263e+15
4.66566866267465	1.00000000022636e+15
4.67065868263473	1.00000000022643e+15
4.67564870259481	1.00000000022649e+15
4.68063872255489	1.00000000022656e+15
4.68562874251497	1.00000000022663e+15
4.69061876247505	1.0000000002267e+15
4.69560878243513	1.00000000022678e+15
4.70059880239521	1.00000000022685e+15
4.70558882235529	1.00000000022694e+15
4.71057884231537	1.00000000022702e+15
4.71556886227545	1.00000000022711e+15
4.72055888223553	1.0000000002272e+15
4.72554890219561	1.00000000022729e+15
4.73053892215569	1.00000000022739e+15
4.73552894211577	1.00000000022748e+15
4.74051896207585	1.00000000022759e+15
4.74550898203593	1.0000000002277e+15
4.75049900199601	1.00000000022781e+15
4.75548902195609	1.00000000022792e+15
4.76047904191617	1.00000000022804e+15
4.76546906187625	1.00000000022817e+15
4.77045908183633	1.0000000002283e+15
4.77544910179641	1.00000000022843e+15
4.78043912175649	1.00000000022857e+15
4.78542914171657	1.00000000022872e+15
4.79041916167665	1.00000000022886e+15
4.79540918163673	1.00000000022902e+15
4.80039920159681	1.00000000022918e+15
4.80538922155689	1.00000000022935e+15
4.81037924151697	1.00000000022953e+15
4.81536926147705	1.00000000022971e+15
4.82035928143713	1.0000000002299e+15
4.82534930139721	1.00000000023009e+15
4.83033932135729	1.00000000023029e+15
4.83532934131737	1.00000000023051e+15
4.84031936127745	1.00000000023073e+15
4.84530938123752	1.00000000023095e+15
4.8502994011976	1.00000000023119e+15
4.85528942115768	1.00000000023144e+15
4.86027944111776	1.00000000023169e+15
4.86526946107784	1.00000000023196e+15
4.87025948103792	1.00000000023223e+15
4.875249500998	1.00000000023252e+15
4.88023952095808	1.00000000023282e+15
4.88522954091816	1.00000000023313e+15
4.89021956087824	1.00000000023345e+15
4.89520958083832	1.00000000023379e+15
4.9001996007984	1.00000000023414e+15
4.90518962075848	1.0000000002345e+15
4.91017964071856	1.00000000023487e+15
4.91516966067864	1.00000000023526e+15
4.92015968063872	1.00000000023567e+15
4.9251497005988	1.00000000023609e+15
4.93013972055888	1.00000000023653e+15
4.93512974051896	1.00000000023698e+15
4.94011976047904	1.00000000023746e+15
4.94510978043912	1.00000000023795e+15
4.9500998003992	1.00000000023846e+15
4.95508982035928	1.00000000023899e+15
4.96007984031936	1.00000000023954e+15
4.96506986027944	1.00000000024011e+15
4.97005988023952	1.00000000024071e+15
4.9750499001996	1.00000000024133e+15
4.98003992015968	1.00000000024197e+15
4.98502994011976	1.00000000024264e+15
4.99001996007984	1.00000000024334e+15
4.99500998003992	1.00000000024406e+15
5	1.00000000024481e+15
