0	0.3
0.00499001996007984	0.293224242038137
0.00998003992015968	0.286535854761295
0.0149700598802395	0.279923715069368
0.0199600798403194	0.273379321386173
0.0249500998003992	0.266896150031559
0.029940119760479	0.260469178014787
0.0349301397205589	0.254094526323466
0.0399201596806387	0.247769191481826
0.0449101796407186	0.241490842400096
0.0499001996007984	0.235257665908076
0.0548902195608782	0.229068248833841
0.0598802395209581	0.222921487669688
0.0648702594810379	0.216816519162149
0.0698602794411178	0.210752666836587
0.0748502994011976	0.204729399699109
0.0798403193612774	0.198746300272876
0.0848303393213573	0.192803039808945
0.0898203592814371	0.186899359024924
0.094810379241517	0.181035053112056
0.0998003992015968	0.17520996004496
0.104790419161677	0.169423951451615
0.109780439121756	0.163676925471583
0.114770459081836	0.15796880116088
0.119760479041916	0.152299514101938
0.124750499001996	0.146669012954005
0.129740518962076	0.141077256738556
0.134730538922156	0.135524212700022
0.139720558882236	0.130009854617508
0.144710578842315	0.124534161470523
0.149700598802395	0.119097116383007
0.154690618762475	0.113698705786438
0.159680638722555	0.108338918755637
0.164670658682635	0.103017746480895
0.169660678642715	0.0977351818478614
0.174650698602794	0.092491219102716
0.179640718562874	0.0872858535849482
0.184630738522954	0.0821190815137777
0.189620758483034	0.0769908998172063
0.194610778443114	0.0719013059949872
0.199600798403194	0.0668502980086136
0.204590818363273	0.0618378741928549
0.209580838323353	0.0568640331844988
0.214570858283433	0.0519287738648418
0.219560878243513	0.0470320953131784
0.224550898203593	0.0421739967690901
0.229540918163673	0.037354477601782
0.234530938123753	0.0325735372850566
0.239520958083832	0.0278311753767984
0.244510978043912	0.0231273915020575
0.249500998003992	0.0184621853389967
0.254491017964072	0.0138355566071059
0.259481037924152	0.00924750505719586
0.264471057884232	0.00469803046276873
0.269461077844311	0.000187132612436165
0.274451097804391	-0.00428518869689714
0.279441117764471	-0.00871893366632001
0.284431137724551	-0.0131141025008765
0.289421157684631	-0.0174706954153842
0.294411177644711	-0.0217887126402725
0.29940119760479	-0.0260681544275889
0.30439121756487	-0.0303090210573192
0.30938123752495	-0.0345113128441567
0.31437125748503	-0.0386750301448575
0.31936127744511	-0.0428001733663212
0.32435129740519	-0.0468867429745377
0.329341317365269	-0.0509347395045474
0.334331337325349	-0.0549441635715722
0.339321357285429	-0.0589150158834789
0.344311377245509	-0.0628472972547539
0.349301397205589	-0.0667410086221737
0.354291417165669	-0.0705961510623747
0.359281437125749	-0.074412725811535
0.364271457085828	-0.0781907342874016
0.369261477045908	-0.0819301781139063
0.374251497005988	-0.0856310591486373
0.379241516966068	-0.0892933795134425
0.384231536926148	-0.0929171416284671
0.389221556886228	-0.0965023482499374
0.394211576846307	-0.100049002512025
0.399201596806387	-0.103557107973142
0.404191616766467	-0.107026668667033
0.409181636726547	-0.110457689159043
0.414171656686627	-0.113850174607969
0.419161676646707	-0.117204130833881
0.424151696606786	-0.120519564392366
0.429141716566866	-0.123796482655584
0.434131736526946	-0.127034893900606
0.439121756487026	-0.130234807405449
0.444111776447106	-0.133396233553242
0.449101796407186	-0.136519183944974
0.454091816367265	-0.139603671521213
0.459081836327345	-0.142649710693235
0.464071856287425	-0.145657317483918
0.469061876247505	-0.148626509678784
0.474051896207585	-0.151557306987499
0.479041916167665	-0.154449731216133
0.484031936127745	-0.157303806450407
0.489021956087824	-0.160119559250135
0.494011976047904	-0.162897018854971
0.499001996007984	-0.165636217401535
0.503992015968064	-0.168337190151901
0.508982035928144	-0.17099997573335
0.513972055888224	-0.173624616389196
0.518962075848303	-0.176211158240413
0.523952095808383	-0.17875965155767
0.528942115768463	-0.181270151043277
0.533932135728543	-0.183742716122446
0.538922155688623	-0.186177411243118
0.543912175648703	-0.188574306183534
0.548902195608782	-0.190933476366561
0.553892215568862	-0.193255003179684
0.558882235528942	-0.195538974299444
0.563872255489022	-0.197785484018983
0.568862275449102	-0.199994633577236
0.573852295409182	-0.202166531488204
0.578842315369261	-0.204301293868627
0.583832335329341	-0.206399044762287
0.588822355289421	-0.208459916459086
0.593812375249501	-0.210484049806958
0.598802395209581	-0.212471594514636
0.603792415169661	-0.21442270944322
0.608782435129741	-0.216337562884502
0.61377245508982	-0.218216332823949
0.6187624750499	-0.220059207186296
0.62375249500998	-0.221866384061707
0.62874251497006	-0.223638071910507
0.63373253493014	-0.225374489744576
0.63872255489022	-0.227075867283572
0.643712574850299	-0.228742445084264
0.648702594810379	-0.230374474641391
0.653692614770459	-0.231972218458598
0.658682634730539	-0.233535950088196
0.663672654690619	-0.235065954138633
0.668662674650699	-0.236562526248808
0.673652694610778	-0.238025973028524
0.678642714570858	-0.239456611964634
0.683632734530938	-0.240854771292636
0.688622754491018	-0.242220789833715
0.693612774451098	-0.243555016797462
0.698602794411178	-0.244857811550748
0.703592814371258	-0.246129543353434
0.708582834331337	-0.247370591061851
0.713572854291417	-0.248581342801197
0.718562874251497	-0.249762195608192
0.723552894211577	-0.250913555045537
0.728542914171657	-0.252035834789908
0.733532934131736	-0.253129456195367
0.738522954091816	-0.25419484783422
0.743512974051896	-0.255232445017483
0.748502994011976	-0.256242689297214
0.753493013972056	-0.257226027953059
0.758483033932136	-0.258182913465408
0.763473053892216	-0.259113802977621
0.768463073852295	-0.260019157749775
0.773453093812375	-0.260899442606399
0.778443113772455	-0.261755125380631
0.783433133732535	-0.262586676357204
0.788423153692615	-0.26339456771658
0.793413173652695	-0.264179272982509
0.798403193612774	-0.264941266475169
0.803393213572854	-0.265681022771957
0.808383233532934	-0.266399016177876
0.813373253493014	-0.26709572020733
0.818363273453094	-0.267771607079029
0.823353293413174	-0.268427147225528
0.828343313373254	-0.269062808818807
0.833333333333333	-0.269679057313143
0.838323353293413	-0.270276355006365
0.843313373253493	-0.270855160620445
0.848303393213573	-0.271415928902225
0.853293413173653	-0.271959110244924
0.858283433133733	-0.272485150330955
0.863273453093812	-0.272994489796411
0.868263473053892	-0.273487563917465
0.873253493013972	-0.27396480231882
0.878243512974052	-0.274426628704193
0.883233532934132	-0.274873460608732
0.888223552894212	-0.27530570917317
0.893213572854291	-0.275723778939395
0.898203592814371	-0.276128067667067
0.903193612774451	-0.276518966170815
0.908183632734531	-0.276896858177483
0.913173652694611	-0.27726212020284
0.918163672654691	-0.277615121447108
0.92315369261477	-0.277956223708635
0.92814371257485	-0.27828578131498
0.93313373253493	-0.278604141070675
0.93812375249501	-0.278911642220879
0.94311377245509	-0.279208616430147
0.94810379241517	-0.27949538777551
0.953093812375249	-0.279772272753064
0.958083832335329	-0.28003958029727
0.963073852295409	-0.280297611812158
0.968063872255489	-0.28054666121365
0.973053892215569	-0.280787014982228
0.978043912175649	-0.281018952225172
0.983033932135729	-0.281242744747631
0.988023952095808	-0.281458657131808
0.993013972055888	-0.281666946823541
0.998003992015968	-0.281867864225615
1.00299401197605	-0.282061652797146
1.00798403193613	-0.282248549158409
1.01297405189621	-0.282428783200519
1.01796407185629	-0.282602578199381
1.02295409181637	-0.282770150933373
1.02794411177645	-0.282931711804246
1.03293413173653	-0.283087464960751
1.03792415169661	-0.283237608424539
1.04291417165669	-0.283382334217886
1.04790419161677	-0.283521828492868
1.05289421157685	-0.28365627166157
1.05788423153693	-0.283785838527008
1.06287425149701	-0.283910698414418
1.06786427145709	-0.28403101530261
1.07285429141717	-0.284146947955116
1.07784431137725	-0.284258650050861
1.08283433133733	-0.284366270314128
1.08782435129741	-0.284469952643599
1.09281437125748	-0.284569836240276
1.09780439121756	-0.284666055734094
1.10279441117764	-0.284758741309084
1.10778443113772	-0.284848018826919
1.1127744510978	-0.284934009948739
1.11776447105788	-0.285016832255112
1.12275449101796	-0.285096599364059
1.12774451097804	-0.285173421047036
1.13273453093812	-0.285247403342812
1.1377245508982	-0.285318648669164
1.14271457085828	-0.285387255932348
1.14770459081836	-0.285453320634304
1.15269461077844	-0.285516934977543
1.15768463073852	-0.285578187967715
1.1626746506986	-0.285637165513818
1.16766467065868	-0.285693950526046
1.17265469061876	-0.285748623011278
1.17764471057884	-0.285801260166192
1.18263473053892	-0.285851936468023
1.187624750499	-0.285900723762982
1.19261477045908	-0.285947691352327
1.19760479041916	-0.28599290607614
1.20259481037924	-0.286036432394802
1.20758483033932	-0.286078332468214
1.2125748502994	-0.286118666232782
1.21756487025948	-0.286157491476208
1.22255489021956	-0.286194863910106
1.22754491017964	-0.286230837240497
1.23253493013972	-0.286265463236204
1.2375249500998	-0.286298791795206
1.24251497005988	-0.286330871008966
1.24750499001996	-0.286361747224799
1.25249500998004	-0.286391465106304
1.25748502994012	-0.286420067691918
1.2624750499002	-0.286447596451617
1.26746506986028	-0.286474091341825
1.27245508982036	-0.286499590858566
1.27744510978044	-0.286524132088904
1.28243512974052	-0.286547750760709
1.2874251497006	-0.286570481290808
1.29241516966068	-0.286592356831541
1.29740518962076	-0.286613409315791
1.30239520958084	-0.286633669500507
1.30738522954092	-0.286653167008776
1.312375249501	-0.286671930370481
1.31736526946108	-0.286689987061582
1.32235528942116	-0.286707363542069
1.32734530938124	-0.28672408529262
1.33233532934132	-0.286740176849998
1.3373253493014	-0.28675566184124
1.34231536926148	-0.286770563016658
1.34730538922156	-0.286784902281701
1.35229540918164	-0.286798700727708
1.35728542914172	-0.286811978661585
1.3622754491018	-0.286824755634447
1.36726546906188	-0.286837050469249
1.37225548902196	-0.286848881287452
1.37724550898204	-0.286860265534735
1.38223552894212	-0.286871220005805
1.3872255489022	-0.286881760868322
1.39221556886228	-0.286891903685971
1.39720558882236	-0.286901663440712
1.40219560878244	-0.286911054554235
1.40718562874252	-0.286920090908639
1.41217564870259	-0.286928785866374
1.41716566866267	-0.286937152289464
1.42215568862275	-0.286945202558029
1.42714570858283	-0.286952948588149
1.43213572854291	-0.286960401849069
1.43712574850299	-0.286967573379788
1.44211576846307	-0.286974473805039
1.44710578842315	-0.286981113350691
1.45209580838323	-0.286987501858589
1.45708582834331	-0.286993648800848
1.46207584830339	-0.286999563293629
1.46706586826347	-0.287005254110406
1.47205588822355	-0.287010729694753
1.47704590818363	-0.287015998172653
1.48203592814371	-0.287021067364358
1.48702594810379	-0.287025944795817
1.49201596806387	-0.287030637709676
1.49700598802395	-0.287035153075874
1.50199600798403	-0.28703949760185
1.50698602794411	-0.287043677742372
1.51197604790419	-0.287047699709
1.51696606786427	-0.287051569479202
1.52195608782435	-0.287055292805125
1.52694610778443	-0.287058875222054
1.53193612774451	-0.287062322056541
1.53692614770459	-0.287065638434245
1.54191616766467	-0.28706882928747
1.54690618762475	-0.287071899362433
1.55189620758483	-0.287074853226251
1.55688622754491	-0.287077695273676
1.56187624750499	-0.287080429733572
1.56686626746507	-0.287083060675158
1.57185628742515	-0.287085592014009
1.57684630738523	-0.287088027517841
1.58183632734531	-0.287090370812073
1.58682634730539	-0.287092625385186
1.59181636726547	-0.287094794593883
1.59680638722555	-0.287096881668045
1.60179640718563	-0.287098889715516
1.60678642714571	-0.287100821726696
1.61177644710579	-0.287102680578974
1.61676646706587	-0.287104469040983
1.62175648702595	-0.287106189776701
1.62674650698603	-0.287107845349401
1.63173652694611	-0.287109438225448
1.63672654690619	-0.287110970777954
1.64171656686627	-0.287112445290297
1.64670658682635	-0.287113863959508
1.65169660678643	-0.28711522889953
1.65668662674651	-0.287116542144354
1.66167664670659	-0.287117805651038
1.66666666666667	-0.287119021302611
1.67165668662675	-0.28712019091087
1.67664670658683	-0.287121316219071
1.68163672654691	-0.287122398904514
1.68662674650699	-0.287123440581041
1.69161676646707	-0.287124442801429
1.69660678642715	-0.287125407059696
1.70159680638723	-0.287126334793329
1.70658682634731	-0.287127227385412
1.71157684630739	-0.287128086166688
1.71656686626747	-0.287128912417536
1.72155688622754	-0.287129707369872
1.72654690618762	-0.287130472208987
1.7315369261477	-0.287131208075306
1.73652694610778	-0.287131916066085
1.74151696606786	-0.287132597237045
1.74650698602794	-0.287133252603941
1.75149700598802	-0.287133883144074
1.7564870259481	-0.287134489797748
1.76147704590818	-0.287135073469665
1.76646706586826	-0.287135635030278
1.77145708582834	-0.287136175317079
1.77644710578842	-0.287136695135852
1.7814371257485	-0.287137195261872
1.78642714570858	-0.287137676441056
1.79141716566866	-0.287138139391078
1.79640718562874	-0.287138584802435
1.80139720558882	-0.287139013339478
1.8063872255489	-0.287139425641397
1.81137724550898	-0.28713982232318
1.81636726546906	-0.287140203976522
1.82135728542914	-0.287140571170712
1.82634730538922	-0.287140924453479
1.8313373253493	-0.287141264351807
1.83632734530938	-0.287141591372723
1.84131736526946	-0.287141906004049
1.84630738522954	-0.287142208715134
1.85129740518962	-0.287142499957548
1.8562874251497	-0.287142780165759
1.86127744510978	-0.287143049757779
1.86626746506986	-0.287143309135785
1.87125748502994	-0.287143558686723
1.87624750499002	-0.287143798782882
1.8812375249501	-0.28714402978245
1.88622754491018	-0.287144252030045
1.89121756487026	-0.287144465857235
1.89620758483034	-0.287144671583024
1.90119760479042	-0.287144869514335
1.9061876247505	-0.287145059946465
1.91117764471058	-0.287145243163523
1.91616766467066	-0.287145419438857
1.92115768463074	-0.287145589035461
1.92614770459082	-0.287145752206364
1.9311377245509	-0.287145909195012
1.93612774451098	-0.287146060235628
1.94111776447106	-0.287146205553561
1.94610778443114	-0.287146345365624
1.95109780439122	-0.287146479880418
1.9560878243513	-0.287146609298638
1.96107784431138	-0.287146733813379
1.96606786427146	-0.287146853610419
1.97105788423154	-0.287146968868499
1.97604790419162	-0.287147079759589
1.9810379241517	-0.287147186449142
1.98602794411178	-0.287147289096344
1.99101796407186	-0.287147387854351
1.99600798403194	-0.287147482870515
2.00099800399202	-0.287147574286607
2.0059880239521	-0.287147662239026
2.01097804391218	-0.287147746859004
2.01596806387226	-0.2871478282728
2.02095808383234	-0.287147906601892
2.02594810379242	-0.287147981963153
2.03093812375249	-0.287148054469029
2.03592814371257	-0.287148124227706
2.04091816367265	-0.287148191343273
2.04590818363273	-0.287148255915871
2.05089820359281	-0.287148318041851
2.05588822355289	-0.287148377813911
2.06087824351297	-0.28714843532124
2.06586826347305	-0.287148490649644
2.07085828343313	-0.287148543881681
2.07584830339321	-0.287148595096779
2.08083832335329	-0.287148644371359
2.08582834331337	-0.287148691778944
2.09081836327345	-0.287148737390274
2.09580838323353	-0.287148781273406
2.10079840319361	-0.28714882349382
2.10578842315369	-0.287148864114516
2.11077844311377	-0.287148903196106
2.11576846307385	-0.287148940796904
2.12075848303393	-0.287148976973018
2.12574850299401	-0.287149011778427
2.13073852295409	-0.287149045265067
2.13572854291417	-0.287149077482905
2.14071856287425	-0.287149108480015
2.14570858283433	-0.28714913830265
2.15069860279441	-0.28714916699531
2.15568862275449	-0.287149194600809
2.16067864271457	-0.287149221160339
2.16566866267465	-0.287149246713532
2.17065868263473	-0.287149271298517
2.17564870259481	-0.287149294951979
2.18063872255489	-0.287149317709214
2.18562874251497	-0.287149339604178
2.19061876247505	-0.287149360669544
2.19560878243513	-0.287149380936744
2.20059880239521	-0.28714940043602
2.20558882235529	-0.28714941919647
2.21057884231537	-0.287149437246086
2.21556886227545	-0.287149454611803
2.22055888223553	-0.287149471319533
2.22554890219561	-0.287149487394207
2.23053892215569	-0.287149502859811
2.23552894211577	-0.287149517739424
2.24051896207585	-0.287149532055247
2.24550898203593	-0.287149545828644
2.25049900199601	-0.287149559080166
2.25548902195609	-0.287149571829587
2.26047904191617	-0.287149584095932
2.26546906187625	-0.287149595897504
2.27045908183633	-0.287149607251914
2.27544910179641	-0.287149618176105
2.28043912175649	-0.287149628686378
2.28542914171657	-0.287149638798415
2.29041916167665	-0.287149648527306
2.29540918163673	-0.287149657887569
2.30039920159681	-0.287149666893171
2.30538922155689	-0.287149675557549
2.31037924151697	-0.287149683893634
2.31536926147705	-0.287149691913863
2.32035928143713	-0.287149699630205
2.32534930139721	-0.287149707054174
2.33033932135729	-0.287149714196847
2.33532934131737	-0.287149721068884
2.34031936127745	-0.287149727680539
2.34530938123752	-0.287149734041677
2.3502994011976	-0.287149740161791
2.35528942115768	-0.287149746050013
2.36027944111776	-0.28714975171513
2.36526946107784	-0.287149757165594
2.37025948103792	-0.28714976240954
2.375249500998	-0.287149767454791
2.38023952095808	-0.287149772308878
2.38522954091816	-0.287149776979042
2.39021956087824	-0.287149781472253
2.39520958083832	-0.287149785795216
2.4001996007984	-0.287149789954381
2.40518962075848	-0.287149793955955
2.41017964071856	-0.287149797805908
2.41516966067864	-0.287149801509986
2.42015968063872	-0.287149805073716
2.4251497005988	-0.287149808502415
2.43013972055888	-0.287149811801201
2.43512974051896	-0.287149814974995
2.44011976047904	-0.287149818028533
2.44510978043912	-0.287149820966373
2.4500998003992	-0.287149823792897
2.45508982035928	-0.287149826512323
2.46007984031936	-0.287149829128711
2.46506986027944	-0.287149831645962
2.47005988023952	-0.287149834067835
2.4750499001996	-0.287149836397942
2.48003992015968	-0.287149838639762
2.48502994011976	-0.287149840796638
2.49001996007984	-0.28714984287179
2.49500998003992	-0.287149844868314
2.5	-0.287149846789189
2.50499001996008	-0.287149848637282
2.50998003992016	-0.287149850415351
2.51497005988024	-0.287149852126048
2.51996007984032	-0.287149853771926
2.5249500998004	-0.287149855355442
2.52994011976048	-0.287149856878958
2.53493013972056	-0.287149858344748
2.53992015968064	-0.287149859754999
2.54491017964072	-0.287149861111815
2.5499001996008	-0.287149862417221
2.55489021956088	-0.287149863673165
2.55988023952096	-0.287149864881521
2.56487025948104	-0.287149866044092
2.56986027944112	-0.287149867162613
2.5748502994012	-0.287149868238753
2.57984031936128	-0.287149869274118
2.58483033932136	-0.287149870270253
2.58982035928144	-0.287149871228644
2.59481037924152	-0.287149872150722
2.5998003992016	-0.287149873037862
2.60479041916168	-0.287149873891387
2.60978043912176	-0.287149874712573
2.61477045908184	-0.287149875502644
2.61976047904192	-0.287149876262779
2.624750499002	-0.287149876994112
2.62974051896208	-0.287149877697734
2.63473053892216	-0.287149878374697
2.63972055888224	-0.287149879026009
2.64471057884232	-0.287149879652643
2.6497005988024	-0.287149880255533
2.65469061876248	-0.28714988083558
2.65968063872256	-0.287149881393649
2.66467065868263	-0.287149881930572
2.66966067864271	-0.287149882447152
2.67465069860279	-0.287149882944158
2.67964071856287	-0.287149883422332
2.68463073852295	-0.287149883882388
2.68962075848303	-0.287149884325013
2.69461077844311	-0.287149884750866
2.69960079840319	-0.287149885160584
2.70459081836327	-0.287149885554778
2.70958083832335	-0.287149885934035
2.71457085828343	-0.287149886298922
2.71956087824351	-0.287149886649984
2.72455089820359	-0.287149886987744
2.72954091816367	-0.287149887312706
2.73453093812375	-0.287149887625355
2.73952095808383	-0.287149887926158
2.74451097804391	-0.287149888215563
2.74950099800399	-0.287149888494003
2.75449101796407	-0.287149888761893
2.75948103792415	-0.287149889019632
2.76447105788423	-0.287149889267605
2.76946107784431	-0.287149889506183
2.77445109780439	-0.287149889735721
2.77944111776447	-0.287149889956561
2.78443113772455	-0.287149890169034
2.78942115768463	-0.287149890373457
2.79441117764471	-0.287149890570133
2.79940119760479	-0.287149890759358
2.80439121756487	-0.287149890941413
2.80938123752495	-0.287149891116569
2.81437125748503	-0.287149891285089
2.81936127744511	-0.287149891447224
2.82435129740519	-0.287149891603216
2.82934131736527	-0.287149891753297
2.83433133732535	-0.287149891897691
2.83932135728543	-0.287149892036614
2.84431137724551	-0.287149892170273
2.84930139720559	-0.287149892298868
2.85429141716567	-0.287149892422591
2.85928143712575	-0.287149892541625
2.86427145708583	-0.28714989265615
2.86926147704591	-0.287149892766335
2.87425149700599	-0.287149892872345
2.87924151696607	-0.287149892974338
2.88423153692615	-0.287149893072467
2.88922155688623	-0.287149893166878
2.89421157684631	-0.287149893257711
2.89920159680639	-0.287149893345103
2.90419161676647	-0.287149893429183
2.90918163672655	-0.287149893510078
2.91417165668663	-0.287149893587907
2.91916167664671	-0.287149893662788
2.92415169660679	-0.287149893734831
2.92914171656687	-0.287149893804145
2.93413173652695	-0.287149893870832
2.93912175648703	-0.287149893934992
2.94411177644711	-0.287149893996722
2.94910179640719	-0.287149894056112
2.95409181636727	-0.287149894113252
2.95908183632735	-0.287149894168227
2.96407185628743	-0.287149894221119
2.96906187624751	-0.287149894272007
2.97405189620758	-0.287149894320967
2.97904191616766	-0.287149894368072
2.98403193612774	-0.287149894413392
2.98902195608782	-0.287149894456995
2.9940119760479	-0.287149894498945
2.99900199600798	-0.287149894539306
3.00399201596806	-0.287149894578138
3.00898203592814	-0.287149894615499
3.01397205588822	-0.287149894651444
3.0189620758483	-0.287149894686026
3.02395209580838	-0.287149894719299
3.02894211576846	-0.287149894751311
3.03393213572854	-0.28714989478211
3.03892215568862	-0.287149894811742
3.0439121756487	-0.287149894840251
3.04890219560878	-0.28714989486768
3.05389221556886	-0.28714989489407
3.05888223552894	-0.287149894919459
3.06387225548902	-0.287149894943887
3.0688622754491	-0.287149894967389
3.07385229540918	-0.287149894990001
3.07884231536926	-0.287149895011756
3.08383233532934	-0.287149895032686
3.08882235528942	-0.287149895052824
3.0938123752495	-0.287149895072198
3.09880239520958	-0.287149895090839
3.10379241516966	-0.287149895108773
3.10878243512974	-0.287149895126028
3.11377245508982	-0.287149895142628
3.1187624750499	-0.2871498951586
3.12375249500998	-0.287149895173967
3.12874251497006	-0.287149895188751
3.13373253493014	-0.287149895202976
3.13872255489022	-0.287149895216661
3.1437125748503	-0.287149895229827
3.14870259481038	-0.287149895242495
3.15369261477046	-0.287149895254683
3.15868263473054	-0.287149895266409
3.16367265469062	-0.287149895277691
3.1686626746507	-0.287149895288545
3.17365269461078	-0.287149895298988
3.17864271457086	-0.287149895309035
3.18363273453094	-0.287149895318702
3.18862275449102	-0.287149895328002
3.1936127744511	-0.28714989533695
3.19860279441118	-0.287149895345559
3.20359281437126	-0.287149895353842
3.20858283433134	-0.287149895361811
3.21357285429142	-0.287149895369478
3.2185628742515	-0.287149895376854
3.22355289421158	-0.287149895383951
3.22854291417166	-0.287149895390779
3.23353293413174	-0.287149895397349
3.23852295409182	-0.287149895403669
3.2435129740519	-0.28714989540975
3.24850299401198	-0.2871498954156
3.25349301397206	-0.287149895421229
3.25848303393214	-0.287149895426645
3.26347305389222	-0.287149895431855
3.2684630738523	-0.287149895436868
3.27345309381238	-0.287149895441691
3.27844311377246	-0.287149895446331
3.28343313373253	-0.287149895450796
3.28842315369261	-0.287149895455091
3.29341317365269	-0.287149895459224
3.29840319361277	-0.2871498954632
3.30339321357285	-0.287149895467025
3.30838323353293	-0.287149895470705
3.31337325349301	-0.287149895474246
3.31836327345309	-0.287149895477653
3.32335329341317	-0.287149895480931
3.32834331337325	-0.287149895484084
3.33333333333333	-0.287149895487118
3.33832335329341	-0.287149895490037
3.34331337325349	-0.287149895492846
3.34830339321357	-0.287149895495548
3.35329341317365	-0.287149895498147
3.35828343313373	-0.287149895500648
3.36327345309381	-0.287149895503055
3.36826347305389	-0.28714989550537
3.37325349301397	-0.287149895507597
3.37824351297405	-0.28714989550974
3.38323353293413	-0.287149895511802
3.38822355289421	-0.287149895513786
3.39321357285429	-0.287149895515695
3.39820359281437	-0.287149895517531
3.40319361277445	-0.287149895519298
3.40818363273453	-0.287149895520997
3.41317365269461	-0.287149895522633
3.41816367265469	-0.287149895524206
3.42315369261477	-0.28714989552572
3.42814371257485	-0.287149895527176
3.43313373253493	-0.287149895528577
3.43812375249501	-0.287149895529926
3.44311377245509	-0.287149895531223
3.44810379241517	-0.287149895532471
3.45309381237525	-0.287149895533671
3.45808383233533	-0.287149895534826
3.46307385229541	-0.287149895535938
3.46806387225549	-0.287149895537007
3.47305389221557	-0.287149895538036
3.47804391217565	-0.287149895539025
3.48303393213573	-0.287149895539978
3.48802395209581	-0.287149895540894
3.49301397205589	-0.287149895541775
3.49800399201597	-0.287149895542623
3.50299401197605	-0.287149895543439
3.50798403193613	-0.287149895544224
3.51297405189621	-0.287149895544979
3.51796407185629	-0.287149895545706
3.52295409181637	-0.287149895546405
3.52794411177645	-0.287149895547078
3.53293413173653	-0.287149895547725
3.53792415169661	-0.287149895548348
3.54291417165669	-0.287149895548947
3.54790419161677	-0.287149895549523
3.55289421157685	-0.287149895550078
3.55788423153693	-0.287149895550611
3.56287425149701	-0.287149895551124
3.56786427145709	-0.287149895551618
3.57285429141717	-0.287149895552093
3.57784431137725	-0.28714989555255
3.58283433133733	-0.28714989555299
3.58782435129741	-0.287149895553413
3.59281437125748	-0.28714989555382
3.59780439121757	-0.287149895554212
3.60279441117764	-0.287149895554589
3.60778443113772	-0.287149895554951
3.6127744510978	-0.2871498955553
3.61776447105788	-0.287149895555636
3.62275449101796	-0.287149895555959
3.62774451097804	-0.287149895556269
3.63273453093812	-0.287149895556568
3.6377245508982	-0.287149895556856
3.64271457085828	-0.287149895557132
3.64770459081836	-0.287149895557399
3.65269461077844	-0.287149895557655
3.65768463073852	-0.287149895557901
3.6626746506986	-0.287149895558138
3.66766467065868	-0.287149895558366
3.67265469061876	-0.287149895558586
3.67764471057884	-0.287149895558797
3.68263473053892	-0.287149895559
3.687624750499	-0.287149895559195
3.69261477045908	-0.287149895559383
3.69760479041916	-0.287149895559564
3.70259481037924	-0.287149895559738
3.70758483033932	-0.287149895559906
3.7125748502994	-0.287149895560067
3.71756487025948	-0.287149895560222
3.72255489021956	-0.287149895560371
3.72754491017964	-0.287149895560514
3.73253493013972	-0.287149895560652
3.7375249500998	-0.287149895560785
3.74251497005988	-0.287149895560913
3.74750499001996	-0.287149895561036
3.75249500998004	-0.287149895561154
3.75748502994012	-0.287149895561268
3.7624750499002	-0.287149895561377
3.76746506986028	-0.287149895561483
3.77245508982036	-0.287149895561584
3.77744510978044	-0.287149895561682
3.78243512974052	-0.287149895561775
3.7874251497006	-0.287149895561866
3.79241516966068	-0.287149895561952
3.79740518962076	-0.287149895562036
3.80239520958084	-0.287149895562116
3.80738522954092	-0.287149895562194
3.812375249501	-0.287149895562268
3.81736526946108	-0.28714989556234
3.82235528942116	-0.287149895562409
3.82734530938124	-0.287149895562475
3.83233532934132	-0.287149895562539
3.8373253493014	-0.2871498955626
3.84231536926148	-0.287149895562659
3.84730538922156	-0.287149895562716
3.85229540918164	-0.28714989556277
3.85728542914172	-0.287149895562823
3.8622754491018	-0.287149895562873
3.86726546906188	-0.287149895562922
3.87225548902196	-0.287149895562969
3.87724550898204	-0.287149895563014
3.88223552894212	-0.287149895563057
3.8872255489022	-0.287149895563099
3.89221556886228	-0.287149895563139
3.89720558882236	-0.287149895563178
3.90219560878243	-0.287149895563215
3.90718562874252	-0.28714989556325
3.91217564870259	-0.287149895563285
3.91716566866267	-0.287149895563318
3.92215568862275	-0.28714989556335
3.92714570858283	-0.28714989556338
3.93213572854291	-0.28714989556341
3.93712574850299	-0.287149895563438
3.94211576846307	-0.287149895563465
3.94710578842315	-0.287149895563492
3.95209580838323	-0.287149895563517
3.95708582834331	-0.287149895563541
3.96207584830339	-0.287149895563564
3.96706586826347	-0.287149895563587
3.97205588822355	-0.287149895563609
3.97704590818363	-0.287149895563629
3.98203592814371	-0.287149895563649
3.98702594810379	-0.287149895563669
3.99201596806387	-0.287149895563687
3.99700598802395	-0.287149895563705
4.00199600798403	-0.287149895563722
4.00698602794411	-0.287149895563739
4.01197604790419	-0.287149895563755
4.01696606786427	-0.28714989556377
4.02195608782435	-0.287149895563785
4.02694610778443	-0.287149895563799
4.03193612774451	-0.287149895563812
4.03692614770459	-0.287149895563825
4.04191616766467	-0.287149895563838
4.04690618762475	-0.28714989556385
4.05189620758483	-0.287149895563862
4.05688622754491	-0.287149895563873
4.06187624750499	-0.287149895563884
4.06686626746507	-0.287149895563894
4.07185628742515	-0.287149895563904
4.07684630738523	-0.287149895563914
4.08183632734531	-0.287149895563923
4.08682634730539	-0.287149895563932
4.09181636726547	-0.28714989556394
4.09680638722555	-0.287149895563949
4.10179640718563	-0.287149895563957
4.10678642714571	-0.287149895563964
4.11177644710579	-0.287149895563972
4.11676646706587	-0.287149895563979
4.12175648702595	-0.287149895563986
4.12674650698603	-0.287149895563992
4.13173652694611	-0.287149895563998
4.13672654690619	-0.287149895564004
4.14171656686627	-0.28714989556401
4.14670658682635	-0.287149895564016
4.15169660678643	-0.287149895564021
4.15668662674651	-0.287149895564027
4.16167664670659	-0.287149895564032
4.16666666666667	-0.287149895564036
4.17165668662675	-0.287149895564041
4.17664670658683	-0.287149895564046
4.18163672654691	-0.28714989556405
4.18662674650699	-0.287149895564054
4.19161676646707	-0.287149895564058
4.19660678642715	-0.287149895564062
4.20159680638723	-0.287149895564065
4.2065868263473	-0.287149895564069
4.21157684630739	-0.287149895564072
4.21656686626747	-0.287149895564076
4.22155688622755	-0.287149895564079
4.22654690618762	-0.287149895564082
4.2315369261477	-0.287149895564085
4.23652694610778	-0.287149895564088
4.24151696606786	-0.287149895564091
4.24650698602794	-0.287149895564093
4.25149700598802	-0.287149895564096
4.2564870259481	-0.287149895564098
4.26147704590818	-0.287149895564101
4.26646706586826	-0.287149895564103
4.27145708582834	-0.287149895564105
4.27644710578842	-0.287149895564107
4.2814371257485	-0.287149895564109
4.28642714570858	-0.287149895564111
4.29141716566866	-0.287149895564113
4.29640718562874	-0.287149895564115
4.30139720558882	-0.287149895564117
4.3063872255489	-0.287149895564118
4.31137724550898	-0.28714989556412
4.31636726546906	-0.287149895564122
4.32135728542914	-0.287149895564123
4.32634730538922	-0.287149895564125
4.3313373253493	-0.287149895564126
4.33632734530938	-0.287149895564128
4.34131736526946	-0.287149895564129
4.34630738522954	-0.28714989556413
4.35129740518962	-0.287149895564132
4.3562874251497	-0.287149895564133
4.36127744510978	-0.287149895564134
4.36626746506986	-0.287149895564135
4.37125748502994	-0.287149895564136
4.37624750499002	-0.287149895564137
4.3812375249501	-0.287149895564138
4.38622754491018	-0.287149895564139
4.39121756487026	-0.287149895564141
4.39620758483034	-0.287149895564141
4.40119760479042	-0.287149895564142
4.4061876247505	-0.287149895564143
4.41117764471058	-0.287149895564144
4.41616766467066	-0.287149895564145
4.42115768463074	-0.287149895564146
4.42614770459082	-0.287149895564147
4.4311377245509	-0.287149895564148
4.43612774451098	-0.287149895564149
4.44111776447106	-0.287149895564149
4.44610778443114	-0.28714989556415
4.45109780439122	-0.287149895564151
4.4560878243513	-0.287149895564152
4.46107784431138	-0.287149895564153
4.46606786427146	-0.287149895564153
4.47105788423154	-0.287149895564154
4.47604790419162	-0.287149895564155
4.4810379241517	-0.287149895564156
4.48602794411178	-0.287149895564157
4.49101796407186	-0.287149895564157
4.49600798403194	-0.287149895564158
4.50099800399202	-0.287149895564159
4.5059880239521	-0.28714989556416
4.51097804391218	-0.28714989556416
4.51596806387226	-0.287149895564161
4.52095808383234	-0.287149895564162
4.52594810379242	-0.287149895564163
4.5309381237525	-0.287149895564164
4.53592814371257	-0.287149895564164
4.54091816367265	-0.287149895564165
4.54590818363273	-0.287149895564166
4.55089820359281	-0.287149895564167
4.55588822355289	-0.287149895564168
4.56087824351297	-0.287149895564169
4.56586826347305	-0.28714989556417
4.57085828343313	-0.28714989556417
4.57584830339321	-0.287149895564171
4.58083832335329	-0.287149895564172
4.58582834331337	-0.287149895564173
4.59081836327345	-0.287149895564174
4.59580838323353	-0.287149895564175
4.60079840319361	-0.287149895564176
4.60578842315369	-0.287149895564177
4.61077844311377	-0.287149895564179
4.61576846307385	-0.28714989556418
4.62075848303393	-0.287149895564181
4.62574850299401	-0.287149895564182
4.63073852295409	-0.287149895564183
4.63572854291417	-0.287149895564185
4.64071856287425	-0.287149895564186
4.64570858283433	-0.287149895564187
4.65069860279441	-0.287149895564189
4.65568862275449	-0.28714989556419
4.66067864271457	-0.287149895564192
4.66566866267465	-0.287149895564193
4.67065868263473	-0.287149895564195
4.67564870259481	-0.287149895564197
4.68063872255489	-0.287149895564198
4.68562874251497	-0.2871498955642
4.69061876247505	-0.287149895564202
4.69560878243513	-0.287149895564204
4.70059880239521	-0.287149895564206
4.70558882235529	-0.287149895564208
4.71057884231537	-0.28714989556421
4.71556886227545	-0.287149895564212
4.72055888223553	-0.287149895564214
4.72554890219561	-0.287149895564217
4.73053892215569	-0.287149895564219
4.73552894211577	-0.287149895564222
4.74051896207585	-0.287149895564225
4.74550898203593	-0.287149895564227
4.75049900199601	-0.28714989556423
4.75548902195609	-0.287149895564233
4.76047904191617	-0.287149895564236
4.76546906187625	-0.287149895564239
4.77045908183633	-0.287149895564243
4.77544910179641	-0.287149895564246
4.78043912175649	-0.28714989556425
4.78542914171657	-0.287149895564254
4.79041916167665	-0.287149895564257
4.79540918163673	-0.287149895564262
4.80039920159681	-0.287149895564266
4.80538922155689	-0.28714989556427
4.81037924151697	-0.287149895564275
4.81536926147705	-0.287149895564279
4.82035928143713	-0.287149895564284
4.82534930139721	-0.287149895564289
4.83033932135729	-0.287149895564294
4.83532934131737	-0.2871498955643
4.84031936127745	-0.287149895564305
4.84530938123752	-0.287149895564311
4.8502994011976	-0.287149895564317
4.85528942115768	-0.287149895564324
4.86027944111776	-0.28714989556433
4.86526946107784	-0.287149895564337
4.87025948103792	-0.287149895564344
4.875249500998	-0.287149895564352
4.88023952095808	-0.28714989556436
4.88522954091816	-0.287149895564368
4.89021956087824	-0.287149895564376
4.89520958083832	-0.287149895564385
4.9001996007984	-0.287149895564394
4.90518962075848	-0.287149895564403
4.91017964071856	-0.287149895564413
4.91516966067864	-0.287149895564423
4.92015968063872	-0.287149895564433
4.9251497005988	-0.287149895564444
4.93013972055888	-0.287149895564455
4.93512974051896	-0.287149895564467
4.94011976047904	-0.287149895564479
4.94510978043912	-0.287149895564492
4.9500998003992	-0.287149895564505
4.95508982035928	-0.287149895564519
4.96007984031936	-0.287149895564533
4.96506986027944	-0.287149895564548
4.97005988023952	-0.287149895564563
4.9750499001996	-0.287149895564579
4.98003992015968	-0.287149895564596
4.98502994011976	-0.287149895564613
4.99001996007984	-0.287149895564631
4.99500998003992	-0.28714989556465
5	-0.28714989556467
