0	0.35
0.00499001996007984	0.341868369479817
0.00998003992015968	0.334095613051061
0.0149700598802395	0.326598557962589
0.0199600798403194	0.319317511401869
0.0249500998003992	0.31220892136216
0.029940119760479	0.305240602138333
0.0349301397205589	0.298388525969756
0.0399201596806387	0.291634609555287
0.0449101796407186	0.284965153867973
0.0499001996007984	0.27836972511189
0.0548902195608782	0.271840340616018
0.0598802395209581	0.265370869676283
0.0648702594810379	0.258956588398422
0.0698602794411178	0.252593846374908
0.0748502994011976	0.246279815487783
0.0798403193612774	0.240012299582309
0.0848303393213573	0.233789589605817
0.0898203592814371	0.227610352923706
0.094810379241517	0.221473548465941
0.0998003992015968	0.215378361485059
0.104790419161677	0.209324153262208
0.109780439121756	0.203310422245218
0.114770459081836	0.197336773955646
0.119760479041916	0.191402897639767
0.124750499001996	0.185508548118417
0.129740518962076	0.179653531653245
0.134730538922156	0.173837694922046
0.139720558882236	0.168060916405299
0.144710578842315	0.162323099645982
0.149700598802395	0.156624167967165
0.154690618762475	0.150964060325882
0.159680638722555	0.145342728054056
0.164670658682635	0.139760132292959
0.169660678642715	0.134216241970728
0.174650698602794	0.128711032205694
0.179640718562874	0.123244483044107
0.184630738522954	0.117816578460803
0.189620758483034	0.112427305566941
0.194610778443114	0.107076653981015
0.199600798403194	0.101764615328802
0.204590818363273	0.0964911828452582
0.209580838323353	0.0912563510571252
0.214570858283433	0.0860601155295391
0.219560878243513	0.0809024726634354
0.224550898203593	0.0757834195333363
0.229540918163673	0.0707029537572756
0.234530938123753	0.0656610733923327
0.239520958083832	0.0606577768505944
0.244510978043912	0.0556930628314325
0.249500998003992	0.0507669302668221
0.254491017964072	0.045879378277092
0.259481037924152	0.041030406135026
0.264471057884232	0.0362200132366477
0.269461077844311	0.0314481990773555
0.274451097804391	0.0267149632323324
0.279441117764471	0.0220203053403684
0.284431137724551	0.0173642250903937
0.289421157684631	0.0127467222101537
0.294411177644711	0.00816779645656199
0.29940119760479	0.00362744760734724
0.30439121756487	-0.000874324546324995
0.30938123752495	-0.00533752020652305
0.31437125748503	-0.00976213957474101
0.31936127744511	-0.0141481828578116
0.32435129740519	-0.0184956502737144
0.329341317365269	-0.0228045420574409
0.334331337325349	-0.0270748584670628
0.339321357285429	-0.0313065997901453
0.344311377245509	-0.0354997663506432
0.349301397205589	-0.039654358516415
0.354291417165669	-0.0437703767074956
0.359281437125749	-0.0478478214052692
0.364271457085828	-0.051886693162692
0.369261477045908	-0.0558869926157231
0.374251497005988	-0.0598487204961296
0.379241516966068	-0.0637718776458445
0.384231536926148	-0.0676564650330681
0.389221556886228	-0.0715024837703173
0.394211576846307	-0.0753099351346411
0.399201596806387	-0.0790788205902368
0.404191616766467	-0.0828091418137177
0.409181636726547	-0.0865009007222988
0.414171656686627	-0.0901540995051859
0.419161676646707	-0.0937687406584694
0.424151696606786	-0.0973448270238431
0.429141716566866	-0.100882361831484
0.434131736526946	-0.104381348747449
0.439121756487026	-0.107841791925957
0.444111776447106	-0.111263696066939
0.449101796407186	-0.114647066479266
0.454091816367265	-0.117991909150052
0.459081836327345	-0.12129823082047
0.464071856287425	-0.124566039068489
0.469061876247505	-0.127795342398997
0.474051896207585	-0.130986150341718
0.479041916167665	-0.134138473557371
0.484031936127745	-0.137252323952499
0.489021956087824	-0.140327714803386
0.494011976047904	-0.143364660889452
0.499001996007984	-0.146363178636524
0.503992015968064	-0.149323286270321
0.508982035928144	-0.152245003980474
0.513972055888224	-0.155128354095368
0.518962075848303	-0.157973361268018
0.523952095808383	-0.160780052673179
0.528942115768463	-0.163548458215783
0.533932135728543	-0.166278610750755
0.538922155688623	-0.168970546314178
0.543912175648703	-0.171624304365685
0.548902195608782	-0.17423992804187
0.553892215568862	-0.176817464420421
0.558882235528942	-0.179356964794537
0.563872255489022	-0.181858484957149
0.568862275449102	-0.184322085494267
0.573852295409182	-0.18674783208673
0.578842315369261	-0.18913579581946
0.583832335329341	-0.191486053497235
0.588822355289421	-0.193798687965844
0.593812375249501	-0.19607378843739
0.598802395209581	-0.198311450818359
0.603792415169661	-0.200511778038976
0.608782435129741	-0.202674880382255
0.61377245508982	-0.204800875811039
0.6187624750499	-0.206889890291236
0.62375249500998	-0.20894205810938
0.62874251497006	-0.210957522182562
0.63373253493014	-0.212936434358732
0.63872255489022	-0.214878955705323
0.643712574850299	-0.216785256784131
0.648702594810379	-0.218655517910371
0.653692614770459	-0.220489929393861
0.658682634730539	-0.222288691760282
0.663672654690619	-0.224052015950566
0.668662674650699	-0.225780123496496
0.673652694610778	-0.227473246670716
0.678642714570858	-0.229131628609468
0.683632734530938	-0.230755523406495
0.688622754491018	-0.232345196176716
0.693612774451098	-0.233900923088429
0.698602794411178	-0.235422991363021
0.703592814371258	-0.236911699241318
0.708582834331337	-0.23836735591596
0.713572854291417	-0.239790281429387
0.718562874251497	-0.241180806537247
0.723552894211577	-0.242539272537293
0.728542914171657	-0.243866031064045
0.733532934131736	-0.245161443849744
0.738522954091816	-0.246425882452346
0.743512974051896	-0.247659727951544
0.748502994011976	-0.248863370613991
0.753493013972056	-0.250037209529144
0.758483033932136	-0.251181652217301
0.763473053892216	-0.2522971142116
0.768463073852295	-0.253384018615908
0.773453093812375	-0.254442795640657
0.778443113772455	-0.255473882118812
0.783433133732535	-0.256477721004255
0.788423153692615	-0.25745476085494
0.793413173652695	-0.25840545530325
0.798403193612774	-0.259330262515987
0.803393213572854	-0.260229644646477
0.808383233532934	-0.261104067281243
0.813373253493014	-0.261953998883665
0.818363273453094	-0.262779910237035
0.823353293413174	-0.263582273889294
0.828343313373254	-0.264361563601727
0.833333333333333	-0.265118253803724
0.838323353293413	-0.265852819055671
0.843313373253493	-0.266565733521879
0.848303393213573	-0.267257470455335
0.853293413173653	-0.267928501695926
0.858283433133733	-0.268579297183661
0.863273453093812	-0.26921032448823
0.868263473053892	-0.269822048356134
0.873253493013972	-0.270414930276431
0.878243512974052	-0.270989428066026
0.883233532934132	-0.271545995475257
0.888223552894212	-0.272085081814407
0.893213572854291	-0.272607131601614
0.898203592814371	-0.273112584232524
0.903193612774451	-0.273601873671904
0.908183632734531	-0.274075428167304
0.913173652694611	-0.274533669984746
0.918163672654691	-0.274977015166305
0.92315369261477	-0.275405873309359
0.92814371257485	-0.275820647367173
0.93313373253493	-0.276221733470437
0.93812375249501	-0.276609520769247
0.94311377245509	-0.276984391295014
0.94810379241517	-0.277346719841685
0.953093812375249	-0.277696873865628
0.958083832335329	-0.27803521340349
0.963073852295409	-0.278362091007292
0.968063872255489	-0.278677851696025
0.973053892215569	-0.27898283292295
0.978043912175649	-0.279277364557823
0.983033932135729	-0.279561768883246
0.988023952095808	-0.279836360604333
0.993013972055888	-0.2801014468709
0.998003992015968	-0.280357327311367
1.00299401197605	-0.280604294077604
1.00798403193613	-0.280842631899923
1.01297405189621	-0.281072618151478
1.01796407185629	-0.281294522921321
1.02295409181637	-0.281508609095393
1.02794411177645	-0.281715132444763
1.03293413173653	-0.281914341720432
1.03792415169661	-0.282106478754062
1.04291417165669	-0.282291778564004
1.04790419161677	-0.282470469466039
1.05289421157685	-0.28264277318826
1.05788423153693	-0.282808904989563
1.06287425149701	-0.282969073781231
1.06786427145709	-0.283123482251143
1.07285429141717	-0.283272326990141
1.07784431137725	-0.283415798620139
1.08283433133733	-0.283554081923566
1.08782435129741	-0.283687355973784
1.09281437125748	-0.283815794266122
1.09780439121756	-0.283939564849203
1.10279441117764	-0.284058830456284
1.10778443113772	-0.284173748636301
1.1127744510978	-0.284284471884404
1.11776447105788	-0.284391147771717
1.12275449101796	-0.284493919074132
1.12774451097804	-0.284592923899936
1.13273453093812	-0.284688295816095
1.1377245508982	-0.284780163973048
1.14271457085828	-0.284868653227856
1.14770459081836	-0.284953884265595
1.15269461077844	-0.285035973718869
1.15768463073852	-0.285115034285359
1.1626746506986	-0.285191174843313
1.16766467065868	-0.285264500564912
1.17265469061876	-0.285335113027445
1.17764471057884	-0.285403110322249
1.18263473053892	-0.285468587161363
1.187624750499	-0.285531634981874
1.19261477045908	-0.285592342047925
1.19760479041916	-0.28565079355037
1.20259481037924	-0.285707071704059
1.20758483033932	-0.285761255842767
1.2125748502994	-0.285813422511754
1.21756487025948	-0.285863645557962
1.22255489021956	-0.28591199621788
1.22754491017964	-0.285958543203072
1.23253493013972	-0.286003352783402
1.2375249500998	-0.28604648886798
1.24251497005988	-0.286088013083848
1.24750499001996	-0.28612798485244
1.25249500998004	-0.286166461463862
1.25748502994012	-0.286203498148995
1.2624750499002	-0.286239148149498
1.26746506986028	-0.286273462785711
1.27245508982036	-0.286306491522528
1.27744510978044	-0.286338282033255
1.28243512974052	-0.286368880261521
1.2874251497006	-0.28639833048126
1.29241516966068	-0.286426675354817
1.29740518962076	-0.286453955989233
1.30239520958084	-0.286480211990722
1.30738522954092	-0.286505481517423
1.312375249501	-0.286529801330435
1.31736526946108	-0.286553206843199
1.32235528942116	-0.286575732169267
1.32734530938124	-0.286597410168496
1.33233532934132	-0.286618272491715
1.3373253493014	-0.286638349623898
1.34231536926148	-0.286657670925905
1.34730538922156	-0.286676264674804
1.35229540918164	-0.286694158102841
1.35728542914172	-0.286711377435075
1.3622754491018	-0.286727947925741
1.36726546906188	-0.286743893893354
1.37225548902196	-0.286759238754616
1.37724550898204	-0.286774005057142
1.38223552894212	-0.286788214511059
1.3872255489022	-0.2868018880195
1.39221556886228	-0.28681504570803
1.39720558882236	-0.286827706953054
1.40219560878244	-0.28683989040921
1.40718562874252	-0.286851614035806
1.41217564870259	-0.28686289512232
1.41716566866267	-0.286873750312997
1.42215568862275	-0.286884195630567
1.42714570858283	-0.286894246499125
1.43213572854291	-0.286903917766184
1.43712574850299	-0.286913223723948
1.44211576846307	-0.286922178129815
1.44710578842315	-0.286930794226145
1.45209580838323	-0.286939084759313
1.45708582834331	-0.28694706199808
1.46207584830339	-0.28695473775129
1.46706586826347	-0.286962123384934
1.47205588822355	-0.286969229838592
1.47704590818363	-0.286976067641273
1.48203592814371	-0.286982646926679
1.48702594810379	-0.286988977447923
1.49201596806387	-0.286995068591688
1.49700598802395	-0.287000929391892
1.50199600798403	-0.287006568542829
1.50698602794411	-0.28701199441185
1.51197604790419	-0.287017215051559
1.51696606786427	-0.287022238211572
1.52195608782435	-0.287027071349842
1.52694610778443	-0.287031721643561
1.53193612774451	-0.287036195999663
1.53692614770459	-0.287040501064943
1.54191616766467	-0.287044643235793
1.54690618762475	-0.287048628667586
1.55189620758483	-0.287052463283708
1.55688622754491	-0.287056152784254
1.56187624750499	-0.287059702654408
1.56686626746507	-0.287063118172501
1.57185628742515	-0.287066404417783
1.57684630738523	-0.287069566277891
1.58183632734531	-0.287072608456052
1.58682634730539	-0.287075535478011
1.59181636726547	-0.287078351698701
1.59680638722555	-0.287081061308665
1.60179640718563	-0.287083668340244
1.60678642714571	-0.287086176673519
1.61177644710579	-0.287088590042052
1.61676646706587	-0.28709091203839
1.62175648702595	-0.287093146119384
1.62674650698603	-0.287095295611293
1.63173652694611	-0.287097363714705
1.63672654690619	-0.287099353509272
1.64171656686627	-0.287101267958269
1.64670658682635	-0.287103109912976
1.65169660678643	-0.287104882116905
1.65668662674651	-0.287106587209862
1.66167664670659	-0.287108227731858
1.66666666666667	-0.28710980612687
1.67165668662675	-0.287111324746473
1.67664670658683	-0.287112785853317
1.68163672654691	-0.287114191624487
1.68662674650699	-0.287115544154734
1.69161676646707	-0.287116845459582
1.69660678642715	-0.287118097478319
1.70159680638723	-0.287119302076874
1.70658682634731	-0.287120461050591
1.71157684630739	-0.287121576126893
1.71656686626747	-0.287122648967848
1.72155688622754	-0.287123681172639
1.72654690618762	-0.287124674279936
1.7315369261477	-0.28712562977019
1.73652694610778	-0.287126549067826
1.74151696606786	-0.287127433543364
1.74650698602794	-0.287128284515458
1.75149700598802	-0.287129103252852
1.7564870259481	-0.287129890976271
1.76147704590818	-0.287130648860235
1.76646706586826	-0.287131378034806
1.77145708582834	-0.28713207958727
1.77644710578842	-0.287132754563752
1.7814371257485	-0.287133403970779
1.78642714570858	-0.287134028776769
1.79141716566866	-0.287134629913481
1.79640718562874	-0.287135208277394
1.80139720558882	-0.287135764731047
1.8063872255489	-0.287136300104324
1.81137724550898	-0.287136815195684
1.81636726546906	-0.287137310773352
1.82135728542914	-0.287137787576469
1.82634730538922	-0.287138246316182
1.8313373253493	-0.287138687676713
1.83632734530938	-0.287139112316372
1.84131736526946	-0.28713952086854
1.84630738522954	-0.287139913942613
1.85129740518962	-0.287140292124907
1.8562874251497	-0.287140655979536
1.86127744510978	-0.287141006049249
1.86626746506986	-0.287141342856239
1.87125748502994	-0.287141666902922
1.87624750499002	-0.287141978672687
1.8812375249501	-0.287142278630614
1.88622754491018	-0.287142567224168
1.89121756487026	-0.287142844883865
1.89620758483034	-0.287143112023917
1.90119760479042	-0.287143369042846
1.9061876247505	-0.287143616324078
1.91117764471058	-0.287143854236517
1.91616766467066	-0.287144083135093
1.92115768463074	-0.287144303361292
1.92614770459082	-0.287144515243665
1.9311377245509	-0.287144719098317
1.93612774451098	-0.287144915229381
1.94111776447106	-0.287145103929465
1.94610778443114	-0.287145285480098
1.95109780439122	-0.287145460152141
1.9560878243513	-0.287145628206195
1.96107784431138	-0.28714578989299
1.96606786427146	-0.287145945453757
1.97105788423154	-0.287146095120589
1.97604790419162	-0.287146239116786
1.9810379241517	-0.28714637765719
1.98602794411178	-0.287146510948503
1.99101796407186	-0.287146639189596
1.99600798403194	-0.287146762571809
2.00099800399202	-0.287146881279229
2.0059880239521	-0.287146995488971
2.01097804391218	-0.287147105371442
2.01596806387226	-0.28714721109059
2.02095808383234	-0.287147312804154
2.02594810379242	-0.287147410663896
2.03093812375249	-0.287147504815829
2.03592814371257	-0.287147595400433
2.04091816367265	-0.287147682552867
2.04590818363273	-0.287147766403171
2.05089820359281	-0.287147847076455
2.05588822355289	-0.28714792469309
2.06087824351297	-0.287147999368888
2.06586826347305	-0.287148071215273
2.07085828343313	-0.287148140339447
2.07584830339321	-0.287148206844549
2.08083832335329	-0.287148270829813
2.08582834331337	-0.287148332390712
2.09081836327345	-0.287148391619102
2.09580838323353	-0.287148448603359
2.10079840319361	-0.28714850342851
2.10578842315369	-0.287148556176361
2.11077844311377	-0.287148606925619
2.11576846307385	-0.287148655752009
2.12075848303393	-0.287148702728386
2.12574850299401	-0.287148747924845
2.13073852295409	-0.287148791408825
2.13572854291417	-0.287148833245212
2.14071856287425	-0.287148873496431
2.14570858283433	-0.287148912222542
2.15069860279441	-0.287148949481331
2.15568862275449	-0.287148985328394
2.16067864271457	-0.28714901981722
2.16566866267465	-0.287149052999272
2.17065868263473	-0.287149084924062
2.17564870259481	-0.287149115639228
2.18063872255489	-0.287149145190602
2.18562874251497	-0.287149173622278
2.19061876247505	-0.287149200976682
2.19560878243513	-0.287149227294631
2.20059880239521	-0.287149252615397
2.20558882235529	-0.28714927697676
2.21057884231537	-0.287149300415075
2.21556886227545	-0.287149322965313
2.22055888223553	-0.287149344661124
2.22554890219561	-0.287149365534882
2.23053892215569	-0.287149385617735
2.23552894211577	-0.287149404939649
2.24051896207585	-0.287149423529456
2.24550898203593	-0.287149441414895
2.25049900199601	-0.287149458622656
2.25548902195609	-0.287149475178415
2.26047904191617	-0.287149491106876
2.26546906187625	-0.287149506431807
2.27045908183633	-0.287149521176076
2.27544910179641	-0.287149535361685
2.28043912175649	-0.2871495490098
2.28542914171657	-0.287149562140788
2.29041916167665	-0.287149574774242
2.29540918163673	-0.287149586929014
2.30039920159681	-0.287149598623241
2.30538922155689	-0.287149609874373
2.31037924151697	-0.287149620699198
2.31536926147705	-0.28714963111387
2.32035928143713	-0.28714964113393
2.32534930139721	-0.287149650774328
2.33033932135729	-0.287149660049451
2.33532934131737	-0.287149668973139
2.34031936127745	-0.287149677558707
2.34530938123752	-0.287149685818968
2.3502994011976	-0.287149693766246
2.35528942115768	-0.287149701412401
2.36027944111776	-0.287149708768842
2.36526946107784	-0.287149715846547
2.37025948103792	-0.287149722656076
2.375249500998	-0.287149729207592
2.38023952095808	-0.28714973551087
2.38522954091816	-0.287149741575316
2.39021956087824	-0.28714974740998
2.39520958083832	-0.287149753023567
2.4001996007984	-0.287149758424454
2.40518962075848	-0.287149763620701
2.41017964071856	-0.287149768620062
2.41516966067864	-0.287149773429996
2.42015968063872	-0.287149778057681
2.4251497005988	-0.287149782510023
2.43013972055888	-0.287149786793664
2.43512974051896	-0.287149790914998
2.44011976047904	-0.287149794880173
2.44510978043912	-0.287149798695108
2.4500998003992	-0.287149802365494
2.45508982035928	-0.287149805896808
2.46007984031936	-0.287149809294321
2.46506986027944	-0.287149812563101
2.47005988023952	-0.287149815708027
2.4750499001996	-0.28714981873379
2.48003992015968	-0.287149821644907
2.48502994011976	-0.287149824445722
2.49001996007984	-0.287149827140413
2.49500998003992	-0.287149829733001
2.5	-0.287149832227356
2.50499001996008	-0.2871498346272
2.50998003992016	-0.287149836936113
2.51497005988024	-0.287149839157541
2.51996007984032	-0.287149841294798
2.5249500998004	-0.287149843351075
2.52994011976048	-0.287149845329439
2.53493013972056	-0.287149847232842
2.53992015968064	-0.287149849064125
2.54491017964072	-0.28714985082602
2.5499001996008	-0.287149852521157
2.55489021956088	-0.287149854152065
2.55988023952096	-0.287149855721177
2.56487025948104	-0.287149857230835
2.56986027944112	-0.287149858683292
2.5748502994012	-0.287149860080716
2.57984031936128	-0.28714986142519
2.58483033932136	-0.287149862718723
2.58982035928144	-0.287149863963243
2.59481037924152	-0.287149865160607
2.5998003992016	-0.287149866312604
2.60479041916168	-0.287149867420951
2.60978043912176	-0.287149868487303
2.61477045908184	-0.28714986951325
2.61976047904192	-0.287149870500324
2.624750499002	-0.287149871449998
2.62974051896208	-0.287149872363688
2.63473053892216	-0.287149873242759
2.63972055888224	-0.287149874088521
2.64471057884232	-0.287149874902237
2.6497005988024	-0.287149875685122
2.65469061876248	-0.287149876438342
2.65968063872256	-0.287149877163023
2.66467065868263	-0.287149877860246
2.66966067864271	-0.287149878531051
2.67465069860279	-0.287149879176438
2.67964071856287	-0.287149879797372
2.68463073852295	-0.287149880394779
2.68962075848303	-0.28714988096955
2.69461077844311	-0.287149881522543
2.69960079840319	-0.287149882054582
2.70459081836327	-0.287149882566463
2.70958083832335	-0.287149883058948
2.71457085828343	-0.287149883532773
2.71956087824351	-0.287149883988645
2.72455089820359	-0.287149884427243
2.72954091816367	-0.287149884849223
2.73453093812375	-0.287149885255214
2.73952095808383	-0.287149885645822
2.74451097804391	-0.28714988602163
2.74950099800399	-0.287149886383198
2.75449101796407	-0.287149886731067
2.75948103792415	-0.287149887065754
2.76447105788423	-0.28714988738776
2.76946107784431	-0.287149887697566
2.77445109780439	-0.287149887995632
2.77944111776447	-0.287149888282405
2.78443113772455	-0.287149888558312
2.78942115768463	-0.287149888823765
2.79441117764471	-0.28714988907916
2.79940119760479	-0.287149889324878
2.80439121756487	-0.287149889561286
2.80938123752495	-0.287149889788736
2.81437125748503	-0.287149890007568
2.81936127744511	-0.287149890218108
2.82435129740519	-0.287149890420671
2.82934131736527	-0.287149890615559
2.83433133732535	-0.287149890803062
2.83932135728543	-0.287149890983461
2.84431137724551	-0.287149891157024
2.84930139720559	-0.287149891324012
2.85429141716567	-0.287149891484672
2.85928143712575	-0.287149891639244
2.86427145708583	-0.28714989178796
2.86926147704591	-0.287149891931041
2.87425149700599	-0.2871498920687
2.87924151696607	-0.287149892201144
2.88423153692615	-0.287149892328569
2.88922155688623	-0.287149892451166
2.89421157684631	-0.287149892569118
2.89920159680639	-0.287149892682601
2.90419161676647	-0.287149892791783
2.90918163672655	-0.287149892896829
2.91417165668663	-0.287149892997895
2.91916167664671	-0.287149893095131
2.92415169660679	-0.287149893188683
2.92914171656687	-0.28714989327869
2.93413173652695	-0.287149893365287
2.93912175648703	-0.287149893448603
2.94411177644711	-0.287149893528762
2.94910179640719	-0.287149893605883
2.95409181636727	-0.287149893680082
2.95908183632735	-0.28714989375147
2.96407185628743	-0.287149893820153
2.96906187624751	-0.287149893886234
2.97405189620758	-0.287149893949811
2.97904191616766	-0.287149894010979
2.98403193612774	-0.287149894069829
2.98902195608782	-0.28714989412645
2.9940119760479	-0.287149894180925
2.99900199600798	-0.287149894233336
3.00399201596806	-0.287149894283761
3.00898203592814	-0.287149894332275
3.01397205588822	-0.287149894378951
3.0189620758483	-0.287149894423859
3.02395209580838	-0.287149894467065
3.02894211576846	-0.287149894508634
3.03393213572854	-0.287149894548628
3.03892215568862	-0.287149894587107
3.0439121756487	-0.287149894624128
3.04890219560878	-0.287149894659745
3.05389221556886	-0.287149894694014
3.05888223552894	-0.287149894726984
3.06387225548902	-0.287149894758704
3.0688622754491	-0.287149894789223
3.07385229540918	-0.287149894818586
3.07884231536926	-0.287149894846835
3.08383233532934	-0.287149894874015
3.08882235528942	-0.287149894900165
3.0938123752495	-0.287149894925323
3.09880239520958	-0.287149894949529
3.10379241516966	-0.287149894972817
3.10878243512974	-0.287149894995223
3.11377245508982	-0.28714989501678
3.1187624750499	-0.287149895037521
3.12375249500998	-0.287149895057475
3.12874251497006	-0.287149895076673
3.13373253493014	-0.287149895095144
3.13872255489022	-0.287149895112915
3.1437125748503	-0.287149895130013
3.14870259481038	-0.287149895146463
3.15369261477046	-0.287149895162289
3.15868263473054	-0.287149895177516
3.16367265469062	-0.287149895192166
3.1686626746507	-0.287149895206261
3.17365269461078	-0.287149895219821
3.17864271457086	-0.287149895232868
3.18363273453094	-0.287149895245421
3.18862275449102	-0.287149895257498
3.1936127744511	-0.287149895269117
3.19860279441118	-0.287149895280297
3.20359281437126	-0.287149895291052
3.20858283433134	-0.2871498953014
3.21357285429142	-0.287149895311356
3.2185628742515	-0.287149895320935
3.22355289421158	-0.28714989533015
3.22854291417166	-0.287149895339017
3.23353293413174	-0.287149895347548
3.23852295409182	-0.287149895355755
3.2435129740519	-0.287149895363651
3.24850299401198	-0.287149895371249
3.25349301397206	-0.287149895378558
3.25848303393214	-0.28714989538559
3.26347305389222	-0.287149895392356
3.2684630738523	-0.287149895398866
3.27345309381238	-0.287149895405129
3.27844311377246	-0.287149895411154
3.28343313373253	-0.287149895416952
3.28842315369261	-0.287149895422529
3.29341317365269	-0.287149895427896
3.29840319361277	-0.287149895433059
3.30339321357285	-0.287149895438026
3.30838323353293	-0.287149895442805
3.31337325349301	-0.287149895447403
3.31836327345309	-0.287149895451827
3.32335329341317	-0.287149895456083
3.32834331337325	-0.287149895460178
3.33333333333333	-0.287149895464118
3.33832335329341	-0.287149895467908
3.34331337325349	-0.287149895471555
3.34830339321357	-0.287149895475064
3.35329341317365	-0.28714989547844
3.35828343313373	-0.287149895481688
3.36327345309381	-0.287149895484813
3.36826347305389	-0.287149895487819
3.37325349301397	-0.287149895490711
3.37824351297405	-0.287149895493494
3.38323353293413	-0.287149895496172
3.38822355289421	-0.287149895498748
3.39321357285429	-0.287149895501226
3.39820359281437	-0.287149895503611
3.40319361277445	-0.287149895505905
3.40818363273453	-0.287149895508112
3.41317365269461	-0.287149895510235
3.41816367265469	-0.287149895512279
3.42315369261477	-0.287149895514244
3.42814371257485	-0.287149895516135
3.43313373253493	-0.287149895517955
3.43812375249501	-0.287149895519706
3.44311377245509	-0.28714989552139
3.44810379241517	-0.28714989552301
3.45309381237525	-0.287149895524569
3.45808383233533	-0.287149895526069
3.46307385229541	-0.287149895527513
3.46806387225549	-0.287149895528901
3.47305389221557	-0.287149895530237
3.47804391217565	-0.287149895531522
3.48303393213573	-0.287149895532759
3.48802395209581	-0.287149895533948
3.49301397205589	-0.287149895535093
3.49800399201597	-0.287149895536194
3.50299401197605	-0.287149895537254
3.50798403193613	-0.287149895538273
3.51297405189621	-0.287149895539254
3.51796407185629	-0.287149895540198
3.52295409181637	-0.287149895541105
3.52794411177645	-0.287149895541979
3.53293413173653	-0.287149895542819
3.53792415169661	-0.287149895543628
3.54291417165669	-0.287149895544406
3.54790419161677	-0.287149895545154
3.55289421157685	-0.287149895545874
3.55788423153693	-0.287149895546567
3.56287425149701	-0.287149895547233
3.56786427145709	-0.287149895547875
3.57285429141717	-0.287149895548491
3.57784431137725	-0.287149895549085
3.58283433133733	-0.287149895549656
3.58782435129741	-0.287149895550206
3.59281437125748	-0.287149895550734
3.59780439121757	-0.287149895551243
3.60279441117764	-0.287149895551732
3.60778443113772	-0.287149895552203
3.6127744510978	-0.287149895552656
3.61776447105788	-0.287149895553092
3.62275449101796	-0.287149895553511
3.62774451097804	-0.287149895553914
3.63273453093812	-0.287149895554302
3.6377245508982	-0.287149895554676
3.64271457085828	-0.287149895555035
3.64770459081836	-0.287149895555381
3.65269461077844	-0.287149895555713
3.65768463073852	-0.287149895556033
3.6626746506986	-0.287149895556341
3.66766467065868	-0.287149895556637
3.67265469061876	-0.287149895556922
3.67764471057884	-0.287149895557196
3.68263473053892	-0.28714989555746
3.687624750499	-0.287149895557714
3.69261477045908	-0.287149895557958
3.69760479041916	-0.287149895558193
3.70259481037924	-0.287149895558419
3.70758483033932	-0.287149895558636
3.7125748502994	-0.287149895558845
3.71756487025948	-0.287149895559047
3.72255489021956	-0.28714989555924
3.72754491017964	-0.287149895559427
3.73253493013972	-0.287149895559606
3.7375249500998	-0.287149895559778
3.74251497005988	-0.287149895559944
3.74750499001996	-0.287149895560104
3.75249500998004	-0.287149895560257
3.75748502994012	-0.287149895560405
3.7624750499002	-0.287149895560547
3.76746506986028	-0.287149895560684
3.77245508982036	-0.287149895560816
3.77744510978044	-0.287149895560942
3.78243512974052	-0.287149895561064
3.7874251497006	-0.287149895561181
3.79241516966068	-0.287149895561294
3.79740518962076	-0.287149895561403
3.80239520958084	-0.287149895561507
3.80738522954092	-0.287149895561608
3.812375249501	-0.287149895561704
3.81736526946108	-0.287149895561797
3.82235528942116	-0.287149895561886
3.82734530938124	-0.287149895561973
3.83233532934132	-0.287149895562055
3.8373253493014	-0.287149895562135
3.84231536926148	-0.287149895562212
3.84730538922156	-0.287149895562285
3.85229540918164	-0.287149895562356
3.85728542914172	-0.287149895562424
3.8622754491018	-0.28714989556249
3.86726546906188	-0.287149895562553
3.87225548902196	-0.287149895562614
3.87724550898204	-0.287149895562673
3.88223552894212	-0.287149895562729
3.8872255489022	-0.287149895562783
3.89221556886228	-0.287149895562835
3.89720558882236	-0.287149895562885
3.90219560878243	-0.287149895562933
3.90718562874252	-0.28714989556298
3.91217564870259	-0.287149895563024
3.91716566866267	-0.287149895563067
3.92215568862275	-0.287149895563109
3.92714570858283	-0.287149895563148
3.93213572854291	-0.287149895563187
3.93712574850299	-0.287149895563223
3.94211576846307	-0.287149895563259
3.94710578842315	-0.287149895563293
3.95209580838323	-0.287149895563326
3.95708582834331	-0.287149895563357
3.96207584830339	-0.287149895563387
3.96706586826347	-0.287149895563417
3.97205588822355	-0.287149895563445
3.97704590818363	-0.287149895563472
3.98203592814371	-0.287149895563498
3.98702594810379	-0.287149895563523
3.99201596806387	-0.287149895563547
3.99700598802395	-0.28714989556357
4.00199600798403	-0.287149895563592
4.00698602794411	-0.287149895563614
4.01197604790419	-0.287149895563634
4.01696606786427	-0.287149895563654
4.02195608782435	-0.287149895563673
4.02694610778443	-0.287149895563692
4.03193612774451	-0.287149895563709
4.03692614770459	-0.287149895563726
4.04191616766467	-0.287149895563743
4.04690618762475	-0.287149895563758
4.05189620758483	-0.287149895563773
4.05688622754491	-0.287149895563788
4.06187624750499	-0.287149895563802
4.06686626746507	-0.287149895563815
4.07185628742515	-0.287149895563828
4.07684630738523	-0.287149895563841
4.08183632734531	-0.287149895563853
4.08682634730539	-0.287149895563865
4.09181636726547	-0.287149895563876
4.09680638722555	-0.287149895563886
4.10179640718563	-0.287149895563897
4.10678642714571	-0.287149895563907
4.11177644710579	-0.287149895563916
4.11676646706587	-0.287149895563925
4.12175648702595	-0.287149895563934
4.12674650698603	-0.287149895563943
4.13173652694611	-0.287149895563951
4.13672654690619	-0.287149895563959
4.14171656686627	-0.287149895563966
4.14670658682635	-0.287149895563974
4.15169660678643	-0.287149895563981
4.15668662674651	-0.287149895563987
4.16167664670659	-0.287149895563994
4.16666666666667	-0.287149895564
4.17165668662675	-0.287149895564006
4.17664670658683	-0.287149895564012
4.18163672654691	-0.287149895564017
4.18662674650699	-0.287149895564023
4.19161676646707	-0.287149895564028
4.19660678642715	-0.287149895564033
4.20159680638723	-0.287149895564038
4.2065868263473	-0.287149895564042
4.21157684630739	-0.287149895564047
4.21656686626747	-0.287149895564051
4.22155688622755	-0.287149895564055
4.22654690618762	-0.287149895564059
4.2315369261477	-0.287149895564063
4.23652694610778	-0.287149895564067
4.24151696606786	-0.28714989556407
4.24650698602794	-0.287149895564074
4.25149700598802	-0.287149895564077
4.2564870259481	-0.28714989556408
4.26147704590818	-0.287149895564083
4.26646706586826	-0.287149895564086
4.27145708582834	-0.287149895564089
4.27644710578842	-0.287149895564092
4.2814371257485	-0.287149895564094
4.28642714570858	-0.287149895564097
4.29141716566866	-0.287149895564099
4.29640718562874	-0.287149895564102
4.30139720558882	-0.287149895564104
4.3063872255489	-0.287149895564106
4.31137724550898	-0.287149895564108
4.31636726546906	-0.28714989556411
4.32135728542914	-0.287149895564112
4.32634730538922	-0.287149895564114
4.3313373253493	-0.287149895564116
4.33632734530938	-0.287149895564118
4.34131736526946	-0.28714989556412
4.34630738522954	-0.287149895564121
4.35129740518962	-0.287149895564123
4.3562874251497	-0.287149895564124
4.36127744510978	-0.287149895564126
4.36626746506986	-0.287149895564127
4.37125748502994	-0.287149895564129
4.37624750499002	-0.28714989556413
4.3812375249501	-0.287149895564132
4.38622754491018	-0.287149895564133
4.39121756487026	-0.287149895564134
4.39620758483034	-0.287149895564135
4.40119760479042	-0.287149895564137
4.4061876247505	-0.287149895564138
4.41117764471058	-0.287149895564139
4.41616766467066	-0.28714989556414
4.42115768463074	-0.287149895564141
4.42614770459082	-0.287149895564142
4.4311377245509	-0.287149895564143
4.43612774451098	-0.287149895564144
4.44111776447106	-0.287149895564145
4.44610778443114	-0.287149895564146
4.45109780439122	-0.287149895564147
4.4560878243513	-0.287149895564148
4.46107784431138	-0.287149895564149
4.46606786427146	-0.28714989556415
4.47105788423154	-0.287149895564151
4.47604790419162	-0.287149895564152
4.4810379241517	-0.287149895564153
4.48602794411178	-0.287149895564154
4.49101796407186	-0.287149895564154
4.49600798403194	-0.287149895564155
4.50099800399202	-0.287149895564156
4.5059880239521	-0.287149895564157
4.51097804391218	-0.287149895564158
4.51596806387226	-0.287149895564159
4.52095808383234	-0.28714989556416
4.52594810379242	-0.287149895564161
4.5309381237525	-0.287149895564161
4.53592814371257	-0.287149895564162
4.54091816367265	-0.287149895564163
4.54590818363273	-0.287149895564164
4.55089820359281	-0.287149895564165
4.55588822355289	-0.287149895564166
4.56087824351297	-0.287149895564167
4.56586826347305	-0.287149895564168
4.57085828343313	-0.287149895564169
4.57584830339321	-0.28714989556417
4.58083832335329	-0.287149895564171
4.58582834331337	-0.287149895564172
4.59081836327345	-0.287149895564173
4.59580838323353	-0.287149895564174
4.60079840319361	-0.287149895564175
4.60578842315369	-0.287149895564176
4.61077844311377	-0.287149895564177
4.61576846307385	-0.287149895564179
4.62075848303393	-0.28714989556418
4.62574850299401	-0.287149895564181
4.63073852295409	-0.287149895564182
4.63572854291417	-0.287149895564184
4.64071856287425	-0.287149895564185
4.64570858283433	-0.287149895564186
4.65069860279441	-0.287149895564188
4.65568862275449	-0.287149895564189
4.66067864271457	-0.287149895564191
4.66566866267465	-0.287149895564192
4.67065868263473	-0.287149895564194
4.67564870259481	-0.287149895564196
4.68063872255489	-0.287149895564198
4.68562874251497	-0.287149895564199
4.69061876247505	-0.287149895564201
4.69560878243513	-0.287149895564203
4.70059880239521	-0.287149895564205
4.70558882235529	-0.287149895564207
4.71057884231537	-0.287149895564209
4.71556886227545	-0.287149895564212
4.72055888223553	-0.287149895564214
4.72554890219561	-0.287149895564216
4.73053892215569	-0.287149895564219
4.73552894211577	-0.287149895564221
4.74051896207585	-0.287149895564224
4.74550898203593	-0.287149895564227
4.75049900199601	-0.28714989556423
4.75548902195609	-0.287149895564233
4.76047904191617	-0.287149895564236
4.76546906187625	-0.287149895564239
4.77045908183633	-0.287149895564242
4.77544910179641	-0.287149895564246
4.78043912175649	-0.28714989556425
4.78542914171657	-0.287149895564253
4.79041916167665	-0.287149895564257
4.79540918163673	-0.287149895564261
4.80039920159681	-0.287149895564265
4.80538922155689	-0.28714989556427
4.81037924151697	-0.287149895564274
4.81536926147705	-0.287149895564279
4.82035928143713	-0.287149895564284
4.82534930139721	-0.287149895564289
4.83033932135729	-0.287149895564294
4.83532934131737	-0.2871498955643
4.84031936127745	-0.287149895564305
4.84530938123752	-0.287149895564311
4.8502994011976	-0.287149895564317
4.85528942115768	-0.287149895564324
4.86027944111776	-0.28714989556433
4.86526946107784	-0.287149895564337
4.87025948103792	-0.287149895564344
4.875249500998	-0.287149895564352
4.88023952095808	-0.287149895564359
4.88522954091816	-0.287149895564367
4.89021956087824	-0.287149895564376
4.89520958083832	-0.287149895564384
4.9001996007984	-0.287149895564393
4.90518962075848	-0.287149895564403
4.91017964071856	-0.287149895564413
4.91516966067864	-0.287149895564423
4.92015968063872	-0.287149895564433
4.9251497005988	-0.287149895564444
4.93013972055888	-0.287149895564455
4.93512974051896	-0.287149895564467
4.94011976047904	-0.287149895564479
4.94510978043912	-0.287149895564492
4.9500998003992	-0.287149895564505
4.95508982035928	-0.287149895564519
4.96007984031936	-0.287149895564533
4.96506986027944	-0.287149895564548
4.97005988023952	-0.287149895564563
4.9750499001996	-0.287149895564579
4.98003992015968	-0.287149895564596
4.98502994011976	-0.287149895564613
4.99001996007984	-0.287149895564631
4.99500998003992	-0.28714989556465
5	-0.28714989556467
